SDA-1.0	199	161	89	51	0	2.989490304054E9
SDA-2.0	202	162	88	48	0	2.989490306436E9
SDA-4.0	202	162	88	48	0	2.989490309026E9
SDA-8.0	202	164	86	48	0	2.989490312016E9
SDA-16.0	203	166	84	47	0	2.989490314534E9
SDA-32.0	203	167	83	47	0	2.98949031686E9
SDA-64.0	203	168	82	47	0	2.989490319226E9
SDA-128.0	203	168	82	47	0	2.989490321644E9
SDA-256.0	203	168	82	47	0	2.989490323864E9
SDA-512.0	203	168	82	47	0	2.98949032629E9
SDA-1024.0	203	168	82	47	0	2.989490328732E9
\TheName{}-1.0	77	100	150	173	0	2.989490331148E9
\TheName{}-2.0	87	111	139	163	0	2.989490333714E9
\TheName{}-4.0	147	158	92	103	0	2.989490336226E9
\TheName{}-8.0	200	171	79	50	0	2.98949033888E9
\TheName{}-16.0	204	173	77	46	0	2.989490342178E9
\TheName{}-32.0	205	169	81	45	0	2.989490345736E9
\TheName{}-64.0	204	169	81	46	0	2.989490348532E9
\TheName{}-128.0	204	169	81	46	0	2.98949035351E9
\TheName{}-256.0	203	168	82	47	0	2.989490359196E9
\TheName{}-512.0	203	168	82	47	0	2.989490362622E9
\TheName{}-1024.0	203	168	82	47	0	2.989490366322E9
LDA	160	156	94	90	0	2.989490366594E9
Optimal	209	212	38	41	0	2.989490367002E9
SDA-1.0	188	169	81	62	0	2.989490370874E9
SDA-2.0	194	174	76	56	0	2.989490374396E9
SDA-4.0	192	175	75	58	0	2.989490377584E9
SDA-8.0	192	176	74	58	0	2.989490380834E9
SDA-16.0	192	176	74	58	0	2.989490384046E9
SDA-32.0	191	176	74	59	0	2.989490387914E9
SDA-64.0	192	176	74	58	0	2.989490391386E9
SDA-128.0	192	176	74	58	0	2.989490394554E9
SDA-256.0	193	176	74	57	0	2.989490398032E9
SDA-512.0	193	176	74	57	0	2.989490401426E9
SDA-1024.0	193	176	74	57	0	2.989490404334E9
\TheName{}-1.0	84	82	168	166	0	2.989490408106E9
\TheName{}-2.0	96	88	162	154	0	2.989490412192E9
\TheName{}-4.0	153	124	126	97	0	2.989490417454E9
\TheName{}-8.0	186	173	77	64	0	2.989490420762E9
\TheName{}-16.0	191	174	76	59	0	2.989490423888E9
\TheName{}-32.0	193	175	75	57	0	2.989490427414E9
\TheName{}-64.0	193	176	74	57	0	2.989490431142E9
\TheName{}-128.0	193	177	73	57	0	2.989490434462E9
\TheName{}-256.0	192	177	73	58	0	2.98949043768E9
\TheName{}-512.0	192	176	74	58	0	2.989490441556E9
\TheName{}-1024.0	192	176	74	58	0	2.989490445276E9
LDA	165	155	95	85	0	2.989490445528E9
Optimal	209	212	38	41	0	2.989490445868E9
SDA-1.0	175	188	62	75	0	2.98949044907E9
SDA-2.0	174	185	65	76	0	2.989490452366E9
SDA-4.0	174	188	62	76	0	2.989490455794E9
SDA-8.0	173	188	62	77	0	2.989490458932E9
SDA-16.0	173	188	62	77	0	2.98949046215E9
SDA-32.0	173	188	62	77	0	2.989490465618E9
SDA-64.0	173	188	62	77	0	2.989490469056E9
SDA-128.0	173	188	62	77	0	2.989490472518E9
SDA-256.0	174	188	62	76	0	2.989490475936E9
SDA-512.0	174	188	62	76	0	2.989490478712E9
SDA-1024.0	174	188	62	76	0	2.989490482996E9
\TheName{}-1.0	91	84	166	159	0	2.989490486234E9
\TheName{}-2.0	106	106	144	144	0	2.989490489662E9
\TheName{}-4.0	161	176	74	89	0	2.989490493408E9
\TheName{}-8.0	170	192	58	80	0	2.989490496926E9
\TheName{}-16.0	177	190	60	73	0	2.989490500566E9
\TheName{}-32.0	175	190	60	75	0	2.989490504926E9
\TheName{}-64.0	175	189	61	75	0	2.989490508556E9
\TheName{}-128.0	175	188	62	75	0	2.989490511892E9
\TheName{}-256.0	175	188	62	75	0	2.989490515436E9
\TheName{}-512.0	175	188	62	75	0	2.98949051887E9
\TheName{}-1024.0	175	188	62	75	0	2.989490522818E9
LDA	182	170	80	68	0	2.98949052333E9
Optimal	209	212	38	41	0	2.98949052381E9
SDA-1.0	190	145	105	60	0	2.989490527162E9
SDA-2.0	193	155	95	57	0	2.989490530804E9
SDA-4.0	194	156	94	56	0	2.989490534246E9
SDA-8.0	195	156	94	55	0	2.989490537592E9
SDA-16.0	196	157	93	54	0	2.989490540886E9
SDA-32.0	197	157	93	53	0	2.989490543914E9
SDA-64.0	197	158	92	53	0	2.98949054718E9
SDA-128.0	197	158	92	53	0	2.9894905512E9
SDA-256.0	197	158	92	53	0	2.989490554382E9
SDA-512.0	197	158	92	53	0	2.989490557546E9
SDA-1024.0	197	159	91	53	0	2.98949056124E9
\TheName{}-1.0	76	115	135	174	0	2.98949056481E9
\TheName{}-2.0	66	109	141	184	0	2.989490568488E9
\TheName{}-4.0	115	124	126	135	0	2.989490572584E9
\TheName{}-8.0	190	158	92	60	0	2.989490576284E9
\TheName{}-16.0	195	160	90	55	0	2.989490580136E9
\TheName{}-32.0	197	160	90	53	0	2.98949058345E9
\TheName{}-64.0	197	160	90	53	0	2.989490587056E9
\TheName{}-128.0	197	160	90	53	0	2.989490590496E9
\TheName{}-256.0	197	160	90	53	0	2.98949059447E9
\TheName{}-512.0	197	160	90	53	0	2.989490597604E9
\TheName{}-1024.0	197	159	91	53	0	2.98949060066E9
LDA	154	162	88	96	0	2.989490600894E9
Optimal	209	212	38	41	0	2.98949060127E9
SDA-1.0	164	156	94	86	0	2.989490603984E9
SDA-2.0	165	157	93	85	0	2.989490606896E9
SDA-4.0	167	159	91	83	0	2.989490609602E9
SDA-8.0	168	159	91	82	0	2.989490612558E9
SDA-16.0	169	159	91	81	0	2.989490615198E9
SDA-32.0	170	159	91	80	0	2.989490618488E9
SDA-64.0	170	159	91	80	0	2.989490621328E9
SDA-128.0	170	159	91	80	0	2.989490624014E9
SDA-256.0	170	159	91	80	0	2.989490626538E9
SDA-512.0	170	159	91	80	0	2.989490629402E9
SDA-1024.0	170	159	91	80	0	2.989490632112E9
\TheName{}-1.0	93	112	138	157	0	2.989490634752E9
\TheName{}-2.0	100	126	124	150	0	2.989490637528E9
\TheName{}-4.0	167	165	85	83	0	2.989490640796E9
\TheName{}-8.0	172	170	80	78	0	2.989490643628E9
\TheName{}-16.0	169	163	87	81	0	2.98949064664E9
\TheName{}-32.0	168	163	87	82	0	2.989490649474E9
\TheName{}-64.0	167	161	89	83	0	2.989490652178E9
\TheName{}-128.0	168	160	90	82	0	2.989490655178E9
\TheName{}-256.0	169	159	91	81	0	2.989490658032E9
\TheName{}-512.0	170	159	91	80	0	2.989490660984E9
\TheName{}-1024.0	170	159	91	80	0	2.989490663744E9
LDA	175	131	119	75	0	2.989490663988E9
Optimal	209	212	38	41	0	2.989490664238E9
SDA-1.0	162	165	85	88	0	2.989490666862E9
SDA-2.0	165	167	83	85	0	2.989490669538E9
SDA-4.0	166	168	82	84	0	2.989490673272E9
SDA-8.0	166	169	81	84	0	2.989490676142E9
SDA-16.0	167	169	81	83	0	2.989490678786E9
SDA-32.0	168	169	81	82	0	2.989490681622E9
SDA-64.0	168	169	81	82	0	2.98949068446E9
SDA-128.0	168	169	81	82	0	2.9894906872E9
SDA-256.0	168	169	81	82	0	2.989490690184E9
SDA-512.0	168	169	81	82	0	2.98949069324E9
SDA-1024.0	168	169	81	82	0	2.989490695816E9
\TheName{}-1.0	89	104	146	161	0	2.989490698826E9
\TheName{}-2.0	85	103	147	165	0	2.989490701862E9
\TheName{}-4.0	93	134	116	157	0	2.989490704778E9
\TheName{}-8.0	155	167	83	95	0	2.98949070794E9
\TheName{}-16.0	163	169	81	87	0	2.98949071093E9
\TheName{}-32.0	167	168	82	83	0	2.989490713834E9
\TheName{}-64.0	166	169	81	84	0	2.989490716808E9
\TheName{}-128.0	168	169	81	82	0	2.989490719722E9
\TheName{}-256.0	168	169	81	82	0	2.989490722834E9
\TheName{}-512.0	168	169	81	82	0	2.989490725828E9
\TheName{}-1024.0	168	169	81	82	0	2.989490729384E9
LDA	144	153	97	106	0	2.989490729676E9
Optimal	209	212	38	41	0	2.989490730154E9
