LDA	148	136	64	52	642	0.2275
SDA-0.5	152	177	23	48	1615	0.1875
SDA-1.0	149	175	25	51	1608	0.1725
SDA-1.5	149	175	25	51	1548	0.1775
SDA-2.0	149	174	26	51	1522	0.2075
SDA-2.5	148	174	26	52	1637	0.1775
SDA-3.0	147	174	26	53	1601	0.1975
\TheName{}-0.5	181	175	25	19	1664	0.185
\TheName{}-1.0	158	176	24	42	1669	0.1675
\TheName{}-1.5	154	176	24	46	1710	0.1975
\TheName{}-2.0	152	176	24	48	1751	0.1725
\TheName{}-2.5	151	176	24	49	1618	0.18
\TheName{}-3.0	149	175	25	51	1627	0.18
SVM	178	174	26	22	19	0.005
LR	0	200	0	200	1	0.0075
Ye-LDA	168	170	30	32	317	0.005
DTree-10	188	59	141	12	4	0.005
DTree-20	111	172	28	89	8	0.005
RFC-50	117	178	22	83	112	0.02
RFC-100	113	179	21	87	282	0.0525
NLSVM-0.1	199	27	173	1	30	0.1575
NLSVM-1.0	180	109	91	20	19	0.125
NLSVM-10	141	180	20	59	18	0.1525
LDA	154	161	39	46	490	0.19
SDA-0.5	158	172	28	42	1611	0.275
SDA-1.0	159	172	28	41	1916	0.235
SDA-1.5	161	172	28	39	1645	0.23
SDA-2.0	161	172	28	39	1683	0.1975
SDA-2.5	161	172	28	39	1637	0.185
SDA-3.0	161	172	28	39	1694	0.175
\TheName{}-0.5	185	159	41	15	1900	0.1825
\TheName{}-1.0	179	180	20	21	1553	0.175
\TheName{}-1.5	167	178	22	33	1630	0.18
\TheName{}-2.0	165	175	25	35	1593	0.19
\TheName{}-2.5	165	174	26	35	1699	0.2
\TheName{}-3.0	165	173	27	35	1702	0.1825
SVM	191	181	19	9	27	0.005
LR	0	200	0	200	1	0.005
Ye-LDA	159	175	25	41	303	0.015
DTree-10	187	73	127	13	4	0.0025
DTree-20	105	176	24	95	9	0.005
RFC-50	128	181	19	72	153	0.0575
RFC-100	123	182	18	77	127	0.08
NLSVM-0.1	197	28	172	3	30	0.1725
NLSVM-1.0	169	133	67	31	20	0.1525
NLSVM-10	186	174	26	14	20	0.13
LDA	135	165	35	65	502	0.175
SDA-0.5	104	185	15	96	1586	0.18
SDA-1.0	104	184	16	96	1639	0.2
SDA-1.5	103	184	16	97	1592	0.1775
SDA-2.0	103	184	16	97	1592	0.1825
SDA-2.5	103	184	16	97	1598	0.1975
SDA-3.0	103	184	16	97	1610	0.235
\TheName{}-0.5	131	71	129	69	1742	0.2
\TheName{}-1.0	147	190	10	53	1670	0.205
\TheName{}-1.5	121	189	11	79	1700	0.2075
\TheName{}-2.0	113	187	13	87	1684	0.215
\TheName{}-2.5	109	187	13	91	1615	0.2125
\TheName{}-3.0	109	187	13	91	1713	0.2175
SVM	157	169	31	43	18	0.0125
LR	0	200	0	200	1	0.005
Ye-LDA	120	184	16	80	306	0.0075
DTree-10	95	176	24	105	7	0.0025
DTree-20	92	178	22	108	7	0.0025
RFC-50	112	183	17	88	114	0.0325
RFC-100	112	180	20	88	282	0.05
NLSVM-0.1	199	29	171	1	27	0.175
NLSVM-1.0	188	83	117	12	21	0.125
NLSVM-10	92	196	4	108	18	0.1175
LDA	143	151	49	57	454	0.3425
SDA-0.5	123	176	24	77	1663	0.1825
SDA-1.0	122	176	24	78	1533	0.18
SDA-1.5	122	175	25	78	1564	0.1975
SDA-2.0	122	175	25	78	1564	0.2125
SDA-2.5	122	175	25	78	1666	0.21
SDA-3.0	122	175	25	78	1633	0.195
\TheName{}-0.5	183	171	29	17	1649	0.1875
\TheName{}-1.0	138	175	25	62	1737	0.2225
\TheName{}-1.5	128	175	25	72	1729	0.1825
\TheName{}-2.0	124	174	26	76	1819	0.1775
\TheName{}-2.5	124	174	26	76	1893	0.195
\TheName{}-3.0	124	174	26	76	1860	0.1825
SVM	174	165	35	26	61	0.005
LR	0	200	0	200	1	0.0025
Ye-LDA	167	176	24	33	334	0.005
DTree-10	56	179	21	144	8	0.005
DTree-20	114	165	35	86	6	0.005
RFC-50	110	179	21	90	117	0.0575
RFC-100	114	175	25	86	339	0.09
NLSVM-0.1	200	28	172	0	28	0.1825
NLSVM-1.0	196	83	117	4	23	0.1375
NLSVM-10	92	189	11	108	20	0.14
LDA	152	165	35	48	644	0.22
SDA-0.5	171	174	26	29	1559	0.2425
SDA-1.0	171	174	26	29	1711	0.2075
SDA-1.5	171	174	26	29	1546	0.205
SDA-2.0	171	174	26	29	1617	0.1825
SDA-2.5	170	173	27	30	1624	0.2125
SDA-3.0	170	173	27	30	1598	0.1825
\TheName{}-0.5	180	176	24	20	1660	0.2125
\TheName{}-1.0	173	174	26	27	1619	0.215
\TheName{}-1.5	173	174	26	27	1587	0.2175
\TheName{}-2.0	171	174	26	29	2152	0.185
\TheName{}-2.5	171	173	27	29	1992	0.1775
\TheName{}-3.0	170	173	27	30	1613	0.19
SVM	182	177	23	18	25	0.0075
LR	0	200	0	200	1	0.005
Ye-LDA	169	173	27	31	312	0.0075
DTree-10	45	193	7	155	3	0.005
DTree-20	99	171	29	101	13	0.075
RFC-50	130	173	27	70	174	0.035
RFC-100	123	178	22	77	247	0.06
NLSVM-0.1	199	27	173	1	33	0.18
NLSVM-1.0	188	113	87	12	19	0.135
NLSVM-10	198	130	70	2	19	0.14
LDA	153	150	50	47	505	0.2025
SDA-0.5	132	169	31	68	1588	0.2075
SDA-1.0	131	169	31	69	1610	0.1875
SDA-1.5	131	169	31	69	1661	0.215
SDA-2.0	130	169	31	70	1703	0.1825
SDA-2.5	130	169	31	70	1591	0.1925
SDA-3.0	129	169	31	71	1608	0.1825
\TheName{}-0.5	179	178	22	21	1698	0.1875
\TheName{}-1.0	151	172	28	49	1693	0.22
\TheName{}-1.5	141	172	28	59	1685	0.1825
\TheName{}-2.0	140	172	28	60	1690	0.18
\TheName{}-2.5	136	171	29	64	1647	0.19
\TheName{}-3.0	134	171	29	66	1627	0.185
SVM	169	181	19	31	25	0.005
LR	0	200	0	200	1	0.005
Ye-LDA	156	179	21	44	311	0.0075
DTree-10	29	192	8	171	4	0.005
DTree-20	78	176	24	122	9	0.005
RFC-50	126	167	33	74	118	0.0325
RFC-100	120	173	27	80	89	0.0825
NLSVM-0.1	198	30	170	2	34	0.305
NLSVM-1.0	184	88	112	16	28	0.135
NLSVM-10	148	173	27	52	25	0.12
LDA	151	140	60	49	500	0.205
SDA-0.5	140	169	31	60	1886	0.21
SDA-1.0	138	169	31	62	1711	0.2
SDA-1.5	138	169	31	62	1844	0.1975
SDA-2.0	138	169	31	62	1788	0.1925
SDA-2.5	138	169	31	62	1673	0.2725
SDA-3.0	138	169	31	62	2003	0.205
\TheName{}-0.5	186	163	37	14	2069	0.195
\TheName{}-1.0	160	175	25	40	1922	0.305
\TheName{}-1.5	147	172	28	53	1549	0.1675
\TheName{}-2.0	145	171	29	55	1772	0.205
\TheName{}-2.5	143	169	31	57	2308	0.175
\TheName{}-3.0	142	169	31	58	1629	0.19
SVM	186	162	38	14	24	0.0075
LR	0	200	0	200	1	0.005
Ye-LDA	156	176	24	44	279	0.005
DTree-10	83	177	23	117	4	0.0075
DTree-20	99	177	23	101	6	0.005
RFC-50	130	170	30	70	99	0.02
RFC-100	131	167	33	69	224	0.045
NLSVM-0.1	198	26	174	2	23	0.1525
NLSVM-1.0	194	75	125	6	18	0.12
NLSVM-10	200	44	156	0	16	0.105
LDA	153	142	58	47	466	0.185
SDA-0.5	152	171	29	48	1467	0.1775
SDA-1.0	150	170	30	50	1557	0.18
SDA-1.5	150	169	31	50	1539	0.1725
SDA-2.0	150	169	31	50	1476	0.1725
SDA-2.5	150	169	31	50	1448	0.215
SDA-3.0	150	169	31	50	1422	0.1825
\TheName{}-0.5	178	122	78	22	1654	0.175
\TheName{}-1.0	182	167	33	18	1627	0.215
\TheName{}-1.5	171	173	27	29	1625	0.18
\TheName{}-2.0	167	172	28	33	1485	0.2225
\TheName{}-2.5	164	170	30	36	1722	0.1725
\TheName{}-3.0	163	170	30	37	1667	0.1775
SVM	180	165	35	20	34	0.01
LR	200	0	200	0	3	0.005
Ye-LDA	179	144	56	21	294	0.0075
DTree-10	71	182	18	129	5	0.01
DTree-20	99	175	25	101	8	0.005
RFC-50	121	178	22	79	38	0.0275
RFC-100	128	180	20	72	231	0.0575
NLSVM-0.1	200	29	171	0	26	0.1975
NLSVM-1.0	198	84	116	2	24	0.2775
NLSVM-10	173	174	26	27	18	0.175
LDA	145	156	44	55	546	0.2325
SDA-0.5	121	178	22	79	1429	0.18
SDA-1.0	120	178	22	80	1586	0.165
SDA-1.5	119	177	23	81	1414	0.1725
SDA-2.0	118	177	23	82	1403	0.1675
SDA-2.5	118	177	23	82	1428	0.1725
SDA-3.0	117	177	23	83	1434	0.1725
\TheName{}-0.5	161	152	48	39	1652	0.1975
\TheName{}-1.0	149	178	22	51	1891	0.175
\TheName{}-1.5	137	177	23	63	1518	0.1825
\TheName{}-2.0	130	177	23	70	1505	0.185
\TheName{}-2.5	127	177	23	73	1581	0.1875
\TheName{}-3.0	125	177	23	75	1476	0.17
SVM	163	175	25	37	23	0.0025
LR	0	200	0	200	0	0.005
Ye-LDA	139	175	25	61	263	0.005
DTree-10	77	158	42	123	4	0.0025
DTree-20	111	157	43	89	7	0.005
RFC-50	108	180	20	92	96	0.0175
RFC-100	112	183	17	88	225	0.0475
NLSVM-0.1	1	200	0	199	22	0.1475
NLSVM-1.0	196	93	107	4	18	0.1125
NLSVM-10	111	188	12	89	16	0.1075
LDA	156	152	48	44	451	0.18
SDA-0.5	147	174	26	53	1412	0.1675
SDA-1.0	145	172	28	55	1445	0.1675
SDA-1.5	145	172	28	55	1415	0.18
SDA-2.0	144	172	28	56	1396	0.18
SDA-2.5	142	172	28	58	1472	0.17
SDA-3.0	142	172	28	58	1475	0.17
\TheName{}-0.5	173	179	21	27	1505	0.1675
\TheName{}-1.0	161	175	25	39	1515	0.17
\TheName{}-1.5	155	173	27	45	1498	0.1775
\TheName{}-2.0	153	173	27	47	1505	0.1925
\TheName{}-2.5	150	173	27	50	1564	0.17
\TheName{}-3.0	148	173	27	52	1465	0.1725
SVM	181	177	23	19	22	0.005
LR	0	200	0	200	1	0.005
Ye-LDA	144	173	27	56	269	0.005
DTree-10	81	173	27	119	5	0.0025
DTree-20	104	169	31	96	7	0.0025
RFC-50	128	170	30	72	95	0.015
RFC-100	126	170	30	74	229	0.0425
NLSVM-0.1	112	183	17	88	25	0.145
NLSVM-1.0	182	90	110	18	18	0.115
NLSVM-10	128	181	19	72	17	0.11
LDA	146	151	49	54	454	0.1875
SDA-0.5	149	175	25	51	1532	0.18
SDA-1.0	148	175	25	52	1589	0.1775
SDA-1.5	148	175	25	52	1716	0.18
SDA-2.0	147	175	25	53	1555	0.1725
SDA-2.5	147	175	25	53	1566	0.1875
SDA-3.0	147	175	25	53	1419	0.17
\TheName{}-0.5	182	165	35	18	1466	0.17
\TheName{}-1.0	170	177	23	30	1499	0.1925
\TheName{}-1.5	158	177	23	42	1653	0.175
\TheName{}-2.0	157	177	23	43	1678	0.17
\TheName{}-2.5	153	176	24	47	1738	0.19
\TheName{}-3.0	153	176	24	47	1615	0.185
SVM	182	173	27	18	25	0.005
LR	0	200	0	200	1	0.005
Ye-LDA	167	178	22	33	264	0.0025
DTree-10	51	192	8	149	4	0.0025
DTree-20	106	183	17	94	8	0.0025
RFC-50	116	177	23	84	26	0.015
RFC-100	122	176	24	78	190	0.08
NLSVM-0.1	198	32	168	2	22	0.145
NLSVM-1.0	194	79	121	6	18	0.115
NLSVM-10	149	184	16	51	20	0.0975
LDA	145	155	45	55	436	0.1675
SDA-0.5	132	172	28	68	1573	0.17
SDA-1.0	130	172	28	70	1582	0.2
SDA-1.5	130	172	28	70	1606	0.2
SDA-2.0	129	171	29	71	1547	0.1675
SDA-2.5	128	171	29	72	1936	0.17
SDA-3.0	128	171	29	72	1490	0.2775
\TheName{}-0.5	166	138	62	34	2012	0.2575
\TheName{}-1.0	157	178	22	43	1679	0.1775
\TheName{}-1.5	146	174	26	54	1624	0.3175
\TheName{}-2.0	141	172	28	59	2151	0.165
\TheName{}-2.5	136	172	28	64	2036	0.175
\TheName{}-3.0	136	172	28	64	1884	0.1725
SVM	184	170	30	16	20	0.005
LR	0	200	0	200	1	0.005
Ye-LDA	146	172	28	54	287	0.01
DTree-10	100	159	41	100	4	0.005
DTree-20	110	152	48	90	8	0.005
RFC-50	131	162	38	69	90	0.015
RFC-100	123	166	34	77	193	0.0425
NLSVM-0.1	200	30	170	0	37	0.15
NLSVM-1.0	198	75	125	2	26	0.13
NLSVM-10	104	187	13	96	16	0.1
LDA	153	164	36	47	445	0.1775
SDA-0.5	116	170	30	84	1653	0.195
SDA-1.0	112	168	32	88	1705	0.2275
SDA-1.5	112	168	32	88	1484	0.195
SDA-2.0	112	168	32	88	2154	0.2675
SDA-2.5	112	168	32	88	1495	0.1675
SDA-3.0	112	168	32	88	1474	0.1675
\TheName{}-0.5	173	172	28	27	1807	0.1825
\TheName{}-1.0	139	172	28	61	1958	0.18
\TheName{}-1.5	129	170	30	71	1930	0.165
\TheName{}-2.0	123	170	30	77	1688	0.185
\TheName{}-2.5	122	170	30	78	1870	0.18
\TheName{}-3.0	119	170	30	81	1636	0.185
SVM	166	175	25	34	34	0.0025
LR	200	0	200	0	2	0.0025
Ye-LDA	163	163	37	37	280	0.005
DTree-10	34	183	17	166	4	0.0025
DTree-20	88	164	36	112	7	0.005
RFC-50	119	162	38	81	84	0.015
RFC-100	123	168	32	77	191	0.065
NLSVM-0.1	198	40	160	2	24	0.145
NLSVM-1.0	181	92	108	19	21	0.1075
NLSVM-10	111	177	23	89	15	0.095
LDA	130	153	47	70	569	0.17
SDA-0.5	159	182	18	41	1891	0.305
SDA-1.0	158	179	21	42	1959	0.165
SDA-1.5	158	179	21	42	1488	0.165
SDA-2.0	158	179	21	42	1572	0.17
SDA-2.5	157	179	21	43	1721	0.18
SDA-3.0	157	179	21	43	1571	0.275
\TheName{}-0.5	181	178	22	19	1653	0.21
\TheName{}-1.0	168	181	19	32	1710	0.235
\TheName{}-1.5	163	180	20	37	1545	0.3125
\TheName{}-2.0	162	180	20	38	1595	0.1675
\TheName{}-2.5	161	180	20	39	2258	0.175
\TheName{}-3.0	161	180	20	39	1551	0.17
SVM	173	177	23	27	26	0.005
LR	0	200	0	200	1	0.0025
Ye-LDA	163	174	26	37	276	0.005
DTree-10	92	177	23	108	4	0.0025
DTree-20	125	168	32	75	8	0.0025
RFC-50	125	178	22	75	217	0.0775
RFC-100	121	186	14	79	258	0.0425
NLSVM-0.1	199	40	160	1	23	0.18
NLSVM-1.0	194	82	118	6	18	0.115
NLSVM-10	112	195	5	88	16	0.1075
LDA	168	163	37	32	446	0.1775
SDA-0.5	160	172	28	40	1795	0.2525
SDA-1.0	158	172	28	42	1893	0.2275
SDA-1.5	156	172	28	44	1841	0.1875
SDA-2.0	156	171	29	44	1464	0.1725
SDA-2.5	156	171	29	44	1469	0.19
SDA-3.0	156	171	29	44	1545	0.215
\TheName{}-0.5	186	168	32	14	2050	0.1825
\TheName{}-1.0	171	173	27	29	1597	0.1775
\TheName{}-1.5	170	171	29	30	1664	0.185
\TheName{}-2.0	165	171	29	35	1533	0.1775
\TheName{}-2.5	165	171	29	35	1540	0.2
\TheName{}-3.0	164	171	29	36	1553	0.175
SVM	184	175	25	16	23	0.005
LR	0	200	0	200	1	0.005
Ye-LDA	175	172	28	25	285	0.005
DTree-10	62	187	13	138	5	0.0075
DTree-20	73	181	19	127	6	0.005
RFC-50	129	168	32	71	98	0.0275
RFC-100	125	173	27	75	225	0.045
NLSVM-0.1	3	200	0	197	26	0.145
NLSVM-1.0	192	110	90	8	21	0.115
NLSVM-10	129	188	12	71	17	0.1
LDA	146	145	55	54	530	0.27
SDA-0.5	130	178	22	70	1732	0.1975
SDA-1.0	129	177	23	71	1488	0.1675
SDA-1.5	127	178	22	73	1395	0.1875
SDA-2.0	127	178	22	73	1398	0.21
SDA-2.5	127	178	22	73	1607	0.2325
SDA-3.0	128	178	22	72	1726	0.1775
\TheName{}-0.5	179	142	58	21	1474	0.17
\TheName{}-1.0	163	180	20	37	1507	0.1875
\TheName{}-1.5	147	180	20	53	1519	0.17
\TheName{}-2.0	140	180	20	60	1656	0.18
\TheName{}-2.5	136	179	21	64	1602	0.17
\TheName{}-3.0	135	180	20	65	1586	0.18
SVM	177	165	35	23	21	0.0025
LR	0	200	0	200	1	0.005
Ye-LDA	159	168	32	41	282	0.005
DTree-10	35	194	6	165	4	0.0075
DTree-20	77	185	15	123	7	0.005
RFC-50	102	183	17	98	101	0.0225
RFC-100	102	181	19	98	197	0.0525
NLSVM-0.1	198	30	170	2	21	0.165
NLSVM-1.0	195	63	137	5	17	0.11
NLSVM-10	89	195	5	111	20	0.1
LDA	152	141	59	48	447	0.165
SDA-0.5	134	169	31	66	1521	0.1775
SDA-1.0	132	168	32	68	1524	0.18
SDA-1.5	132	166	34	68	1421	0.175
SDA-2.0	130	166	34	70	1417	0.21
SDA-2.5	130	166	34	70	1663	0.1675
SDA-3.0	130	166	34	70	1656	0.17
\TheName{}-0.5	185	164	36	15	1530	0.175
\TheName{}-1.0	151	170	30	49	1523	0.175
\TheName{}-1.5	147	172	28	53	1514	0.1675
\TheName{}-2.0	138	170	30	62	1514	0.1825
\TheName{}-2.5	138	168	32	62	1584	0.1675
\TheName{}-3.0	137	167	33	63	1831	0.2625
SVM	180	169	31	20	36	0.02
LR	0	200	0	200	1	0.005
Ye-LDA	159	169	31	41	371	0.04
DTree-10	54	194	6	146	28	0.0525
DTree-20	100	174	26	100	9	0.005
RFC-50	141	170	30	59	138	0.0275
RFC-100	150	168	32	50	65	0.05
NLSVM-0.1	199	38	162	1	23	0.16
NLSVM-1.0	187	91	109	13	19	0.1175
NLSVM-10	80	197	3	120	37	0.135
LDA	152	146	54	48	550	0.3325
SDA-0.5	122	172	28	78	1586	0.1825
SDA-1.0	120	171	29	80	1658	0.175
SDA-1.5	119	170	30	81	1800	0.17
SDA-2.0	119	170	30	81	1435	0.165
SDA-2.5	119	170	30	81	1875	0.165
SDA-3.0	118	170	30	82	1570	0.165
\TheName{}-0.5	135	63	137	65	1511	0.1725
\TheName{}-1.0	190	136	64	10	1968	0.1675
\TheName{}-1.5	164	167	33	36	1841	0.185
\TheName{}-2.0	146	171	29	54	1540	0.1825
\TheName{}-2.5	139	172	28	61	1502	0.175
\TheName{}-3.0	137	172	28	63	1497	0.17
SVM	189	162	38	11	26	0.0075
LR	0	200	0	200	2	0.0025
Ye-LDA	163	162	38	37	261	0.0025
DTree-10	37	179	21	163	4	0.0025
DTree-20	29	188	12	171	6	0.005
RFC-50	130	179	21	70	26	0.02
RFC-100	140	171	29	60	193	0.1375
NLSVM-0.1	200	35	165	0	21	0.135
NLSVM-1.0	198	82	118	2	17	0.105
NLSVM-10	146	180	20	54	16	0.0925
LDA	140	154	46	60	433	0.1625
SDA-0.5	133	174	26	67	1382	0.1825
SDA-1.0	133	174	26	67	1395	0.165
SDA-1.5	133	174	26	67	1401	0.18
SDA-2.0	133	174	26	67	1386	0.205
SDA-2.5	133	174	26	67	1375	0.175
SDA-3.0	133	174	26	67	1617	0.23
\TheName{}-0.5	183	152	48	17	1592	0.18
\TheName{}-1.0	143	176	24	57	1681	0.1675
\TheName{}-1.5	137	178	22	63	1701	0.1875
\TheName{}-2.0	136	177	23	64	1627	0.2275
\TheName{}-2.5	135	176	24	65	1651	0.1725
\TheName{}-3.0	134	176	24	66	1720	0.2075
SVM	175	167	33	25	31	0.0025
LR	0	200	0	200	2	0.005
Ye-LDA	158	170	30	42	296	0.0075
DTree-10	69	186	14	131	4	0.005
DTree-20	99	168	32	101	12	0.0025
RFC-50	115	171	29	85	103	0.0175
RFC-100	114	170	30	86	242	0.105
NLSVM-0.1	200	34	166	0	21	0.1775
NLSVM-1.0	194	92	108	6	17	0.14
NLSVM-10	190	144	56	10	17	0.1
LDA	147	158	42	53	473	0.18
SDA-0.5	145	169	31	55	1681	0.165
SDA-1.0	143	169	31	57	1621	0.2125
SDA-1.5	142	169	31	58	1718	0.175
SDA-2.0	142	169	31	58	1553	0.2575
SDA-2.5	142	168	32	58	1824	0.1775
SDA-3.0	143	168	32	57	1592	0.1625
\TheName{}-0.5	186	149	51	14	1921	0.1825
\TheName{}-1.0	168	165	35	32	1814	0.215
\TheName{}-1.5	159	169	31	41	1848	0.3275
\TheName{}-2.0	156	169	31	44	2054	0.1675
\TheName{}-2.5	154	169	31	46	2071	0.18
\TheName{}-3.0	154	169	31	46	2296	0.1625
SVM	172	160	40	28	34	0.0075
LR	0	200	0	200	3	0.005
Ye-LDA	159	168	32	41	325	0.005
DTree-10	47	185	15	153	5	0.005
DTree-20	123	160	40	77	6	0.005
RFC-50	133	169	31	67	99	0.0175
RFC-100	123	176	24	77	263	0.0225
NLSVM-0.1	200	24	176	0	24	0.1875
NLSVM-1.0	189	77	123	11	25	0.245
NLSVM-10	187	152	48	13	17	0.1275
