LDA	135	149	51	65	399	0.1825
SDA-0.5	115	170	30	85	1573	0.18
SDA-1.0	115	169	31	85	1544	0.17
SDA-1.5	115	169	31	85	1551	0.1975
SDA-2.0	115	168	32	85	1511	0.1675
SDA-2.5	115	168	32	85	1487	0.1825
SDA-3.0	114	168	32	86	1502	0.165
\TheName{}-0.5	176	173	27	24	1640	0.185
\TheName{}-1.0	129	177	23	71	1617	0.175
\TheName{}-1.5	124	173	27	76	1564	0.175
\TheName{}-2.0	119	170	30	81	1620	0.185
\TheName{}-2.5	117	170	30	83	1634	0.1725
\TheName{}-3.0	116	170	30	84	1675	0.17
SVM	178	167	33	22	19	0.0025
LR	0	200	0	200	1	0.005
Ye-LDA	132	176	24	68	215	0.0075
DTree-10	49	192	8	151	4	0.01
DTree-20	83	170	30	117	5	0.0075
RFC-50	118	169	31	82	106	0.03
RFC-100	115	169	31	85	198	0.0625
NLSVM-0.1	200	28	172	0	19	0.1475
NLSVM-1.0	165	102	98	35	15	0.145
NLSVM-10	94	182	18	106	15	0.1
LDA	138	138	62	62	402	0.195
SDA-0.5	138	182	18	62	1564	0.175
SDA-1.0	138	181	19	62	1565	0.1675
SDA-1.5	137	181	19	63	1611	0.175
SDA-2.0	134	181	19	66	1497	0.165
SDA-2.5	134	181	19	66	1469	0.1775
SDA-3.0	134	181	19	66	1486	0.1725
\TheName{}-0.5	172	129	71	28	1579	0.185
\TheName{}-1.0	161	181	19	39	1566	0.1825
\TheName{}-1.5	150	181	19	50	1577	0.1775
\TheName{}-2.0	147	182	18	53	1607	0.1825
\TheName{}-2.5	146	180	20	54	1532	0.1775
\TheName{}-3.0	143	180	20	57	1563	0.1775
SVM	185	176	24	15	25	0.005
LR	0	200	0	200	1	0.005
Ye-LDA	162	177	23	38	211	0.005
DTree-10	44	186	14	156	4	0.005
DTree-20	86	177	23	114	5	0.0075
RFC-50	125	181	19	75	96	0.02
RFC-100	126	182	18	74	208	0.025
NLSVM-0.1	199	38	162	1	21	0.1325
NLSVM-1.0	184	110	90	16	14	0.0975
NLSVM-10	181	159	41	19	13	0.0975
LDA	160	158	42	40	406	0.1925
SDA-0.5	127	183	17	73	1457	0.1775
SDA-1.0	127	183	17	73	1611	0.175
SDA-1.5	127	183	17	73	1565	0.17
SDA-2.0	127	182	18	73	1462	0.1775
SDA-2.5	127	182	18	73	1575	0.17
SDA-3.0	127	182	18	73	1512	0.1825
\TheName{}-0.5	174	169	31	26	1696	0.185
\TheName{}-1.0	142	184	16	58	1649	0.17
\TheName{}-1.5	137	183	17	63	1596	0.2175
\TheName{}-2.0	133	182	18	67	1593	0.18
\TheName{}-2.5	132	182	18	68	1608	0.1675
\TheName{}-3.0	132	183	17	68	1640	0.1925
SVM	176	179	21	24	29	0.005
LR	0	200	0	200	1	0.005
Ye-LDA	142	179	21	58	203	0.005
DTree-10	79	188	12	121	4	0.005
DTree-20	91	182	18	109	6	0.0025
RFC-50	104	187	13	96	81	0.0175
RFC-100	103	187	13	97	183	0.025
NLSVM-0.1	12	198	2	188	18	0.1225
NLSVM-1.0	181	126	74	19	16	0.1025
NLSVM-10	83	196	4	117	14	0.09
LDA	125	142	58	75	405	0.1825
SDA-0.5	121	175	25	79	1507	0.175
SDA-1.0	119	175	25	81	1484	0.1825
SDA-1.5	119	175	25	81	1463	0.1675
SDA-2.0	118	175	25	82	1522	0.18
SDA-2.5	118	175	25	82	1510	0.1675
SDA-3.0	118	175	25	82	1515	0.1775
\TheName{}-0.5	156	118	82	44	1622	0.185
\TheName{}-1.0	154	174	26	46	1621	0.185
\TheName{}-1.5	136	176	24	64	1529	0.17
\TheName{}-2.0	131	174	26	69	1619	0.1825
\TheName{}-2.5	126	174	26	74	1594	0.1775
\TheName{}-3.0	125	174	26	75	1564	0.1675
SVM	166	163	37	34	19	0.005
LR	200	0	200	0	1	0.0025
Ye-LDA	176	140	60	24	199	0.005
DTree-10	50	178	22	150	4	0.0025
DTree-20	87	170	30	113	7	0.005
RFC-50	117	174	26	83	89	0.0125
RFC-100	115	180	20	85	197	0.05
NLSVM-0.1	198	28	172	2	18	0.13
NLSVM-1.0	197	76	124	3	14	0.105
NLSVM-10	191	124	76	9	13	0.095
LDA	123	169	31	77	410	0.18
SDA-0.5	137	188	12	63	1477	0.165
SDA-1.0	136	187	13	64	1446	0.17
SDA-1.5	136	187	13	64	1451	0.175
SDA-2.0	134	186	14	66	1460	0.1825
SDA-2.5	134	186	14	66	1529	0.185
SDA-3.0	134	185	15	66	1424	0.1775
\TheName{}-0.5	178	177	23	22	1583	0.1775
\TheName{}-1.0	147	187	13	53	1600	0.175
\TheName{}-1.5	141	189	11	59	1473	0.1725
\TheName{}-2.0	141	188	12	59	1593	0.18
\TheName{}-2.5	139	187	13	61	1583	0.1975
\TheName{}-3.0	138	187	13	62	1542	0.1675
SVM	189	180	20	11	14	0.005
LR	0	200	0	200	1	0.0025
Ye-LDA	133	185	15	67	206	0.005
DTree-10	99	176	24	101	5	0.0025
DTree-20	115	172	28	85	7	0.005
RFC-50	105	189	11	95	89	0.0125
RFC-100	112	186	14	88	237	0.0525
NLSVM-0.1	200	27	173	0	20	0.14
NLSVM-1.0	186	95	105	14	15	0.115
NLSVM-10	116	194	6	84	15	0.1
LDA	149	145	55	51	388	0.17
SDA-0.5	120	187	13	80	1582	0.165
SDA-1.0	121	186	14	79	1473	0.175
SDA-1.5	121	186	14	79	1522	0.1675
SDA-2.0	120	186	14	80	1512	0.1775
SDA-2.5	120	185	15	80	1490	0.18
SDA-3.0	119	185	15	81	1478	0.175
\TheName{}-0.5	164	131	69	36	1576	0.165
\TheName{}-1.0	146	189	11	54	1610	0.175
\TheName{}-1.5	134	188	12	66	1667	0.1675
\TheName{}-2.0	127	188	12	73	1629	0.165
\TheName{}-2.5	125	188	12	75	1575	0.175
\TheName{}-3.0	124	187	13	76	1557	0.17
SVM	177	170	30	23	25	0.005
LR	0	200	0	200	1	0.0075
Ye-LDA	144	170	30	56	216	0.005
DTree-10	64	190	10	136	3	0.0075
DTree-20	116	144	56	84	6	0.005
RFC-50	111	190	10	89	93	0.015
RFC-100	105	187	13	95	209	0.0425
NLSVM-0.1	7	197	3	193	19	0.1275
NLSVM-1.0	199	87	113	1	14	0.1025
NLSVM-10	102	196	4	98	14	0.0875
LDA	145	140	60	55	426	0.1825
SDA-0.5	154	170	30	46	1554	0.1775
SDA-1.0	152	169	31	48	1498	0.1775
SDA-1.5	151	169	31	49	1531	0.175
SDA-2.0	151	169	31	49	1567	0.1725
SDA-2.5	151	169	31	49	1516	0.1825
SDA-3.0	151	169	31	49	1566	0.1675
\TheName{}-0.5	191	147	53	9	1636	0.185
\TheName{}-1.0	175	173	27	25	1552	0.1775
\TheName{}-1.5	167	173	27	33	1589	0.18
\TheName{}-2.0	164	174	26	36	1585	0.17
\TheName{}-2.5	161	173	27	39	1544	0.17
\TheName{}-3.0	158	173	27	42	1573	0.18
SVM	183	165	35	17	19	0.005
LR	0	200	0	200	1	0.005
Ye-LDA	173	173	27	27	206	0.005
DTree-10	34	188	12	166	4	0.0025
DTree-20	77	177	23	123	6	0.005
RFC-50	119	172	28	81	92	0.0225
RFC-100	118	176	24	82	198	0.0425
NLSVM-0.1	200	27	173	0	17	0.1225
NLSVM-1.0	97	172	28	103	14	0.105
NLSVM-10	137	185	15	63	15	0.095
LDA	146	126	74	54	398	0.185
SDA-0.5	101	177	23	99	1450	0.18
SDA-1.0	98	171	29	102	1531	0.18
SDA-1.5	98	171	29	102	1491	0.1675
SDA-2.0	97	171	29	103	1497	0.17
SDA-2.5	97	171	29	103	1572	0.1675
SDA-3.0	97	171	29	103	1505	0.17
\TheName{}-0.5	164	105	95	36	1621	0.17
\TheName{}-1.0	153	180	20	47	1612	0.175
\TheName{}-1.5	130	178	22	70	1636	0.17
\TheName{}-2.0	120	177	23	80	1658	0.175
\TheName{}-2.5	114	176	24	86	1682	0.175
\TheName{}-3.0	111	174	26	89	1642	0.17
SVM	172	165	35	28	24	0.0075
LR	0	200	0	200	1	0.0025
Ye-LDA	142	175	25	58	218	0.005
DTree-10	33	188	12	167	4	0.005
DTree-20	85	177	23	115	6	0.005
RFC-50	103	181	19	97	159	0.0275
RFC-100	104	185	15	96	212	0.0475
NLSVM-0.1	3	199	1	197	19	0.125
NLSVM-1.0	190	62	138	10	14	0.1
NLSVM-10	97	189	11	103	14	0.0925
LDA	163	145	55	37	383	0.1825
SDA-0.5	155	166	34	45	1549	0.1625
SDA-1.0	153	165	35	47	1530	0.1775
SDA-1.5	151	165	35	49	1528	0.1725
SDA-2.0	150	165	35	50	1533	0.1775
SDA-2.5	148	165	35	52	1506	0.165
SDA-3.0	148	165	35	52	1587	0.1725
\TheName{}-0.5	190	141	59	10	1575	0.165
\TheName{}-1.0	170	162	38	30	1594	0.2075
\TheName{}-1.5	163	166	34	37	1545	0.1675
\TheName{}-2.0	162	166	34	38	1553	0.1725
\TheName{}-2.5	157	166	34	43	1570	0.175
\TheName{}-3.0	156	166	34	44	1615	0.1675
SVM	185	159	41	15	20	0.005
LR	0	200	0	200	5	0.015
Ye-LDA	165	160	40	35	217	0.01
DTree-10	188	49	151	12	4	0.0025
DTree-20	61	187	13	139	6	0.005
RFC-50	117	171	29	83	93	0.02
RFC-100	116	178	22	84	205	0.045
NLSVM-0.1	200	36	164	0	18	0.13
NLSVM-1.0	193	117	83	7	15	0.1
NLSVM-10	192	132	68	8	13	0.095
LDA	146	137	63	54	394	0.18
SDA-0.5	159	175	25	41	1512	0.1675
SDA-1.0	156	174	26	44	1538	0.1725
SDA-1.5	156	173	27	44	1518	0.1675
SDA-2.0	156	173	27	44	1582	0.195
SDA-2.5	156	173	27	44	1516	0.1725
SDA-3.0	156	173	27	44	1484	0.19
\TheName{}-0.5	179	171	29	21	1560	0.175
\TheName{}-1.0	167	174	26	33	1589	0.1875
\TheName{}-1.5	162	173	27	38	1525	0.19
\TheName{}-2.0	158	171	29	42	1545	0.17
\TheName{}-2.5	157	173	27	43	1570	0.195
\TheName{}-3.0	156	173	27	44	1558	0.1675
SVM	185	167	33	15	19	0.0025
LR	0	200	0	200	1	0.005
Ye-LDA	165	166	34	35	208	0.005
DTree-10	68	184	16	132	5	0.0025
DTree-20	84	181	19	116	7	0.0025
RFC-50	132	170	30	68	92	0.0075
RFC-100	129	169	31	71	198	0.0425
NLSVM-0.1	200	27	173	0	18	0.1275
NLSVM-1.0	196	96	104	4	15	0.1125
NLSVM-10	103	192	8	97	14	0.0975
LDA	159	157	43	41	403	0.1825
SDA-0.5	143	183	17	57	1512	0.1675
SDA-1.0	142	183	17	58	1508	0.1675
SDA-1.5	142	183	17	58	1488	0.1675
SDA-2.0	142	183	17	58	1531	0.1775
SDA-2.5	141	183	17	59	1525	0.175
SDA-3.0	140	183	17	60	1529	0.175
\TheName{}-0.5	185	154	46	15	1635	0.1675
\TheName{}-1.0	166	181	19	34	1657	0.2275
\TheName{}-1.5	159	181	19	41	1691	0.1675
\TheName{}-2.0	155	181	19	45	1599	0.17
\TheName{}-2.5	150	182	18	50	1545	0.18
\TheName{}-3.0	150	184	16	50	1603	0.1675
SVM	177	161	39	23	24	0.0025
LR	0	200	0	200	2	0.0025
Ye-LDA	160	174	26	40	210	0.0025
DTree-10	47	187	13	153	4	0.0025
DTree-20	78	175	25	122	7	0.0025
RFC-50	119	179	21	81	97	0.0175
RFC-100	112	180	20	88	219	0.0425
NLSVM-0.1	200	37	163	0	18	0.12
NLSVM-1.0	193	117	83	7	15	0.0975
NLSVM-10	189	165	35	11	13	0.085
LDA	121	139	61	79	416	0.2
SDA-0.5	145	182	18	55	1547	0.1675
SDA-1.0	144	182	18	56	1524	0.18
SDA-1.5	144	182	18	56	1524	0.17
SDA-2.0	144	182	18	56	1524	0.1825
SDA-2.5	144	182	18	56	1480	0.1725
SDA-3.0	144	182	18	56	1506	0.18
\TheName{}-0.5	181	167	33	19	1584	0.1725
\TheName{}-1.0	160	185	15	40	1584	0.185
\TheName{}-1.5	154	181	19	46	1569	0.1825
\TheName{}-2.0	152	182	18	48	1592	0.1875
\TheName{}-2.5	148	183	17	52	1614	0.175
\TheName{}-3.0	147	182	18	53	1561	0.165
SVM	167	167	33	33	22	0.005
LR	0	200	0	200	1	0.005
Ye-LDA	152	187	13	48	213	0.0025
DTree-10	88	180	20	112	4	0.005
DTree-20	112	171	29	88	6	0.005
RFC-50	120	180	20	80	92	0.0175
RFC-100	122	178	22	78	190	0.05
NLSVM-0.1	199	19	181	1	19	0.1475
NLSVM-1.0	174	97	103	26	14	0.115
NLSVM-10	147	186	14	53	14	0.1
LDA	139	148	52	61	391	0.18
SDA-0.5	153	167	33	47	1483	0.17
SDA-1.0	151	167	33	49	1518	0.18
SDA-1.5	150	167	33	50	1558	0.165
SDA-2.0	150	167	33	50	1445	0.175
SDA-2.5	150	167	33	50	1525	0.165
SDA-3.0	150	167	33	50	1528	0.1775
\TheName{}-0.5	182	174	26	18	1590	0.1675
\TheName{}-1.0	164	171	29	36	1654	0.1975
\TheName{}-1.5	160	167	33	40	1658	0.165
\TheName{}-2.0	159	168	32	41	1573	0.1775
\TheName{}-2.5	157	167	33	43	1611	0.18
\TheName{}-3.0	155	167	33	45	1595	0.1775
SVM	184	160	40	16	40	0.005
LR	0	200	0	200	1	0.0025
Ye-LDA	156	171	29	44	215	0.01
DTree-10	86	175	25	114	3	0.005
DTree-20	114	169	31	86	6	0.005
RFC-50	127	170	30	73	93	0.03
RFC-100	130	169	31	70	191	0.0325
NLSVM-0.1	200	19	181	0	19	0.13
NLSVM-1.0	200	65	135	0	15	0.105
NLSVM-10	192	145	55	8	12	0.095
LDA	153	150	50	47	382	0.1875
SDA-0.5	155	178	22	45	1626	0.17
SDA-1.0	152	176	24	48	1592	0.1925
SDA-1.5	152	176	24	48	1628	0.1775
SDA-2.0	152	176	24	48	1546	0.1725
SDA-2.5	152	176	24	48	1521	0.165
SDA-3.0	152	176	24	48	1477	0.1675
\TheName{}-0.5	179	156	44	21	1630	0.1925
\TheName{}-1.0	166	177	23	34	1565	0.17
\TheName{}-1.5	158	177	23	42	1569	0.1775
\TheName{}-2.0	156	176	24	44	1606	0.18
\TheName{}-2.5	154	176	24	46	1704	0.1675
\TheName{}-3.0	154	177	23	46	1598	0.1825
SVM	167	170	30	33	22	0.005
LR	0	200	0	200	1	0.005
Ye-LDA	161	168	32	39	206	0.005
DTree-10	73	189	11	127	3	0.005
DTree-20	103	182	18	97	7	0.0025
RFC-50	121	186	14	79	88	0.0225
RFC-100	115	186	14	85	205	0.0425
NLSVM-0.1	199	31	169	1	18	0.14
NLSVM-1.0	189	101	99	11	14	0.1125
NLSVM-10	148	189	11	52	14	0.0975
LDA	163	141	59	37	392	0.1725
SDA-0.5	136	176	24	64	1484	0.1825
SDA-1.0	132	177	23	68	1521	0.1675
SDA-1.5	131	176	24	69	1485	0.1825
SDA-2.0	131	176	24	69	1534	0.1625
SDA-2.5	129	176	24	71	1533	0.1675
SDA-3.0	129	175	25	71	1494	0.1775
\TheName{}-0.5	162	143	57	38	1631	0.1775
\TheName{}-1.0	173	179	21	27	1664	0.18
\TheName{}-1.5	155	176	24	45	1597	0.17
\TheName{}-2.0	147	177	23	53	1644	0.185
\TheName{}-2.5	142	178	22	58	1629	0.175
\TheName{}-3.0	140	178	22	60	1617	0.1825
SVM	190	174	26	10	17	0.0025
LR	0	200	0	200	2	0.0025
Ye-LDA	150	171	29	50	209	0.005
DTree-10	67	188	12	133	5	0.005
DTree-20	86	177	23	114	7	0.0025
RFC-50	111	176	24	89	98	0.0175
RFC-100	116	180	20	84	229	0.025
NLSVM-0.1	7	200	0	193	18	0.1325
NLSVM-1.0	196	93	107	4	14	0.1
NLSVM-10	199	86	114	1	15	0.0925
LDA	130	167	33	70	385	0.1875
SDA-0.5	118	173	27	82	1529	0.1675
SDA-1.0	117	173	27	83	1553	0.1875
SDA-1.5	117	173	27	83	1509	0.17
SDA-2.0	117	173	27	83	1531	0.165
SDA-2.5	117	173	27	83	1524	0.175
SDA-3.0	117	173	27	83	1533	0.175
\TheName{}-0.5	181	161	39	19	1609	0.185
\TheName{}-1.0	133	177	23	67	1551	0.175
\TheName{}-1.5	124	174	26	76	1596	0.1725
\TheName{}-2.0	124	174	26	76	1599	0.18
\TheName{}-2.5	123	173	27	77	1537	0.1725
\TheName{}-3.0	121	173	27	79	1602	0.1825
SVM	163	173	27	37	21	0.005
LR	0	200	0	200	1	0.0025
Ye-LDA	133	182	18	67	210	0.005
DTree-10	59	184	16	141	4	0.005
DTree-20	90	173	27	110	7	0.0025
RFC-50	112	171	29	88	91	0.015
RFC-100	109	170	30	91	189	0.0425
NLSVM-0.1	4	200	0	196	18	0.13
NLSVM-1.0	184	93	107	16	14	0.105
NLSVM-10	103	185	15	97	13	0.0875
LDA	144	149	51	56	415	0.185
SDA-0.5	120	183	17	80	1520	0.185
SDA-1.0	116	182	18	84	1492	0.1675
SDA-1.5	116	182	18	84	1499	0.185
SDA-2.0	115	182	18	85	1500	0.17
SDA-2.5	115	182	18	85	1526	0.1775
SDA-3.0	115	182	18	85	1533	0.165
\TheName{}-0.5	155	111	89	45	1561	0.1775
\TheName{}-1.0	167	185	15	33	1597	0.17
\TheName{}-1.5	147	184	16	53	1612	0.175
\TheName{}-2.0	137	184	16	63	1607	0.1725
\TheName{}-2.5	128	184	16	72	1658	0.19
\TheName{}-3.0	127	184	16	73	1702	0.175
SVM	180	176	24	20	29	0.005
LR	0	200	0	200	2	0.005
Ye-LDA	153	180	20	47	220	0.005
DTree-10	110	151	49	90	5	0.0025
DTree-20	97	168	32	103	6	0.005
RFC-50	118	185	15	82	103	0.0125
RFC-100	119	182	18	81	242	0.0575
NLSVM-0.1	199	30	170	1	21	0.135
NLSVM-1.0	189	95	105	11	15	0.1075
NLSVM-10	150	186	14	50	13	0.0875
LDA	153	149	51	47	383	0.1925
SDA-0.5	138	180	20	62	1507	0.1725
SDA-1.0	137	179	21	63	1517	0.1725
SDA-1.5	136	178	22	64	1519	0.17
SDA-2.0	134	178	22	66	1466	0.1775
SDA-2.5	134	178	22	66	1513	0.1725
SDA-3.0	134	178	22	66	1494	0.18
\TheName{}-0.5	182	167	33	18	1538	0.1725
\TheName{}-1.0	155	181	19	45	1584	0.185
\TheName{}-1.5	150	182	18	50	1564	0.17
\TheName{}-2.0	145	181	19	55	1547	0.185
\TheName{}-2.5	142	180	20	58	1596	0.17
\TheName{}-3.0	142	179	21	58	1570	0.18
SVM	169	172	28	31	24	0.005
LR	0	200	0	200	1	0.005
Ye-LDA	155	178	22	45	205	0.0025
DTree-10	84	174	26	116	5	0.0025
DTree-20	80	172	28	120	7	0.0025
RFC-50	108	180	20	92	109	0.03
RFC-100	118	185	15	82	213	0.02
NLSVM-0.1	2	200	0	198	18	0.1225
NLSVM-1.0	63	193	7	137	15	0.095
NLSVM-10	115	189	11	85	13	0.0975
LDA	146	140	60	54	429	0.175
SDA-0.5	151	174	26	49	1513	0.1675
SDA-1.0	150	172	28	50	1555	0.175
SDA-1.5	148	171	29	52	1489	0.175
SDA-2.0	149	171	29	51	1522	0.17
SDA-2.5	149	171	29	51	1567	0.1775
SDA-3.0	150	171	29	50	1534	0.1625
\TheName{}-0.5	189	171	29	11	1667	0.1925
\TheName{}-1.0	166	179	21	34	1681	0.1825
\TheName{}-1.5	159	178	22	41	1674	0.19
\TheName{}-2.0	159	177	23	41	1650	0.17
\TheName{}-2.5	157	177	23	43	1684	0.1775
\TheName{}-3.0	155	175	25	45	1585	0.18
SVM	173	169	31	27	22	0.005
LR	200	0	200	0	1	0.005
Ye-LDA	180	152	48	20	254	0.005
DTree-10	73	176	24	127	3	0.005
DTree-20	62	181	19	138	6	0.005
RFC-50	125	182	18	75	94	0.03
RFC-100	121	185	15	79	219	0.04
NLSVM-0.1	197	34	166	3	18	0.1275
NLSVM-1.0	192	107	93	8	15	0.095
NLSVM-10	94	193	7	106	13	0.0875
LDA	133	147	53	67	401	0.185
SDA-0.5	142	180	20	58	1528	0.185
SDA-1.0	142	179	21	58	1476	0.17
SDA-1.5	142	179	21	58	1511	0.185
SDA-2.0	142	179	21	58	1500	0.1675
SDA-2.5	141	179	21	59	1498	0.19
SDA-3.0	141	179	21	59	1487	0.1775
\TheName{}-0.5	180	178	22	20	1607	0.1675
\TheName{}-1.0	162	185	15	38	1587	0.19
\TheName{}-1.5	155	182	18	45	1607	0.165
\TheName{}-2.0	151	179	21	49	1585	0.18
\TheName{}-2.5	147	180	20	53	1556	0.165
\TheName{}-3.0	146	181	19	54	1656	0.1775
SVM	175	177	23	25	18	0.0075
LR	0	200	0	200	1	0.0025
Ye-LDA	152	181	19	48	211	0.005
DTree-10	178	65	135	22	4	0.0025
DTree-20	79	175	25	121	6	0.005
RFC-50	115	184	16	85	95	0.02
RFC-100	108	184	16	92	202	0.0225
NLSVM-0.1	200	36	164	0	18	0.125
NLSVM-1.0	192	91	109	8	15	0.0975
NLSVM-10	115	195	5	85	14	0.095
LDA	135	144	56	65	394	0.18
SDA-0.5	117	169	31	83	1501	0.1675
SDA-1.0	117	169	31	83	1485	0.1775
SDA-1.5	116	169	31	84	1525	0.165
SDA-2.0	116	169	31	84	1516	0.17
SDA-2.5	116	169	31	84	1505	0.175
SDA-3.0	116	169	31	84	1547	0.165
\TheName{}-0.5	186	141	59	14	1641	0.1725
\TheName{}-1.0	142	176	24	58	1603	0.17
\TheName{}-1.5	127	170	30	73	1684	0.1775
\TheName{}-2.0	122	171	29	78	1628	0.165
\TheName{}-2.5	121	171	29	79	1592	0.2025
\TheName{}-3.0	119	171	29	81	1593	0.1675
SVM	162	176	24	38	24	0.005
LR	0	200	0	200	1	0.005
Ye-LDA	140	177	23	60	213	0.005
DTree-10	63	184	16	137	4	0.0025
DTree-20	98	176	24	102	6	0.005
RFC-50	120	165	35	80	112	0.0175
RFC-100	119	169	31	81	230	0.0475
NLSVM-0.1	6	199	1	194	20	0.1275
NLSVM-1.0	164	117	83	36	15	0.11
NLSVM-10	75	196	4	125	13	0.085
LDA	132	144	56	68	398	0.18
SDA-0.5	115	177	23	85	1500	0.18
SDA-1.0	113	177	23	87	1478	0.175
SDA-1.5	112	177	23	88	1508	0.175
SDA-2.0	112	177	23	88	1477	0.1825
SDA-2.5	111	177	23	89	1514	0.165
SDA-3.0	111	177	23	89	1491	0.1775
\TheName{}-0.5	135	94	106	65	1543	0.17
\TheName{}-1.0	164	188	12	36	1569	0.18
\TheName{}-1.5	138	187	13	62	1584	0.17
\TheName{}-2.0	129	185	15	71	1544	0.175
\TheName{}-2.5	127	184	16	73	1678	0.1675
\TheName{}-3.0	121	183	17	79	1566	0.175
SVM	175	172	28	25	15	0.005
LR	0	200	0	200	1	0.0075
Ye-LDA	127	190	10	73	206	0.005
DTree-10	85	181	19	115	4	0.0025
DTree-20	108	178	22	92	7	0.0025
RFC-50	114	175	25	86	85	0.0225
RFC-100	121	179	21	79	176	0.04
NLSVM-0.1	200	24	176	0	20	0.1275
NLSVM-1.0	195	73	127	5	15	0.1125
NLSVM-10	82	196	4	118	14	0.095
LDA	127	141	59	73	392	0.165
SDA-0.5	142	174	26	58	1520	0.175
SDA-1.0	141	173	27	59	1537	0.1675
SDA-1.5	141	173	27	59	1469	0.1775
SDA-2.0	142	173	27	58	1499	0.17
SDA-2.5	142	173	27	58	1545	0.17
SDA-3.0	143	173	27	57	1517	0.1775
\TheName{}-0.5	184	169	31	16	1575	0.1625
\TheName{}-1.0	158	183	17	42	1614	0.1825
\TheName{}-1.5	151	178	22	49	1623	0.165
\TheName{}-2.0	148	176	24	52	1612	0.195
\TheName{}-2.5	146	176	24	54	1642	0.1725
\TheName{}-3.0	145	175	25	55	1572	0.1825
SVM	171	164	36	29	19	0.0025
LR	0	200	0	200	1	0.005
Ye-LDA	155	182	18	45	207	0.0025
DTree-10	78	178	22	122	5	0.0025
DTree-20	112	171	29	88	7	0.005
RFC-50	114	168	32	86	96	0.0175
RFC-100	118	168	32	82	200	0.04
NLSVM-0.1	3	200	0	197	17	0.13
NLSVM-1.0	197	83	117	3	15	0.0975
NLSVM-10	196	50	150	4	13	0.0875
LDA	133	134	66	67	399	0.18
SDA-0.5	162	181	19	38	1499	0.1725
SDA-1.0	160	181	19	40	1484	0.1675
SDA-1.5	160	181	19	40	1494	0.175
SDA-2.0	160	181	19	40	1474	0.175
SDA-2.5	160	181	19	40	1518	0.18
SDA-3.0	159	181	19	41	1462	0.17
\TheName{}-0.5	188	162	38	12	1620	0.18
\TheName{}-1.0	177	182	18	23	1576	0.175
\TheName{}-1.5	172	183	17	28	1546	0.1675
\TheName{}-2.0	167	182	18	33	1614	0.18
\TheName{}-2.5	166	182	18	34	1635	0.1725
\TheName{}-3.0	164	181	19	36	1551	0.1775
SVM	183	162	38	17	25	0.0025
LR	0	200	0	200	1	0.005
Ye-LDA	166	172	28	34	211	0.005
DTree-10	71	177	23	129	4	0.0025
DTree-20	99	177	23	101	7	0.0025
RFC-50	125	183	17	75	94	0.015
RFC-100	124	181	19	76	215	0.0425
NLSVM-0.1	1	200	0	199	19	0.125
NLSVM-1.0	97	173	27	103	14	0.1
NLSVM-10	146	188	12	54	13	0.09
LDA	128	150	50	72	396	0.18
SDA-0.5	125	180	20	75	1486	0.1825
SDA-1.0	120	180	20	80	1448	0.175
SDA-1.5	119	180	20	81	1492	0.175
SDA-2.0	118	180	20	82	1466	0.165
SDA-2.5	118	180	20	82	1451	0.165
SDA-3.0	118	179	21	82	1477	0.18
\TheName{}-0.5	144	130	70	56	1537	0.1675
\TheName{}-1.0	149	179	21	51	1558	0.1775
\TheName{}-1.5	135	181	19	65	1530	0.165
\TheName{}-2.0	131	181	19	69	1589	0.165
\TheName{}-2.5	128	182	18	72	1543	0.175
\TheName{}-3.0	127	182	18	73	1544	0.1675
SVM	176	176	24	24	22	0.0075
LR	0	200	0	200	1	0.005
Ye-LDA	116	175	25	84	211	0.005
DTree-10	45	190	10	155	4	0.005
DTree-20	59	190	10	141	6	0.0025
RFC-50	122	176	24	78	87	0.015
RFC-100	113	183	17	87	186	0.0375
NLSVM-0.1	200	31	169	0	22	0.145
NLSVM-1.0	46	192	8	154	14	0.11
NLSVM-10	84	195	5	116	14	0.09
LDA	133	135	65	67	423	0.1775
SDA-0.5	128	179	21	72	1494	0.1675
SDA-1.0	125	179	21	75	1491	0.1825
SDA-1.5	124	179	21	76	1496	0.17
SDA-2.0	124	179	21	76	1492	0.1725
SDA-2.5	125	179	21	75	1433	0.1675
SDA-3.0	125	179	21	75	1499	0.17
\TheName{}-0.5	180	154	46	20	1562	0.1825
\TheName{}-1.0	155	182	18	45	1527	0.17
\TheName{}-1.5	138	182	18	62	1583	0.185
\TheName{}-2.0	135	180	20	65	1616	0.165
\TheName{}-2.5	134	181	19	66	1507	0.18
\TheName{}-3.0	132	181	19	68	1604	0.1675
SVM	167	174	26	33	17	0.005
LR	0	200	0	200	1	0.005
Ye-LDA	149	176	24	51	208	0.0025
DTree-10	86	183	17	114	5	0.0025
DTree-20	100	182	18	100	8	0.005
RFC-50	121	180	20	79	33	0.015
RFC-100	118	180	20	82	194	0.0225
NLSVM-0.1	200	29	171	0	21	0.1325
NLSVM-1.0	188	108	92	12	16	0.105
NLSVM-10	116	187	13	84	14	0.09
LDA	147	142	58	53	390	0.17
SDA-0.5	126	176	24	74	1556	0.1675
SDA-1.0	126	175	25	74	1515	0.19
SDA-1.5	128	175	25	72	1581	0.1775
SDA-2.0	128	175	25	72	1571	0.1675
SDA-2.5	128	175	25	72	1548	0.1775
SDA-3.0	128	175	25	72	1571	0.175
\TheName{}-0.5	135	96	104	65	1669	0.1875
\TheName{}-1.0	160	176	24	40	1644	0.175
\TheName{}-1.5	144	176	24	56	1642	0.1775
\TheName{}-2.0	140	176	24	60	1615	0.17
\TheName{}-2.5	136	176	24	64	1546	0.1725
\TheName{}-3.0	134	176	24	66	1582	0.165
SVM	183	164	36	17	19	0.0075
LR	0	200	0	200	1	0.005
Ye-LDA	154	170	30	46	208	0.0075
DTree-10	53	179	21	147	4	0.005
DTree-20	92	170	30	108	6	0.0025
RFC-50	114	178	22	86	84	0.0175
RFC-100	106	179	21	94	50	0.0375
NLSVM-0.1	200	27	173	0	19	0.1425
NLSVM-1.0	198	63	137	2	15	0.095
NLSVM-10	125	188	12	75	13	0.095
LDA	120	153	47	80	394	0.18
SDA-0.5	111	180	20	89	1476	0.1675
SDA-1.0	110	176	24	90	1531	0.1675
SDA-1.5	109	176	24	91	1514	0.18
SDA-2.0	109	176	24	91	1471	0.17
SDA-2.5	109	176	24	91	1517	0.17
SDA-3.0	109	176	24	91	1536	0.1675
\TheName{}-0.5	182	163	37	18	1726	0.1875
\TheName{}-1.0	128	182	18	72	1592	0.185
\TheName{}-1.5	120	180	20	80	1715	0.1625
\TheName{}-2.0	114	179	21	86	1565	0.18
\TheName{}-2.5	114	179	21	86	1658	0.1675
\TheName{}-3.0	112	179	21	88	1661	0.1725
SVM	175	169	31	25	19	0.005
LR	0	200	0	200	1	0.005
Ye-LDA	140	174	26	60	208	0.005
DTree-10	79	170	30	121	5	0.0025
DTree-20	98	161	39	102	8	0.0025
RFC-50	94	184	16	106	90	0.015
RFC-100	106	182	18	94	212	0.0425
NLSVM-0.1	199	31	169	1	18	0.125
NLSVM-1.0	191	109	91	9	15	0.1
NLSVM-10	137	171	29	63	12	0.0875
LDA	124	142	58	76	385	0.175
SDA-0.5	126	175	25	74	1559	0.215
SDA-1.0	125	173	27	75	1617	0.1775
SDA-1.5	125	171	29	75	1525	0.1825
SDA-2.0	124	171	29	76	1541	0.17
SDA-2.5	124	171	29	76	1558	0.185
SDA-3.0	124	171	29	76	1502	0.1775
\TheName{}-0.5	183	179	21	17	1606	0.1675
\TheName{}-1.0	149	177	23	51	1680	0.1775
\TheName{}-1.5	138	176	24	62	1541	0.175
\TheName{}-2.0	132	174	26	68	1633	0.1775
\TheName{}-2.5	128	174	26	72	1633	0.17
\TheName{}-3.0	127	174	26	73	1594	0.175
SVM	176	181	19	24	15	0.0025
LR	0	200	0	200	1	0.005
Ye-LDA	143	176	24	57	211	0.0075
DTree-10	93	162	38	107	4	0.005
DTree-20	85	176	24	115	6	0.005
RFC-50	115	179	21	85	95	0.0175
RFC-100	119	180	20	81	204	0.0475
NLSVM-0.1	200	35	165	0	19	0.13
NLSVM-1.0	187	77	123	13	15	0.1075
NLSVM-10	98	188	12	102	14	0.0925
LDA	146	147	53	54	393	0.175
SDA-0.5	140	178	22	60	1492	0.185
SDA-1.0	141	177	23	59	1571	0.17
SDA-1.5	140	177	23	60	1540	0.1825
SDA-2.0	140	177	23	60	1533	0.1725
SDA-2.5	139	177	23	61	1524	0.1675
SDA-3.0	139	177	23	61	1503	0.1775
\TheName{}-0.5	183	162	38	17	1607	0.165
\TheName{}-1.0	152	180	20	48	1588	0.175
\TheName{}-1.5	145	179	21	55	1571	0.1725
\TheName{}-2.0	143	178	22	57	1591	0.1875
\TheName{}-2.5	141	178	22	59	1584	0.1675
\TheName{}-3.0	138	178	22	62	1582	0.1825
SVM	167	174	26	33	20	0.0025
LR	0	200	0	200	1	0.005
Ye-LDA	161	171	29	39	210	0.005
DTree-10	187	78	122	13	4	0.0025
DTree-20	75	180	20	125	7	0.005
RFC-50	124	183	17	76	101	0.015
RFC-100	126	186	14	74	217	0.0525
NLSVM-0.1	200	29	171	0	19	0.13
NLSVM-1.0	186	96	104	14	15	0.095
NLSVM-10	145	181	19	55	13	0.09
LDA	146	141	59	54	403	0.18
SDA-0.5	137	180	20	63	1542	0.175
SDA-1.0	137	179	21	63	1494	0.1775
SDA-1.5	137	179	21	63	1496	0.17
SDA-2.0	137	179	21	63	1559	0.1775
SDA-2.5	137	179	21	63	1480	0.1675
SDA-3.0	137	179	21	63	1505	0.1825
\TheName{}-0.5	181	147	53	19	1585	0.17
\TheName{}-1.0	150	181	19	50	1610	0.1775
\TheName{}-1.5	145	179	21	55	1570	0.175
\TheName{}-2.0	139	177	23	61	1603	0.17
\TheName{}-2.5	139	179	21	61	1535	0.1825
\TheName{}-3.0	139	179	21	61	1574	0.175
SVM	171	181	19	29	21	0.005
LR	0	200	0	200	1	0.005
Ye-LDA	151	178	22	49	215	0.0075
DTree-10	55	188	12	145	3	0.005
DTree-20	83	176	24	117	6	0.005
RFC-50	128	175	25	72	104	0.015
RFC-100	124	182	18	76	208	0.0425
NLSVM-0.1	200	30	170	0	19	0.14
NLSVM-1.0	180	96	104	20	16	0.0975
NLSVM-10	163	173	27	37	13	0.0825
LDA	142	149	51	58	384	0.17
SDA-0.5	165	159	41	35	1487	0.17
SDA-1.0	165	157	43	35	1523	0.19
SDA-1.5	165	157	43	35	1502	0.1675
SDA-2.0	165	157	43	35	1475	0.175
SDA-2.5	164	157	43	36	1513	0.1725
SDA-3.0	162	157	43	38	1489	0.1675
\TheName{}-0.5	187	153	47	13	1578	0.17
\TheName{}-1.0	174	158	42	26	1603	0.165
\TheName{}-1.5	170	154	46	30	1591	0.18
\TheName{}-2.0	170	154	46	30	1662	0.165
\TheName{}-2.5	170	155	45	30	1642	0.2
\TheName{}-3.0	170	155	45	30	1693	0.175
SVM	177	158	42	23	22	0.005
LR	0	200	0	200	1	0.005
Ye-LDA	171	170	30	29	220	0.015
DTree-10	38	182	18	162	4	0.0025
DTree-20	94	171	29	106	7	0.005
RFC-50	125	172	28	75	99	0.0175
RFC-100	123	169	31	77	211	0.0425
NLSVM-0.1	199	38	162	1	18	0.1325
NLSVM-1.0	199	80	120	1	14	0.1
NLSVM-10	192	136	64	8	14	0.0925
LDA	136	139	61	64	392	0.1775
SDA-0.5	155	175	25	45	1616	0.1675
SDA-1.0	154	175	25	46	1584	0.1925
SDA-1.5	153	175	25	47	1566	0.1825
SDA-2.0	151	175	25	49	1600	0.17
SDA-2.5	151	175	25	49	1606	0.18
SDA-3.0	151	175	25	49	1576	0.1675
\TheName{}-0.5	186	168	32	14	1605	0.1825
\TheName{}-1.0	166	174	26	34	1567	0.19
\TheName{}-1.5	160	174	26	40	1578	0.1775
\TheName{}-2.0	160	174	26	40	1593	0.1775
\TheName{}-2.5	159	174	26	41	1563	0.165
\TheName{}-3.0	158	175	25	42	1544	0.1825
SVM	176	176	24	24	31	0.0025
LR	200	0	200	0	2	0.0025
Ye-LDA	183	155	45	17	206	0.0075
DTree-10	87	186	14	113	3	0.005
DTree-20	111	176	24	89	5	0.005
RFC-50	117	182	18	83	93	0.015
RFC-100	127	175	25	73	198	0.045
NLSVM-0.1	200	36	164	0	19	0.1325
NLSVM-1.0	185	89	111	15	15	0.1125
NLSVM-10	186	155	45	14	15	0.105
LDA	146	144	56	54	384	0.175
SDA-0.5	161	172	28	39	1473	0.175
SDA-1.0	161	171	29	39	1536	0.1725
SDA-1.5	161	171	29	39	1538	0.1775
SDA-2.0	160	170	30	40	1513	0.165
SDA-2.5	160	170	30	40	1517	0.165
SDA-3.0	159	170	30	41	1573	0.175
\TheName{}-0.5	189	165	35	11	1624	0.1675
\TheName{}-1.0	176	171	29	24	1634	0.1975
\TheName{}-1.5	172	173	27	28	1604	0.17
\TheName{}-2.0	170	172	28	30	1601	0.19
\TheName{}-2.5	165	171	29	35	1604	0.165
\TheName{}-3.0	163	169	31	37	1565	0.175
SVM	182	169	31	18	23	0.005
LR	0	200	0	200	1	0.005
Ye-LDA	180	164	36	20	206	0.0025
DTree-10	60	168	32	140	4	0.005
DTree-20	86	162	38	114	6	0.0025
RFC-50	107	179	21	93	99	0.02
RFC-100	105	182	18	95	212	0.0425
NLSVM-0.1	200	37	163	0	17	0.1225
NLSVM-1.0	113	171	29	87	14	0.095
NLSVM-10	191	145	55	9	14	0.09
LDA	147	141	59	53	394	0.1825
SDA-0.5	127	178	22	73	1515	0.1725
SDA-1.0	126	175	25	74	1449	0.185
SDA-1.5	126	175	25	74	1572	0.1675
SDA-2.0	124	175	25	76	1616	0.1775
SDA-2.5	124	175	25	76	1527	0.165
SDA-3.0	124	175	25	76	1562	0.1675
\TheName{}-0.5	161	151	49	39	1564	0.1825
\TheName{}-1.0	148	184	16	52	1520	0.175
\TheName{}-1.5	133	180	20	67	1571	0.18
\TheName{}-2.0	130	179	21	70	1549	0.1725
\TheName{}-2.5	129	179	21	71	1508	0.1675
\TheName{}-3.0	129	178	22	71	1568	0.1825
SVM	176	170	30	24	20	0.005
LR	0	200	0	200	1	0.0025
Ye-LDA	136	182	18	64	207	0.0025
DTree-10	38	190	10	162	4	0.005
DTree-20	75	178	22	125	6	0.0025
RFC-50	114	179	21	86	94	0.0175
RFC-100	117	179	21	83	215	0.0425
NLSVM-0.1	200	27	173	0	18	0.125
NLSVM-1.0	193	67	133	7	14	0.0975
NLSVM-10	107	188	12	93	13	0.105
LDA	145	148	52	55	393	0.1825
SDA-0.5	119	172	28	81	1496	0.1725
SDA-1.0	117	172	28	83	1483	0.1675
SDA-1.5	117	172	28	83	1494	0.1775
SDA-2.0	117	172	28	83	1514	0.17
SDA-2.5	117	172	28	83	1530	0.1675
SDA-3.0	117	172	28	83	1474	0.1775
\TheName{}-0.5	158	125	75	42	1550	0.175
\TheName{}-1.0	155	178	22	45	1570	0.1725
\TheName{}-1.5	136	177	23	64	1609	0.1775
\TheName{}-2.0	125	176	24	75	1630	0.1675
\TheName{}-2.5	125	176	24	75	1544	0.1775
\TheName{}-3.0	124	175	25	76	1606	0.1725
SVM	175	171	29	25	22	0.0075
LR	0	200	0	200	1	0.0025
Ye-LDA	137	174	26	63	216	0.005
DTree-10	38	186	14	162	4	0.0025
DTree-20	103	168	32	97	6	0.005
RFC-50	121	172	28	79	108	0.02
RFC-100	127	173	27	73	209	0.0475
NLSVM-0.1	199	30	170	1	19	0.135
NLSVM-1.0	180	90	110	20	15	0.1025
NLSVM-10	143	172	28	57	14	0.105
LDA	117	143	57	83	393	0.17
SDA-0.5	137	181	19	63	1451	0.1675
SDA-1.0	136	181	19	64	1475	0.1675
SDA-1.5	136	181	19	64	1461	0.1725
SDA-2.0	135	181	19	65	1470	0.165
SDA-2.5	135	181	19	65	1435	0.165
SDA-3.0	135	181	19	65	1458	0.1825
\TheName{}-0.5	174	181	19	26	1551	0.165
\TheName{}-1.0	155	185	15	45	1527	0.1675
\TheName{}-1.5	148	183	17	52	1653	0.1775
\TheName{}-2.0	142	182	18	58	1579	0.1725
\TheName{}-2.5	142	182	18	58	1577	0.1725
\TheName{}-3.0	141	182	18	59	1577	0.165
SVM	174	183	17	26	15	0.005
LR	0	200	0	200	1	0.0025
Ye-LDA	142	180	20	58	213	0.015
DTree-10	57	182	18	143	5	0.005
DTree-20	74	188	12	126	6	0.0025
RFC-50	114	176	24	86	97	0.02
RFC-100	119	180	20	81	196	0.0425
NLSVM-0.1	200	31	169	0	18	0.125
NLSVM-1.0	192	81	119	8	15	0.1025
NLSVM-10	200	99	101	0	14	0.085
LDA	152	140	60	48	381	0.1725
SDA-0.5	128	176	24	72	1496	0.165
SDA-1.0	128	176	24	72	1504	0.17
SDA-1.5	128	175	25	72	1497	0.1725
SDA-2.0	128	175	25	72	1490	0.165
SDA-2.5	128	174	26	72	1514	0.1675
SDA-3.0	128	174	26	72	1554	0.21
\TheName{}-0.5	145	117	83	55	1554	0.17
\TheName{}-1.0	165	180	20	35	1542	0.1725
\TheName{}-1.5	144	176	24	56	1593	0.175
\TheName{}-2.0	139	175	25	61	1540	0.1775
\TheName{}-2.5	134	177	23	66	1543	0.18
\TheName{}-3.0	132	176	24	68	1554	0.17
SVM	176	171	29	24	16	0.005
LR	200	0	200	0	1	0.005
Ye-LDA	175	162	38	25	201	0.005
DTree-10	64	177	23	136	4	0.005
DTree-20	119	166	34	81	7	0.0025
RFC-50	123	182	18	77	96	0.015
RFC-100	119	187	13	81	194	0.0425
NLSVM-0.1	197	19	181	3	21	0.1225
NLSVM-1.0	198	44	156	2	14	0.095
NLSVM-10	126	188	12	74	13	0.085
LDA	114	139	61	86	397	0.1875
SDA-0.5	144	178	22	56	1526	0.175
SDA-1.0	141	179	21	59	1507	0.1725
SDA-1.5	141	178	22	59	1535	0.18
SDA-2.0	141	178	22	59	1581	0.17
SDA-2.5	141	178	22	59	1548	0.1675
SDA-3.0	142	178	22	58	1477	0.175
\TheName{}-0.5	180	165	35	20	1558	0.17
\TheName{}-1.0	161	181	19	39	1611	0.18
\TheName{}-1.5	153	180	20	47	1580	0.165
\TheName{}-2.0	149	181	19	51	1597	0.17
\TheName{}-2.5	145	180	20	55	1578	0.175
\TheName{}-3.0	145	180	20	55	1562	0.17
SVM	158	175	25	42	33	0.005
LR	0	200	0	200	1	0.0025
Ye-LDA	153	176	24	47	205	0.005
DTree-10	58	177	23	142	4	0.005
DTree-20	119	163	37	81	7	0.0025
RFC-50	128	174	26	72	93	0.015
RFC-100	126	173	27	74	72	0.0375
NLSVM-0.1	3	200	0	197	17	0.12
NLSVM-1.0	180	104	96	20	14	0.1125
NLSVM-10	163	178	22	37	15	0.095
LDA	146	148	52	54	393	0.175
SDA-0.5	145	157	43	55	1513	0.17
SDA-1.0	145	157	43	55	1580	0.1725
SDA-1.5	145	157	43	55	1465	0.165
SDA-2.0	145	156	44	55	1586	0.165
SDA-2.5	145	156	44	55	1525	0.17
SDA-3.0	145	156	44	55	1507	0.1675
\TheName{}-0.5	171	147	53	29	1633	0.17
\TheName{}-1.0	161	160	40	39	1704	0.1725
\TheName{}-1.5	153	160	40	47	1545	0.1675
\TheName{}-2.0	149	158	42	51	1596	0.1825
\TheName{}-2.5	148	157	43	52	1607	0.1675
\TheName{}-3.0	147	157	43	53	1522	0.1775
SVM	167	161	39	33	20	0.005
LR	0	200	0	200	1	0.0075
Ye-LDA	156	159	41	44	212	0.005
DTree-10	40	179	21	160	4	0.005
DTree-20	73	173	27	127	6	0.005
RFC-50	94	171	29	106	91	0.015
RFC-100	107	170	30	93	201	0.0825
NLSVM-0.1	200	27	173	0	18	0.125
NLSVM-1.0	199	69	131	1	15	0.0975
NLSVM-10	100	183	17	100	13	0.0875
LDA	140	143	57	60	438	0.18
SDA-0.5	144	167	33	56	1554	0.1625
SDA-1.0	138	167	33	62	1530	0.1825
SDA-1.5	138	166	34	62	1544	0.1725
SDA-2.0	138	166	34	62	1516	0.1825
SDA-2.5	137	166	34	63	1508	0.175
SDA-3.0	137	166	34	63	1511	0.1675
\TheName{}-0.5	173	172	28	27	1604	0.1825
\TheName{}-1.0	153	170	30	47	1548	0.17
\TheName{}-1.5	147	168	32	53	1594	0.1875
\TheName{}-2.0	144	168	32	56	1621	0.1675
\TheName{}-2.5	144	167	33	56	1570	0.165
\TheName{}-3.0	143	168	32	57	1610	0.1775
SVM	179	170	30	21	23	0.005
LR	0	200	0	200	0	0.005
Ye-LDA	146	172	28	54	218	0.005
DTree-10	72	175	25	128	13	0.0025
DTree-20	118	151	49	82	8	0.0025
RFC-50	126	172	28	74	99	0.0175
RFC-100	125	170	30	75	223	0.055
NLSVM-0.1	5	200	0	195	19	0.125
NLSVM-1.0	188	88	112	12	14	0.1025
NLSVM-10	105	184	16	95	14	0.09
LDA	144	149	51	56	387	0.175
SDA-0.5	98	177	23	102	1497	0.1725
SDA-1.0	99	175	25	101	1510	0.175
SDA-1.5	99	175	25	101	1550	0.1675
SDA-2.0	98	174	26	102	1565	0.19
SDA-2.5	98	174	26	102	1550	0.1725
SDA-3.0	98	174	26	102	1547	0.17
\TheName{}-0.5	147	72	128	53	1568	0.1775
\TheName{}-1.0	140	175	25	60	1532	0.1675
\TheName{}-1.5	112	177	23	88	1567	0.185
\TheName{}-2.0	107	176	24	93	1566	0.1675
\TheName{}-2.5	104	176	24	96	1577	0.17
\TheName{}-3.0	103	176	24	97	1553	0.185
SVM	170	159	41	30	21	0.005
LR	0	200	0	200	1	0.005
Ye-LDA	137	174	26	63	208	0.0075
DTree-10	68	187	13	132	3	0.005
DTree-20	100	176	24	100	6	0.005
RFC-50	103	178	22	97	88	0.0175
RFC-100	103	178	22	97	186	0.0475
NLSVM-0.1	199	37	163	1	18	0.12
NLSVM-1.0	175	102	98	25	15	0.0925
NLSVM-10	89	186	14	111	13	0.085
LDA	140	135	65	60	410	0.1825
SDA-0.5	124	180	20	76	1500	0.185
SDA-1.0	124	179	21	76	1514	0.1675
SDA-1.5	123	178	22	77	1542	0.1675
SDA-2.0	123	178	22	77	1482	0.1825
SDA-2.5	123	178	22	77	1544	0.1925
SDA-3.0	123	178	22	77	1562	0.1675
\TheName{}-0.5	163	153	47	37	1612	0.1975
\TheName{}-1.0	153	182	18	47	1606	0.165
\TheName{}-1.5	140	181	19	60	1607	0.185
\TheName{}-2.0	132	180	20	68	1554	0.2075
\TheName{}-2.5	130	179	21	70	1618	0.18
\TheName{}-3.0	129	179	21	71	1625	0.165
SVM	170	171	29	30	18	0.005
LR	200	0	200	0	1	0.005
Ye-LDA	172	168	32	28	206	0.005
DTree-10	60	185	15	140	5	0.0025
DTree-20	100	165	35	100	7	0.0025
RFC-50	115	176	24	85	99	0.0225
RFC-100	117	171	29	83	222	0.0525
NLSVM-0.1	200	23	177	0	18	0.1275
NLSVM-1.0	188	98	102	12	14	0.1125
NLSVM-10	156	175	25	44	16	0.095
LDA	164	133	67	36	383	0.1925
SDA-0.5	144	182	18	56	1506	0.1675
SDA-1.0	141	182	18	59	1493	0.17
SDA-1.5	141	182	18	59	1543	0.1775
SDA-2.0	142	182	18	58	1566	0.165
SDA-2.5	140	182	18	60	1575	0.1725
SDA-3.0	140	182	18	60	1584	0.185
\TheName{}-0.5	181	117	83	19	1635	0.17
\TheName{}-1.0	184	176	24	16	1630	0.1725
\TheName{}-1.5	165	183	17	35	1571	0.175
\TheName{}-2.0	156	184	16	44	1603	0.1675
\TheName{}-2.5	152	184	16	48	1587	0.175
\TheName{}-3.0	151	182	18	49	1568	0.17
SVM	186	145	55	14	23	0.0025
LR	0	200	0	200	1	0.005
Ye-LDA	176	166	34	24	204	0.0025
DTree-10	193	90	110	7	7	0.0025
DTree-20	189	117	83	11	9	0.0025
RFC-50	127	183	17	73	97	0.0175
RFC-100	132	182	18	68	223	0.04
NLSVM-0.1	200	36	164	0	20	0.135
NLSVM-1.0	81	164	36	119	15	0.115
NLSVM-10	195	133	67	5	13	0.0925
LDA	142	132	68	58	425	0.1825
SDA-0.5	139	173	27	61	1485	0.165
SDA-1.0	137	170	30	63	1488	0.1675
SDA-1.5	137	170	30	63	1490	0.1825
SDA-2.0	137	170	30	63	1468	0.1675
SDA-2.5	137	170	30	63	1462	0.17
SDA-3.0	137	170	30	63	1503	0.18
\TheName{}-0.5	182	175	25	18	1584	0.1675
\TheName{}-1.0	154	177	23	46	1556	0.17
\TheName{}-1.5	148	175	25	52	1522	0.1825
\TheName{}-2.0	145	174	26	55	1554	0.1675
\TheName{}-2.5	143	173	27	57	1533	0.1775
\TheName{}-3.0	142	172	28	58	1506	0.17
SVM	186	159	41	14	21	0.005
LR	0	200	0	200	2	0.005
Ye-LDA	151	180	20	49	209	0.0075
DTree-10	54	186	14	146	3	0.005
DTree-20	103	175	25	97	6	0.005
RFC-50	112	183	17	88	95	0.02
RFC-100	112	177	23	88	202	0.0425
NLSVM-0.1	200	26	174	0	18	0.125
NLSVM-1.0	196	76	124	4	15	0.09
NLSVM-10	196	96	104	4	13	0.0875
LDA	157	154	46	43	397	0.185
SDA-0.5	136	178	22	64	1563	0.1775
SDA-1.0	134	179	21	66	1545	0.1675
SDA-1.5	134	179	21	66	1531	0.175
SDA-2.0	134	179	21	66	1518	0.18
SDA-2.5	134	179	21	66	1482	0.1675
SDA-3.0	134	179	21	66	1531	0.17
\TheName{}-0.5	174	148	52	26	1624	0.1675
\TheName{}-1.0	158	174	26	42	1593	0.17
\TheName{}-1.5	151	176	24	49	1587	0.18
\TheName{}-2.0	147	178	22	53	1615	0.165
\TheName{}-2.5	145	178	22	55	1574	0.1775
\TheName{}-3.0	143	178	22	57	1585	0.17
SVM	175	172	28	25	20	0.005
LR	0	200	0	200	1	0.005
Ye-LDA	140	170	30	60	214	0.005
DTree-10	48	183	17	152	3	0.005
DTree-20	81	177	23	119	6	0.0075
RFC-50	118	175	25	82	95	0.0175
RFC-100	112	180	20	88	211	0.055
NLSVM-0.1	198	17	183	2	19	0.1325
NLSVM-1.0	192	101	99	8	15	0.1025
NLSVM-10	110	194	6	90	15	0.1075
LDA	145	152	48	55	394	0.1775
SDA-0.5	136	167	33	64	1545	0.165
SDA-1.0	135	165	35	65	1473	0.1675
SDA-1.5	133	164	36	67	1510	0.1775
SDA-2.0	133	163	37	67	1545	0.165
SDA-2.5	132	164	36	68	1505	0.165
SDA-3.0	132	164	36	68	1561	0.175
\TheName{}-0.5	182	162	38	18	1645	0.1675
\TheName{}-1.0	154	171	29	46	1622	0.1725
\TheName{}-1.5	140	167	33	60	1683	0.185
\TheName{}-2.0	137	165	35	63	1677	0.1675
\TheName{}-2.5	137	164	36	63	1620	0.18
\TheName{}-3.0	136	164	36	64	1613	0.1675
SVM	181	167	33	19	24	0.0025
LR	0	200	0	200	1	0.0025
Ye-LDA	157	170	30	43	208	0.005
DTree-10	82	167	33	118	4	0.0025
DTree-20	84	172	28	116	7	0.0025
RFC-50	118	172	28	82	93	0.015
RFC-100	120	172	28	80	222	0.0175
NLSVM-0.1	200	30	170	0	19	0.125
NLSVM-1.0	196	75	125	4	15	0.1025
NLSVM-10	136	175	25	64	14	0.0925
LDA	147	139	61	53	385	0.1925
SDA-0.5	148	177	23	52	1461	0.1825
SDA-1.0	146	177	23	54	1480	0.1675
SDA-1.5	146	177	23	54	1513	0.1825
SDA-2.0	148	177	23	52	1459	0.17
SDA-2.5	148	177	23	52	1519	0.1775
SDA-3.0	148	177	23	52	1526	0.18
\TheName{}-0.5	174	174	26	26	1510	0.1725
\TheName{}-1.0	160	180	20	40	1583	0.17
\TheName{}-1.5	153	179	21	47	1603	0.1775
\TheName{}-2.0	151	178	22	49	1553	0.17
\TheName{}-2.5	151	178	22	49	1564	0.17
\TheName{}-3.0	150	178	22	50	1635	0.18
SVM	177	171	29	23	30	0.0075
LR	0	200	0	200	1	0.005
Ye-LDA	154	182	18	46	212	0.005
DTree-10	192	50	150	8	4	0.005
DTree-20	102	186	14	98	6	0.005
RFC-50	110	188	12	90	91	0.0175
RFC-100	109	188	12	91	188	0.0475
NLSVM-0.1	200	27	173	0	18	0.1275
NLSVM-1.0	191	100	100	9	15	0.1025
NLSVM-10	90	197	3	110	13	0.085
LDA	136	133	67	64	388	0.1825
SDA-0.5	170	163	37	30	1494	0.1825
SDA-1.0	167	163	37	33	1482	0.1775
SDA-1.5	167	163	37	33	1485	0.165
SDA-2.0	167	163	37	33	1469	0.175
SDA-2.5	167	163	37	33	1495	0.1675
SDA-3.0	167	163	37	33	1497	0.165
\TheName{}-0.5	188	171	29	12	1571	0.185
\TheName{}-1.0	176	166	34	24	1609	0.165
\TheName{}-1.5	175	164	36	25	1555	0.19
\TheName{}-2.0	174	164	36	26	1579	0.17
\TheName{}-2.5	171	162	38	29	1606	0.1725
\TheName{}-3.0	170	163	37	30	1619	0.1775
SVM	185	164	36	15	22	0.005
LR	200	0	200	0	1	0.0025
Ye-LDA	186	158	42	14	196	0.005
DTree-10	47	192	8	153	5	0.0025
DTree-20	87	182	18	113	9	0.005
RFC-50	134	176	24	66	106	0.0175
RFC-100	132	180	20	68	202	0.045
NLSVM-0.1	199	33	167	1	17	0.19
NLSVM-1.0	192	83	117	8	15	0.185
NLSVM-10	199	47	153	1	16	0.0875
LDA	143	137	63	57	388	0.1725
SDA-0.5	140	175	25	60	1550	0.185
SDA-1.0	136	175	25	64	1573	0.18
SDA-1.5	136	175	25	64	1585	0.1675
SDA-2.0	136	175	25	64	1599	0.18
SDA-2.5	135	175	25	65	1605	0.1725
SDA-3.0	135	175	25	65	1530	0.17
\TheName{}-0.5	182	144	56	18	1661	0.1775
\TheName{}-1.0	169	176	24	31	1620	0.17
\TheName{}-1.5	153	175	25	47	1587	0.205
\TheName{}-2.0	147	176	24	53	1592	0.17
\TheName{}-2.5	144	176	24	56	1600	0.1675
\TheName{}-3.0	141	176	24	59	1551	0.1875
SVM	173	168	32	27	16	0.0025
LR	0	200	0	200	1	0.005
Ye-LDA	148	175	25	52	205	0.005
DTree-10	187	54	146	13	4	0.0025
DTree-20	62	177	23	138	8	0.0025
RFC-50	98	183	17	102	92	0.0175
RFC-100	103	185	15	97	234	0.0325
NLSVM-0.1	3	199	1	197	20	0.125
NLSVM-1.0	200	73	127	0	14	0.0975
NLSVM-10	200	40	160	0	13	0.095
LDA	147	171	29	53	394	0.1775
SDA-0.5	131	169	31	69	1549	0.1775
SDA-1.0	129	169	31	71	1450	0.17
SDA-1.5	128	169	31	72	1514	0.1725
SDA-2.0	128	169	31	72	1538	0.18
SDA-2.5	128	169	31	72	1460	0.17
SDA-3.0	128	169	31	72	1535	0.17
\TheName{}-0.5	174	151	49	26	1650	0.1775
\TheName{}-1.0	155	172	28	45	1576	0.17
\TheName{}-1.5	142	168	32	58	1593	0.18
\TheName{}-2.0	136	168	32	64	1592	0.195
\TheName{}-2.5	135	168	32	65	1536	0.1675
\TheName{}-3.0	134	168	32	66	1650	0.1725
SVM	180	177	23	20	18	0.0025
LR	0	200	0	200	1	0.005
Ye-LDA	148	179	21	52	203	0.005
DTree-10	84	189	11	116	4	0.005
DTree-20	115	172	28	85	6	0.0025
RFC-50	119	168	32	81	94	0.015
RFC-100	121	173	27	79	200	0.0425
NLSVM-0.1	200	23	177	0	18	0.125
NLSVM-1.0	184	86	114	16	15	0.0975
NLSVM-10	92	195	5	108	13	0.0925
LDA	139	129	71	61	396	0.1675
SDA-0.5	128	176	24	72	1515	0.18
SDA-1.0	127	174	26	73	1520	0.165
SDA-1.5	126	174	26	74	1481	0.175
SDA-2.0	126	174	26	74	1519	0.1775
SDA-2.5	126	174	26	74	1529	0.165
SDA-3.0	126	174	26	74	1522	0.17
\TheName{}-0.5	181	142	58	19	1647	0.1725
\TheName{}-1.0	162	179	21	38	1632	0.18
\TheName{}-1.5	145	180	20	55	1629	0.1675
\TheName{}-2.0	138	178	22	62	1623	0.175
\TheName{}-2.5	136	177	23	64	1651	0.17
\TheName{}-3.0	134	177	23	66	1568	0.18
SVM	183	169	31	17	27	0.005
LR	0	200	0	200	1	0.005
Ye-LDA	156	175	25	44	206	0.005
DTree-10	79	186	14	121	3	0.005
DTree-20	105	179	21	95	5	0.005
RFC-50	96	187	13	104	83	0.015
RFC-100	108	187	13	92	188	0.0425
NLSVM-0.1	199	35	165	1	18	0.1275
NLSVM-1.0	200	71	129	0	14	0.105
NLSVM-10	181	167	33	19	13	0.095
LDA	138	161	39	62	387	0.1675
SDA-0.5	136	177	23	64	1533	0.1675
SDA-1.0	135	175	25	65	1512	0.18
SDA-1.5	134	175	25	66	1535	0.1725
SDA-2.0	134	175	25	66	1504	0.17
SDA-2.5	134	175	25	66	1529	0.19
SDA-3.0	134	175	25	66	1568	0.1725
\TheName{}-0.5	174	136	64	26	1610	0.18
\TheName{}-1.0	164	178	22	36	1618	0.19
\TheName{}-1.5	146	176	24	54	1675	0.1675
\TheName{}-2.0	139	175	25	61	1616	0.1725
\TheName{}-2.5	136	175	25	64	1619	0.175
\TheName{}-3.0	136	175	25	64	1598	0.165
SVM	166	160	40	34	12	0.005
LR	0	200	0	200	1	0.0025
Ye-LDA	151	179	21	49	203	0.0025
DTree-10	97	169	31	103	4	0.0025
DTree-20	122	161	39	78	7	0.0025
RFC-50	120	177	23	80	83	0.0175
RFC-100	125	177	23	75	177	0.0375
NLSVM-0.1	199	30	170	1	18	0.1275
NLSVM-1.0	184	115	85	16	16	0.105
NLSVM-10	165	170	30	35	13	0.0875
LDA	144	135	65	56	399	0.1825
SDA-0.5	179	181	19	21	1516	0.17
SDA-1.0	178	181	19	22	1515	0.1725
SDA-1.5	177	181	19	23	1498	0.1825
SDA-2.0	176	181	19	24	1542	0.2075
SDA-2.5	175	179	21	25	1500	0.1725
SDA-3.0	175	179	21	25	1478	0.18
\TheName{}-0.5	191	162	38	9	1594	0.175
\TheName{}-1.0	188	177	23	12	1593	0.175
\TheName{}-1.5	183	177	23	17	1572	0.195
\TheName{}-2.0	181	178	22	19	1568	0.17
\TheName{}-2.5	178	178	22	22	1618	0.1725
\TheName{}-3.0	178	178	22	22	1557	0.17
SVM	180	166	34	20	21	0.005
LR	0	200	0	200	1	0.005
Ye-LDA	180	167	33	20	212	0.005
DTree-10	95	172	28	105	4	0.0025
DTree-20	97	180	20	103	9	0.0025
RFC-50	115	176	24	85	35	0.02
RFC-100	120	179	21	80	221	0.0525
NLSVM-0.1	199	27	173	1	19	0.1425
NLSVM-1.0	199	77	123	1	14	0.1025
NLSVM-10	197	91	109	3	15	0.0975
LDA	141	160	40	59	400	0.1775
SDA-0.5	152	166	34	48	1521	0.1675
SDA-1.0	149	164	36	51	1540	0.1675
SDA-1.5	148	164	36	52	1544	0.165
SDA-2.0	147	164	36	53	1580	0.1725
SDA-2.5	147	163	37	53	1618	0.17
SDA-3.0	147	163	37	53	1605	0.165
\TheName{}-0.5	188	152	48	12	1645	0.185
\TheName{}-1.0	166	171	29	34	1629	0.17
\TheName{}-1.5	158	167	33	42	1671	0.2
\TheName{}-2.0	158	167	33	42	1725	0.1675
\TheName{}-2.5	154	166	34	46	1608	0.1825
\TheName{}-3.0	153	166	34	47	1560	0.1825
SVM	178	169	31	22	19	0.005
LR	0	200	0	200	1	0.0025
Ye-LDA	160	174	26	40	208	0.0025
DTree-10	77	187	13	123	4	0.005
DTree-20	103	180	20	97	6	0.005
RFC-50	106	180	20	94	25	0.015
RFC-100	115	179	21	85	172	0.035
NLSVM-0.1	6	198	2	194	17	0.13
NLSVM-1.0	198	68	132	2	15	0.1
NLSVM-10	114	186	14	86	13	0.105
LDA	150	145	55	50	396	0.185
SDA-0.5	142	180	20	58	1457	0.18
SDA-1.0	138	178	22	62	1492	0.1675
SDA-1.5	137	177	23	63	1501	0.17
SDA-2.0	137	177	23	63	1481	0.18
SDA-2.5	137	177	23	63	1482	0.1725
SDA-3.0	136	177	23	64	1503	0.165
\TheName{}-0.5	185	156	44	15	1584	0.18
\TheName{}-1.0	168	180	20	32	1550	0.1675
\TheName{}-1.5	152	180	20	48	1579	0.1725
\TheName{}-2.0	151	179	21	49	1661	0.1725
\TheName{}-2.5	147	177	23	53	1537	0.165
\TheName{}-3.0	146	177	23	54	1657	0.1725
SVM	187	164	36	13	28	0.0075
LR	0	200	0	200	1	0.0025
Ye-LDA	145	177	23	55	223	0.005
DTree-10	46	188	12	154	3	0.005
DTree-20	95	180	20	105	6	0.0025
RFC-50	101	181	19	99	96	0.015
RFC-100	102	183	17	98	191	0.0475
NLSVM-0.1	199	33	167	1	18	0.13
NLSVM-1.0	197	109	91	3	15	0.11
NLSVM-10	194	150	50	6	13	0.09
LDA	147	160	40	53	385	0.175
SDA-0.5	112	179	21	88	1452	0.17
SDA-1.0	109	179	21	91	1481	0.1775
SDA-1.5	108	178	22	92	1545	0.165
SDA-2.0	108	176	24	92	1463	0.17
SDA-2.5	108	176	24	92	1536	0.1825
SDA-3.0	108	175	25	92	1512	0.1675
\TheName{}-0.5	164	141	59	36	1543	0.17
\TheName{}-1.0	147	181	19	53	1592	0.1775
\TheName{}-1.5	128	182	18	72	1786	0.1675
\TheName{}-2.0	122	180	20	78	1643	0.1725
\TheName{}-2.5	120	179	21	80	1603	0.1775
\TheName{}-3.0	118	178	22	82	1587	0.165
SVM	179	162	38	21	16	0.01
LR	0	200	0	200	1	0.005
Ye-LDA	153	161	39	47	212	0.0075
DTree-10	190	43	157	10	4	0.005
DTree-20	84	181	19	116	5	0.0075
RFC-50	105	174	26	95	116	0.025
RFC-100	103	175	25	97	230	0.045
NLSVM-0.1	200	27	173	0	18	0.1375
NLSVM-1.0	199	78	122	1	17	0.12
NLSVM-10	185	139	61	15	14	0.085
LDA	147	161	39	53	394	0.1725
SDA-0.5	122	164	36	78	1455	0.1725
SDA-1.0	120	163	37	80	1453	0.17
SDA-1.5	120	163	37	80	1440	0.1825
SDA-2.0	118	163	37	82	1424	0.1775
SDA-2.5	118	163	37	82	1476	0.1725
SDA-3.0	118	163	37	82	1491	0.1675
\TheName{}-0.5	184	157	43	16	1494	0.1775
\TheName{}-1.0	147	169	31	53	1503	0.1725
\TheName{}-1.5	133	165	35	67	1571	0.17
\TheName{}-2.0	127	165	35	73	1475	0.1925
\TheName{}-2.5	126	164	36	74	1531	0.17
\TheName{}-3.0	123	164	36	77	1516	0.17
SVM	185	161	39	15	22	0.005
LR	0	200	0	200	1	0.0025
Ye-LDA	161	163	37	39	208	0.005
DTree-10	60	177	23	140	4	0.0025
DTree-20	113	158	42	87	7	0.0025
RFC-50	111	163	37	89	98	0.0175
RFC-100	112	170	30	88	181	0.0375
NLSVM-0.1	5	200	0	195	21	0.1275
NLSVM-1.0	190	84	116	10	14	0.105
NLSVM-10	98	181	19	102	15	0.095
LDA	147	124	76	53	386	0.175
SDA-0.5	160	173	27	40	1477	0.165
SDA-1.0	159	172	28	41	1512	0.175
SDA-1.5	159	172	28	41	1481	0.1675
SDA-2.0	158	171	29	42	1519	0.165
SDA-2.5	157	171	29	43	1489	0.165
SDA-3.0	157	170	30	43	1477	0.1775
\TheName{}-0.5	182	148	52	18	1550	0.17
\TheName{}-1.0	185	158	42	15	1563	0.165
\TheName{}-1.5	180	166	34	20	1592	0.18
\TheName{}-2.0	173	167	33	27	1518	0.1675
\TheName{}-2.5	173	167	33	27	1602	0.18
\TheName{}-3.0	172	168	32	28	1615	0.1725
SVM	181	165	35	19	31	0.0075
LR	0	200	0	200	1	0.0075
Ye-LDA	176	153	47	24	218	0.005
DTree-10	192	82	118	8	5	0.0025
DTree-20	104	180	20	96	8	0.005
RFC-50	133	172	28	67	105	0.025
RFC-100	141	172	28	59	240	0.0525
NLSVM-0.1	200	30	170	0	19	0.1275
NLSVM-1.0	200	72	128	0	16	0.1025
NLSVM-10	200	44	156	0	14	0.095
LDA	148	140	60	52	379	0.1775
SDA-0.5	153	174	26	47	1533	0.1775
SDA-1.0	148	173	27	52	1531	0.1675
SDA-1.5	146	173	27	54	1497	0.165
SDA-2.0	146	173	27	54	1502	0.1775
SDA-2.5	146	173	27	54	1504	0.165
SDA-3.0	146	173	27	54	1443	0.165
\TheName{}-0.5	188	135	65	12	1614	0.17
\TheName{}-1.0	176	169	31	24	1626	0.17
\TheName{}-1.5	172	173	27	28	1578	0.17
\TheName{}-2.0	163	175	25	37	1584	0.1775
\TheName{}-2.5	161	173	27	39	1589	0.17
\TheName{}-3.0	159	173	27	41	1500	0.1725
SVM	184	165	35	16	20	0.005
LR	0	200	0	200	1	0.005
Ye-LDA	175	159	41	25	214	0.005
DTree-10	74	184	16	126	4	0.005
DTree-20	99	178	22	101	6	0.0025
RFC-50	135	183	17	65	97	0.0175
RFC-100	136	185	15	64	212	0.0575
NLSVM-0.1	200	28	172	0	18	0.125
NLSVM-1.0	199	86	114	1	14	0.0975
NLSVM-10	200	73	127	0	13	0.085
LDA	135	136	64	65	386	0.1725
SDA-0.5	137	170	30	63	1472	0.18
SDA-1.0	136	169	31	64	1472	0.165
SDA-1.5	136	169	31	64	1482	0.185
SDA-2.0	136	168	32	64	1466	0.1775
SDA-2.5	135	167	33	65	1502	0.165
SDA-3.0	135	167	33	65	1531	0.1725
\TheName{}-0.5	183	162	38	17	1602	0.175
\TheName{}-1.0	156	178	22	44	1616	0.165
\TheName{}-1.5	152	174	26	48	1563	0.1875
\TheName{}-2.0	147	175	25	53	1546	0.1675
\TheName{}-2.5	142	174	26	58	1531	0.1675
\TheName{}-3.0	140	174	26	60	1532	0.18
SVM	181	175	25	19	19	0.005
LR	0	200	0	200	1	0.0025
Ye-LDA	151	170	30	49	208	0.005
DTree-10	102	162	38	98	4	0.005
DTree-20	116	158	42	84	7	0.0025
RFC-50	130	161	39	70	27	0.015
RFC-100	132	164	36	68	200	0.0475
NLSVM-0.1	200	38	162	0	19	0.1375
NLSVM-1.0	194	74	126	6	18	0.1025
NLSVM-10	93	191	9	107	12	0.085
LDA	134	139	61	66	397	0.18
SDA-0.5	128	163	37	72	1504	0.17
SDA-1.0	125	163	37	75	1454	0.1825
SDA-1.5	125	161	39	75	1526	0.1725
SDA-2.0	124	161	39	76	1553	0.17
SDA-2.5	124	161	39	76	1472	0.18
SDA-3.0	124	161	39	76	1553	0.17
\TheName{}-0.5	177	170	30	23	1607	0.1675
\TheName{}-1.0	146	165	35	54	1596	0.1775
\TheName{}-1.5	136	164	36	64	1598	0.17
\TheName{}-2.0	134	164	36	66	1580	0.1775
\TheName{}-2.5	131	163	37	69	1574	0.175
\TheName{}-3.0	131	163	37	69	1650	0.165
SVM	181	160	40	19	39	0.005
LR	0	200	0	200	1	0.0025
Ye-LDA	141	169	31	59	218	0.005
DTree-10	187	68	132	13	6	0.005
DTree-20	184	101	99	16	6	0.0025
RFC-50	129	173	27	71	112	0.0125
RFC-100	127	169	31	73	207	0.045
NLSVM-0.1	200	32	168	0	18	0.135
NLSVM-1.0	185	85	115	15	14	0.105
NLSVM-10	92	190	10	108	15	0.09
LDA	141	146	54	59	390	0.1775
SDA-0.5	138	177	23	62	1504	0.1675
SDA-1.0	135	174	26	65	1500	0.165
SDA-1.5	134	173	27	66	1522	0.175
SDA-2.0	134	173	27	66	1497	0.1625
SDA-2.5	131	173	27	69	1445	0.165
SDA-3.0	131	173	27	69	1485	0.18
\TheName{}-0.5	175	176	24	25	1555	0.165
\TheName{}-1.0	152	181	19	48	1593	0.1725
\TheName{}-1.5	146	179	21	54	1575	0.185
\TheName{}-2.0	142	176	24	58	1581	0.1675
\TheName{}-2.5	140	177	23	60	1549	0.1775
\TheName{}-3.0	139	176	24	61	1531	0.18
SVM	157	171	29	43	22	0.005
LR	0	200	0	200	1	0.0075
Ye-LDA	129	179	21	71	213	0.0075
DTree-10	33	191	9	167	4	0.005
DTree-20	71	178	22	129	6	0.0025
RFC-50	116	172	28	84	97	0.02
RFC-100	117	166	34	83	252	0.045
NLSVM-0.1	200	18	182	0	18	0.1275
NLSVM-1.0	193	68	132	7	14	0.1
NLSVM-10	77	195	5	123	14	0.09
LDA	144	127	73	56	391	0.1775
SDA-0.5	135	179	21	65	1463	0.17
SDA-1.0	132	178	22	68	1515	0.1825
SDA-1.5	132	178	22	68	1499	0.1675
SDA-2.0	130	177	23	70	1490	0.17
SDA-2.5	130	177	23	70	1510	0.1825
SDA-3.0	130	177	23	70	1563	0.1675
\TheName{}-0.5	178	161	39	22	1589	0.1675
\TheName{}-1.0	154	182	18	46	1594	0.1775
\TheName{}-1.5	144	182	18	56	1660	0.165
\TheName{}-2.0	140	181	19	60	1710	0.1775
\TheName{}-2.5	137	181	19	63	1625	0.1925
\TheName{}-3.0	136	181	19	64	1622	0.1675
SVM	172	173	27	28	20	0.005
LR	0	200	0	200	1	0.0025
Ye-LDA	137	186	14	63	209	0.005
DTree-10	42	193	7	158	4	0.0
DTree-20	84	187	13	116	7	0.0025
RFC-50	125	187	13	75	104	0.0175
RFC-100	121	191	9	79	260	0.07
NLSVM-0.1	118	165	35	82	24	0.14
NLSVM-1.0	31	192	8	169	13	0.095
NLSVM-10	56	200	0	144	13	0.0825
LDA	145	132	68	55	395	0.1775
SDA-0.5	116	177	23	84	1534	0.1675
SDA-1.0	116	177	23	84	1561	0.165
SDA-1.5	114	177	23	86	1542	0.1775
SDA-2.0	113	177	23	87	1579	0.17
SDA-2.5	114	177	23	86	1586	0.165
SDA-3.0	114	177	23	86	1511	0.1875
\TheName{}-0.5	185	139	61	15	1594	0.1675
\TheName{}-1.0	154	181	19	46	1586	0.165
\TheName{}-1.5	135	180	20	65	1575	0.18
\TheName{}-2.0	130	179	21	70	1580	0.1675
\TheName{}-2.5	127	179	21	73	1589	0.175
\TheName{}-3.0	126	178	22	74	1568	0.18
SVM	179	166	34	21	21	0.005
LR	0	200	0	200	1	0.005
Ye-LDA	150	179	21	50	216	0.005
DTree-10	195	66	134	5	4	0.005
DTree-20	85	179	21	115	7	0.0125
RFC-50	105	185	15	95	106	0.0175
RFC-100	109	188	12	91	176	0.0425
NLSVM-0.1	3	199	1	197	20	0.125
NLSVM-1.0	179	91	109	21	13	0.0975
NLSVM-10	142	182	18	58	17	0.095
LDA	132	150	50	68	396	0.175
SDA-0.5	147	180	20	53	1519	0.195
SDA-1.0	145	180	20	55	1484	0.1675
SDA-1.5	144	180	20	56	1516	0.17
SDA-2.0	143	180	20	57	1487	0.1775
SDA-2.5	143	180	20	57	1528	0.17
SDA-3.0	143	180	20	57	1498	0.1625
\TheName{}-0.5	170	185	15	30	1559	0.18
\TheName{}-1.0	159	185	15	41	1639	0.1725
\TheName{}-1.5	149	185	15	51	1607	0.17
\TheName{}-2.0	147	182	18	53	1693	0.1825
\TheName{}-2.5	146	181	19	54	1662	0.1775
\TheName{}-3.0	146	180	20	54	1530	0.1675
SVM	170	181	19	30	22	0.0075
LR	0	200	0	200	1	0.005
Ye-LDA	156	185	15	44	212	0.005
DTree-10	67	178	22	133	4	0.005
DTree-20	89	173	27	111	6	0.005
RFC-50	125	173	27	75	97	0.0175
RFC-100	124	173	27	76	198	0.05
NLSVM-0.1	2	200	0	198	19	0.125
NLSVM-1.0	190	112	88	10	15	0.0975
NLSVM-10	100	195	5	100	13	0.0875
LDA	137	139	61	63	397	0.1825
SDA-0.5	144	173	27	56	1559	0.175
SDA-1.0	142	173	27	58	1519	0.175
SDA-1.5	140	171	29	60	1596	0.17
SDA-2.0	140	171	29	60	1576	0.17
SDA-2.5	140	171	29	60	1566	0.17
SDA-3.0	140	171	29	60	1541	0.18
\TheName{}-0.5	178	147	53	22	1591	0.175
\TheName{}-1.0	166	172	28	34	1574	0.175
\TheName{}-1.5	158	171	29	42	1623	0.1825
\TheName{}-2.0	155	170	30	45	1609	0.17
\TheName{}-2.5	149	170	30	51	1564	0.18
\TheName{}-3.0	147	171	29	53	1605	0.1725
SVM	173	163	37	27	17	0.005
LR	0	200	0	200	1	0.005
Ye-LDA	162	168	32	38	215	0.0025
DTree-10	79	175	25	121	4	0.0025
DTree-20	111	166	34	89	6	0.0075
RFC-50	116	169	31	84	82	0.0175
RFC-100	115	169	31	85	185	0.0475
NLSVM-0.1	200	36	164	0	20	0.1275
NLSVM-1.0	199	68	132	1	15	0.1
NLSVM-10	125	190	10	75	14	0.0925
LDA	131	150	50	69	392	0.18
SDA-0.5	145	181	19	55	1446	0.1775
SDA-1.0	144	180	20	56	1538	0.165
SDA-1.5	145	180	20	55	1516	0.165
SDA-2.0	145	180	20	55	1508	0.1875
SDA-2.5	145	180	20	55	1539	0.165
SDA-3.0	144	180	20	56	1516	0.165
\TheName{}-0.5	178	133	67	22	1541	0.1725
\TheName{}-1.0	182	177	23	18	1576	0.175
\TheName{}-1.5	167	182	18	33	1591	0.23
\TheName{}-2.0	158	180	20	42	1623	0.1825
\TheName{}-2.5	153	181	19	47	1644	0.175
\TheName{}-3.0	151	180	20	49	1689	0.1925
SVM	162	162	38	38	15	0.005
LR	0	200	0	200	1	0.005
Ye-LDA	152	167	33	48	216	0.005
DTree-10	36	189	11	164	5	0.005
DTree-20	63	181	19	137	8	0.0025
RFC-50	112	187	13	88	107	0.0175
RFC-100	111	181	19	89	233	0.0475
NLSVM-0.1	198	35	165	2	18	0.1375
NLSVM-1.0	197	104	96	3	15	0.1025
NLSVM-10	197	111	89	3	14	0.0975
LDA	135	138	62	65	389	0.1725
SDA-0.5	170	170	30	30	1521	0.165
SDA-1.0	169	170	30	31	1531	0.1775
SDA-1.5	169	170	30	31	1487	0.165
SDA-2.0	168	170	30	32	1470	0.165
SDA-2.5	169	170	30	31	1533	0.17
SDA-3.0	169	170	30	31	1559	0.18
\TheName{}-0.5	187	155	45	13	1589	0.1775
\TheName{}-1.0	180	169	31	20	1607	0.17
\TheName{}-1.5	171	169	31	29	1580	0.1775
\TheName{}-2.0	171	170	30	29	1521	0.175
\TheName{}-2.5	170	169	31	30	1614	0.1675
\TheName{}-3.0	170	169	31	30	1582	0.1775
SVM	165	177	23	35	21	0.005
LR	200	0	200	0	1	0.005
Ye-LDA	184	140	60	16	198	0.005
DTree-10	67	189	11	133	4	0.005
DTree-20	93	177	23	107	6	0.005
RFC-50	127	180	20	73	91	0.0175
RFC-100	128	180	20	72	187	0.045
NLSVM-0.1	200	23	177	0	18	0.1325
NLSVM-1.0	188	92	108	12	15	0.1025
NLSVM-10	130	189	11	70	16	0.085
LDA	137	146	54	63	404	0.1875
SDA-0.5	141	171	29	59	1481	0.1675
SDA-1.0	137	171	29	63	1537	0.18
SDA-1.5	135	171	29	65	1486	0.175
SDA-2.0	135	171	29	65	1543	0.1725
SDA-2.5	135	171	29	65	1564	0.185
SDA-3.0	135	171	29	65	1437	0.165
\TheName{}-0.5	182	171	29	18	1573	0.1725
\TheName{}-1.0	159	178	22	41	1583	0.1775
\TheName{}-1.5	151	176	24	49	1510	0.18
\TheName{}-2.0	146	177	23	54	1549	0.1675
\TheName{}-2.5	145	174	26	55	1582	0.175
\TheName{}-3.0	142	172	28	58	1541	0.175
SVM	173	169	31	27	17	0.005
LR	0	200	0	200	0	0.005
Ye-LDA	164	177	23	36	204	0.0075
DTree-10	194	96	104	6	4	0.0025
DTree-20	122	170	30	78	8	0.0025
RFC-50	129	181	19	71	111	0.015
RFC-100	130	184	16	70	231	0.05
NLSVM-0.1	200	42	158	0	19	0.135
NLSVM-1.0	187	97	103	13	17	0.1325
NLSVM-10	126	189	11	74	13	0.1
LDA	134	147	53	66	385	0.175
SDA-0.5	132	163	37	68	1528	0.1775
SDA-1.0	132	163	37	68	1493	0.1675
SDA-1.5	132	163	37	68	1480	0.1675
SDA-2.0	132	163	37	68	1566	0.1675
SDA-2.5	132	163	37	68	1582	0.185
SDA-3.0	132	163	37	68	1548	0.17
\TheName{}-0.5	183	159	41	17	1652	0.175
\TheName{}-1.0	144	165	35	56	1649	0.175
\TheName{}-1.5	136	163	37	64	1590	0.175
\TheName{}-2.0	134	162	38	66	1591	0.185
\TheName{}-2.5	133	163	37	67	1585	0.18
\TheName{}-3.0	133	163	37	67	1544	0.1675
SVM	173	173	27	27	20	0.005
LR	0	200	0	200	1	0.0025
Ye-LDA	159	170	30	41	206	0.0075
DTree-10	52	180	20	148	4	0.0025
DTree-20	88	168	32	112	7	0.0025
RFC-50	112	165	35	88	86	0.015
RFC-100	108	165	35	92	196	0.025
NLSVM-0.1	200	29	171	0	18	0.175
NLSVM-1.0	191	82	118	9	15	0.095
NLSVM-10	97	183	17	103	14	0.2425
LDA	140	147	53	60	396	0.1875
SDA-0.5	147	184	16	53	1517	0.1725
SDA-1.0	144	183	17	56	1515	0.1675
SDA-1.5	143	183	17	57	1539	0.165
SDA-2.0	143	183	17	57	1498	0.19
SDA-2.5	143	183	17	57	1456	0.17
SDA-3.0	143	183	17	57	1503	0.17
\TheName{}-0.5	176	139	61	24	1631	0.1825
\TheName{}-1.0	175	179	21	25	1515	0.175
\TheName{}-1.5	164	183	17	36	1533	0.1675
\TheName{}-2.0	159	183	17	41	1610	0.1775
\TheName{}-2.5	155	183	17	45	1544	0.1675
\TheName{}-3.0	154	184	16	46	1602	0.1675
SVM	178	167	33	22	19	0.005
LR	0	200	0	200	1	0.005
Ye-LDA	168	181	19	32	209	0.005
DTree-10	182	100	100	18	3	0.005
DTree-20	183	151	49	17	7	0.0025
RFC-50	117	189	11	83	113	0.0225
RFC-100	120	189	11	80	230	0.0475
NLSVM-0.1	199	44	156	1	20	0.125
NLSVM-1.0	195	97	103	5	14	0.095
NLSVM-10	184	169	31	16	13	0.0875
LDA	154	138	62	46	394	0.175
SDA-0.5	135	168	32	65	1536	0.1825
SDA-1.0	133	168	32	67	1549	0.17
SDA-1.5	133	167	33	67	1510	0.18
SDA-2.0	133	166	34	67	1552	0.18
SDA-2.5	133	165	35	67	1473	0.1675
SDA-3.0	133	165	35	67	1506	0.165
\TheName{}-0.5	172	153	47	28	1539	0.18
\TheName{}-1.0	152	176	24	48	1549	0.1725
\TheName{}-1.5	142	175	25	58	1551	0.1725
\TheName{}-2.0	137	171	29	63	1849	0.185
\TheName{}-2.5	133	169	31	67	1561	0.17
\TheName{}-3.0	134	169	31	66	1703	0.17
SVM	178	171	29	22	34	0.005
LR	0	200	0	200	1	0.005
Ye-LDA	128	171	29	72	206	0.005
DTree-10	84	184	16	116	5	0.0025
DTree-20	115	173	27	85	6	0.005
RFC-50	120	178	22	80	29	0.01
RFC-100	124	175	25	76	234	0.1325
NLSVM-0.1	200	25	175	0	22	0.255
NLSVM-1.0	198	75	125	2	17	0.155
NLSVM-10	98	187	13	102	16	0.115
LDA	150	145	55	50	421	0.2125
SDA-0.5	127	182	18	73	1649	0.1775
SDA-1.0	125	182	18	75	1567	0.165
SDA-1.5	123	182	18	77	1517	0.175
SDA-2.0	122	182	18	78	1682	0.2275
SDA-2.5	122	183	17	78	1669	0.2075
SDA-3.0	122	183	17	78	1686	0.31
\TheName{}-0.5	166	133	67	34	1678	0.1775
\TheName{}-1.0	146	178	22	54	2069	0.17
\TheName{}-1.5	137	178	22	63	1689	0.175
\TheName{}-2.0	132	181	19	68	1917	0.2075
\TheName{}-2.5	129	181	19	71	1998	0.1825
\TheName{}-3.0	128	182	18	72	1957	0.185
SVM	171	172	28	29	21	0.0175
LR	0	200	0	200	1	0.0175
Ye-LDA	141	175	25	59	218	0.02
DTree-10	76	171	29	124	14	0.015
DTree-20	85	178	22	115	21	0.01
RFC-50	130	175	25	70	133	0.0325
RFC-100	128	179	21	72	282	0.05
NLSVM-0.1	200	33	167	0	18	0.165
NLSVM-1.0	86	167	33	114	16	0.1175
NLSVM-10	83	193	7	117	15	0.1375
LDA	140	144	56	60	473	0.1675
SDA-0.5	144	170	30	56	1505	0.1925
SDA-1.0	144	170	30	56	1586	0.1675
SDA-1.5	144	170	30	56	1629	0.17
SDA-2.0	142	169	31	58	1482	0.165
SDA-2.5	142	169	31	58	1549	0.1825
SDA-3.0	141	169	31	59	1548	0.1675
\TheName{}-0.5	186	161	39	14	1547	0.1675
\TheName{}-1.0	163	172	28	37	1627	0.18
\TheName{}-1.5	154	171	29	46	1586	0.1675
\TheName{}-2.0	150	169	31	50	1507	0.1675
\TheName{}-2.5	147	170	30	53	1601	0.1775
\TheName{}-3.0	145	170	30	55	1574	0.165
SVM	185	165	35	15	20	0.005
LR	0	200	0	200	1	0.005
Ye-LDA	152	170	30	48	209	0.005
DTree-10	60	186	14	140	4	0.0025
DTree-20	86	176	24	114	5	0.005
RFC-50	112	172	28	88	89	0.0175
RFC-100	121	172	28	79	188	0.0175
NLSVM-0.1	200	34	166	0	18	0.1225
NLSVM-1.0	196	76	124	4	15	0.0925
NLSVM-10	119	182	18	81	13	0.11
LDA	143	142	58	57	399	0.175
SDA-0.5	145	172	28	55	1473	0.165
SDA-1.0	145	172	28	55	1514	0.1725
SDA-1.5	145	172	28	55	1483	0.1675
SDA-2.0	145	172	28	55	1449	0.1875
SDA-2.5	145	172	28	55	1473	0.1675
SDA-3.0	145	172	28	55	1478	0.1675
\TheName{}-0.5	180	138	62	20	1535	0.19
\TheName{}-1.0	179	169	31	21	1545	0.165
\TheName{}-1.5	165	172	28	35	1545	0.165
\TheName{}-2.0	158	174	26	42	1515	0.2025
\TheName{}-2.5	153	173	27	47	1564	0.175
\TheName{}-3.0	152	173	27	48	1558	0.165
SVM	173	164	36	27	24	0.0025
LR	0	200	0	200	1	0.005
Ye-LDA	163	168	32	37	202	0.005
DTree-10	25	194	6	175	4	0.005
DTree-20	86	166	34	114	7	0.0025
RFC-50	104	189	11	96	90	0.015
RFC-100	103	185	15	97	226	0.03
NLSVM-0.1	121	153	47	79	17	0.12
NLSVM-1.0	198	72	128	2	14	0.1025
NLSVM-10	198	47	153	2	14	0.08
LDA	157	155	45	43	386	0.17
SDA-0.5	153	171	29	47	1504	0.165
SDA-1.0	150	170	30	50	1577	0.165
SDA-1.5	150	170	30	50	1423	0.18
SDA-2.0	150	170	30	50	1573	0.1675
SDA-2.5	150	170	30	50	1500	0.1675
SDA-3.0	150	170	30	50	1489	0.165
\TheName{}-0.5	194	152	48	6	1560	0.1775
\TheName{}-1.0	173	174	26	27	1580	0.17
\TheName{}-1.5	160	171	29	40	1562	0.17
\TheName{}-2.0	158	170	30	42	1565	0.175
\TheName{}-2.5	157	172	28	43	1559	0.165
\TheName{}-3.0	156	172	28	44	1578	0.1675
SVM	191	171	29	9	27	0.005
LR	0	200	0	200	1	0.0075
Ye-LDA	166	173	27	34	220	0.005
DTree-10	54	190	10	146	4	0.005
DTree-20	102	184	16	98	6	0.005
RFC-50	115	179	21	85	97	0.0175
RFC-100	116	179	21	84	211	0.0525
NLSVM-0.1	6	200	0	194	17	0.1325
NLSVM-1.0	54	184	16	146	15	0.1025
NLSVM-10	115	194	6	85	13	0.0975
LDA	144	146	54	56	389	0.1675
SDA-0.5	148	171	29	52	1475	0.165
SDA-1.0	145	171	29	55	1476	0.1775
SDA-1.5	144	171	29	56	1527	0.1775
SDA-2.0	144	170	30	56	1597	0.175
SDA-2.5	144	170	30	56	1584	0.18
SDA-3.0	144	170	30	56	1538	0.1825
\TheName{}-0.5	174	173	27	26	1597	0.165
\TheName{}-1.0	154	176	24	46	1589	0.165
\TheName{}-1.5	151	176	24	49	1538	0.18
\TheName{}-2.0	149	173	27	51	1568	0.165
\TheName{}-2.5	147	171	29	53	1581	0.1625
\TheName{}-3.0	148	171	29	52	1578	0.1675
SVM	170	178	22	30	16	0.0025
LR	0	200	0	200	1	0.005
Ye-LDA	158	167	33	42	206	0.005
DTree-10	195	45	155	5	4	0.0025
DTree-20	69	176	24	131	7	0.005
RFC-50	118	180	20	82	111	0.0225
RFC-100	114	183	17	86	241	0.0575
NLSVM-0.1	1	199	1	199	19	0.1275
NLSVM-1.0	179	113	87	21	15	0.1
NLSVM-10	194	121	79	6	12	0.09
LDA	149	155	45	51	406	0.175
SDA-0.5	135	181	19	65	1479	0.18
SDA-1.0	135	181	19	65	1472	0.165
SDA-1.5	133	181	19	67	1450	0.1675
SDA-2.0	133	181	19	67	1444	0.17
SDA-2.5	133	181	19	67	1441	0.1775
SDA-3.0	133	181	19	67	1434	0.17
\TheName{}-0.5	177	121	79	23	1566	0.165
\TheName{}-1.0	175	177	23	25	1515	0.1825
\TheName{}-1.5	156	177	23	44	1496	0.17
\TheName{}-2.0	149	179	21	51	1536	0.1675
\TheName{}-2.5	144	180	20	56	1517	0.175
\TheName{}-3.0	141	181	19	59	1489	0.1675
SVM	178	176	24	22	28	0.005
LR	0	200	0	200	1	0.0025
Ye-LDA	162	179	21	38	205	0.005
DTree-10	185	80	120	15	4	0.0025
DTree-20	77	185	15	123	8	0.0025
RFC-50	114	191	9	86	105	0.0175
RFC-100	111	185	15	89	219	0.0475
NLSVM-0.1	199	40	160	1	18	0.13
NLSVM-1.0	197	93	107	3	15	0.1075
NLSVM-10	99	196	4	101	13	0.095
LDA	118	149	51	82	390	0.1775
SDA-0.5	136	172	28	64	1520	0.1725
SDA-1.0	133	171	29	67	1434	0.1725
SDA-1.5	132	171	29	68	1489	0.1625
SDA-2.0	132	171	29	68	1470	0.17
SDA-2.5	132	171	29	68	1473	0.18
SDA-3.0	132	171	29	68	1482	0.1675
\TheName{}-0.5	182	160	40	18	1570	0.17
\TheName{}-1.0	147	178	22	53	1532	0.1875
\TheName{}-1.5	144	172	28	56	1546	0.165
\TheName{}-2.0	143	172	28	57	1566	0.1725
\TheName{}-2.5	141	172	28	59	1547	0.1725
\TheName{}-3.0	140	172	28	60	1542	0.1675
SVM	182	166	34	18	21	0.0075
LR	0	200	0	200	1	0.0025
Ye-LDA	147	171	29	53	208	0.005
DTree-10	74	179	21	126	4	0.0025
DTree-20	101	177	23	99	6	0.005
RFC-50	113	179	21	87	85	0.025
RFC-100	122	170	30	78	199	0.0475
NLSVM-0.1	199	30	170	1	18	0.125
NLSVM-1.0	182	122	78	18	14	0.0975
NLSVM-10	107	191	9	93	13	0.095
LDA	144	140	60	56	391	0.18
SDA-0.5	117	170	30	83	1551	0.165
SDA-1.0	115	167	33	85	1448	0.165
SDA-1.5	114	167	33	86	1459	0.1675
SDA-2.0	114	167	33	86	1504	0.185
SDA-2.5	114	167	33	86	1440	0.17
SDA-3.0	114	167	33	86	1505	0.1875
\TheName{}-0.5	150	79	121	50	1592	0.1725
\TheName{}-1.0	169	170	30	31	1538	0.165
\TheName{}-1.5	140	171	29	60	1549	0.165
\TheName{}-2.0	129	171	29	71	1615	0.175
\TheName{}-2.5	120	171	29	80	1516	0.17
\TheName{}-3.0	116	169	31	84	1568	0.1675
SVM	180	155	45	20	18	0.005
LR	0	200	0	200	1	0.0025
Ye-LDA	138	165	35	62	202	0.005
DTree-10	65	176	24	135	4	0.0025
DTree-20	115	163	37	85	8	0.0025
RFC-50	126	174	26	74	82	0.0125
RFC-100	128	175	25	72	196	0.03
NLSVM-0.1	3	197	3	197	19	0.1275
NLSVM-1.0	193	98	102	7	15	0.115
NLSVM-10	101	191	9	99	13	0.0925
LDA	126	141	59	74	384	0.18
SDA-0.5	143	179	21	57	1445	0.165
SDA-1.0	140	177	23	60	1459	0.1625
SDA-1.5	140	177	23	60	1500	0.1675
SDA-2.0	140	176	24	60	1473	0.1725
SDA-2.5	140	176	24	60	1481	0.165
SDA-3.0	140	176	24	60	1491	0.1675
\TheName{}-0.5	180	177	23	20	1607	0.1725
\TheName{}-1.0	160	186	14	40	1560	0.185
\TheName{}-1.5	148	184	16	52	1573	0.1625
\TheName{}-2.0	145	183	17	55	1598	0.1675
\TheName{}-2.5	144	183	17	56	1577	0.165
\TheName{}-3.0	143	183	17	57	1600	0.17
SVM	182	177	23	18	27	0.005
LR	0	200	0	200	1	0.0175
Ye-LDA	144	179	21	56	216	0.005
DTree-10	39	187	13	161	3	0.0075
DTree-20	76	178	22	124	6	0.0025
RFC-50	122	180	20	78	107	0.0175
RFC-100	116	183	17	84	233	0.02
NLSVM-0.1	198	25	175	2	18	0.125
NLSVM-1.0	192	76	124	8	14	0.0975
NLSVM-10	150	185	15	50	14	0.09
LDA	149	145	55	51	392	0.1725
SDA-0.5	147	172	28	53	1513	0.1625
SDA-1.0	148	171	29	52	1511	0.1675
SDA-1.5	148	170	30	52	1525	0.1825
SDA-2.0	148	170	30	52	1497	0.1775
SDA-2.5	148	169	31	52	1525	0.1675
SDA-3.0	148	169	31	52	1534	0.165
\TheName{}-0.5	178	152	48	22	1551	0.18
\TheName{}-1.0	167	171	29	33	1585	0.1675
\TheName{}-1.5	157	172	28	43	1578	0.17
\TheName{}-2.0	154	171	29	46	1524	0.1775
\TheName{}-2.5	153	171	29	47	1590	0.1675
\TheName{}-3.0	152	170	30	48	1599	0.165
SVM	186	169	31	14	17	0.005
LR	0	200	0	200	1	0.005
Ye-LDA	148	172	28	52	205	0.0025
DTree-10	27	190	10	173	3	0.0025
DTree-20	74	177	23	126	6	0.0025
RFC-50	117	180	20	83	92	0.02
RFC-100	115	179	21	85	200	0.0475
NLSVM-0.1	200	34	166	0	18	0.12
NLSVM-1.0	29	190	10	171	14	0.0925
NLSVM-10	194	120	80	6	12	0.085
LDA	149	141	59	51	378	0.1725
SDA-0.5	144	167	33	56	1441	0.17
SDA-1.0	143	165	35	57	1456	0.1675
SDA-1.5	142	165	35	58	1466	0.1775
SDA-2.0	142	165	35	58	1446	0.1775
SDA-2.5	142	165	35	58	1479	0.185
SDA-3.0	142	165	35	58	1486	0.1825
\TheName{}-0.5	189	161	39	11	1523	0.1775
\TheName{}-1.0	165	172	28	35	1541	0.1675
\TheName{}-1.5	152	165	35	48	1545	0.1675
\TheName{}-2.0	148	165	35	52	1502	0.175
\TheName{}-2.5	146	165	35	54	1538	0.18
\TheName{}-3.0	146	164	36	54	1556	0.165
SVM	179	158	42	21	22	0.005
LR	0	200	0	200	1	0.0025
Ye-LDA	161	170	30	39	205	0.005
DTree-10	68	178	22	132	4	0.0025
DTree-20	109	168	32	91	7	0.0025
RFC-50	138	160	40	62	27	0.0175
RFC-100	130	164	36	70	205	0.0425
NLSVM-0.1	200	23	177	0	17	0.1225
NLSVM-1.0	190	79	121	10	14	0.095
NLSVM-10	199	26	174	1	13	0.0825
LDA	142	149	51	58	390	0.1725
SDA-0.5	147	174	26	53	1463	0.1675
SDA-1.0	147	174	26	53	1500	0.1725
SDA-1.5	147	173	27	53	1475	0.1675
SDA-2.0	147	173	27	53	1479	0.185
SDA-2.5	147	173	27	53	1498	0.165
SDA-3.0	147	173	27	53	1463	0.165
\TheName{}-0.5	181	132	68	19	1518	0.1875
\TheName{}-1.0	164	174	26	36	1537	0.1825
\TheName{}-1.5	158	171	29	42	1550	0.165
\TheName{}-2.0	157	172	28	43	1523	0.165
\TheName{}-2.5	154	173	27	46	1566	0.1775
\TheName{}-3.0	154	172	28	46	1582	0.1625
SVM	181	166	34	19	18	0.0025
LR	0	200	0	200	1	0.005
Ye-LDA	170	172	28	30	203	0.005
DTree-10	187	84	116	13	5	0.0025
DTree-20	188	109	91	12	8	0.0025
RFC-50	124	173	27	76	26	0.0175
RFC-100	127	174	26	73	200	0.0425
NLSVM-0.1	123	160	40	77	18	0.12
NLSVM-1.0	186	119	81	14	14	0.095
NLSVM-10	151	180	20	49	13	0.0875
LDA	154	155	45	46	378	0.1775
SDA-0.5	122	174	26	78	1513	0.1925
SDA-1.0	123	174	26	77	1477	0.1675
SDA-1.5	123	174	26	77	1446	0.1675
SDA-2.0	123	174	26	77	1506	0.1875
SDA-2.5	122	174	26	78	1580	0.175
SDA-3.0	122	174	26	78	1504	0.165
\TheName{}-0.5	163	119	81	37	1587	0.17
\TheName{}-1.0	163	182	18	37	1583	0.1825
\TheName{}-1.5	147	180	20	53	1555	0.1675
\TheName{}-2.0	139	176	24	61	1585	0.1675
\TheName{}-2.5	134	176	24	66	1555	0.18
\TheName{}-3.0	133	175	25	67	1552	0.1725
SVM	165	177	23	35	22	0.005
LR	0	200	0	200	1	0.005
Ye-LDA	157	171	29	43	206	0.0075
DTree-10	71	180	20	129	4	0.0025
DTree-20	106	169	31	94	7	0.005
RFC-50	102	175	25	98	90	0.0175
RFC-100	109	174	26	91	186	0.04
NLSVM-0.1	198	33	167	2	19	0.1225
NLSVM-1.0	191	91	109	9	14	0.1
NLSVM-10	112	191	9	88	14	0.0925
LDA	145	142	58	55	403	0.185
SDA-0.5	138	166	34	62	1511	0.1775
SDA-1.0	137	166	34	63	1465	0.1625
SDA-1.5	136	164	36	64	1426	0.1675
SDA-2.0	136	164	36	64	1462	0.165
SDA-2.5	136	164	36	64	1510	0.1675
SDA-3.0	136	164	36	64	1443	0.17
\TheName{}-0.5	174	158	42	26	1538	0.1675
\TheName{}-1.0	153	174	26	47	1547	0.1775
\TheName{}-1.5	146	171	29	54	1531	0.1675
\TheName{}-2.0	143	168	32	57	1562	0.1725
\TheName{}-2.5	139	167	33	61	1556	0.1775
\TheName{}-3.0	139	166	34	61	1518	0.1725
SVM	171	164	36	29	19	0.005
LR	0	200	0	200	1	0.005
Ye-LDA	158	169	31	42	206	0.005
DTree-10	65	172	28	135	4	0.005
DTree-20	76	171	29	124	6	0.005
RFC-50	113	173	27	87	81	0.0125
RFC-100	112	171	29	88	191	0.085
NLSVM-0.1	200	37	163	0	18	0.1275
NLSVM-1.0	191	92	108	9	14	0.1
NLSVM-10	166	152	48	34	13	0.09
LDA	146	140	60	54	405	0.1825
SDA-0.5	141	165	35	59	1453	0.1775
SDA-1.0	142	163	37	58	1454	0.1675
SDA-1.5	142	163	37	58	1459	0.165
SDA-2.0	142	161	39	58	1482	0.165
SDA-2.5	142	162	38	58	1496	0.1775
SDA-3.0	142	162	38	58	1426	0.175
\TheName{}-0.5	182	163	37	18	1598	0.1625
\TheName{}-1.0	160	167	33	40	1590	0.1725
\TheName{}-1.5	153	167	33	47	1537	0.165
\TheName{}-2.0	146	165	35	54	1600	0.17
\TheName{}-2.5	146	162	38	54	1635	0.165
\TheName{}-3.0	145	162	38	55	1617	0.1825
SVM	184	152	48	16	21	0.005
LR	0	200	0	200	1	0.0025
Ye-LDA	152	168	32	48	211	0.005
DTree-10	179	83	117	21	11	0.0025
DTree-20	182	89	111	18	9	0.0025
RFC-50	127	168	32	73	129	0.0275
RFC-100	131	166	34	69	264	0.0575
NLSVM-0.1	199	26	174	1	18	0.1275
NLSVM-1.0	193	75	125	7	13	0.1125
NLSVM-10	145	175	25	55	13	0.1475
LDA	131	143	57	69	391	0.18
SDA-0.5	140	178	22	60	1529	0.1775
SDA-1.0	139	177	23	61	1478	0.17
SDA-1.5	139	177	23	61	1476	0.165
SDA-2.0	139	177	23	61	1499	0.165
SDA-2.5	139	177	23	61	1474	0.18
SDA-3.0	139	177	23	61	1486	0.165
\TheName{}-0.5	170	167	33	30	1551	0.1675
\TheName{}-1.0	150	180	20	50	1567	0.18
\TheName{}-1.5	147	180	20	53	1581	0.1775
\TheName{}-2.0	144	178	22	56	1602	0.165
\TheName{}-2.5	143	178	22	57	1564	0.1775
\TheName{}-3.0	142	178	22	58	1619	0.165
SVM	161	180	20	39	17	0.005
LR	0	200	0	200	1	0.005
Ye-LDA	152	177	23	48	209	0.005
DTree-10	47	191	9	153	4	0.0025
DTree-20	77	180	20	123	7	0.0025
RFC-50	101	185	15	99	101	0.0175
RFC-100	116	178	22	84	206	0.05
NLSVM-0.1	200	31	169	0	18	0.13
NLSVM-1.0	195	77	123	5	16	0.1125
NLSVM-10	110	192	8	90	13	0.1025
LDA	141	146	54	59	390	0.17
SDA-0.5	122	188	12	78	1517	0.175
SDA-1.0	122	187	13	78	1494	0.165
SDA-1.5	121	187	13	79	1533	0.165
SDA-2.0	119	187	13	81	1527	0.17
SDA-2.5	119	186	14	81	1525	0.18
SDA-3.0	118	186	14	82	1587	0.17
\TheName{}-0.5	153	99	101	47	2113	0.1775
\TheName{}-1.0	177	185	15	23	1690	0.185
\TheName{}-1.5	145	186	14	55	2334	0.17
\TheName{}-2.0	136	186	14	64	2035	0.175
\TheName{}-2.5	133	187	13	67	2047	0.19
\TheName{}-3.0	130	186	14	70	1554	0.1675
SVM	168	177	23	32	15	0.005
LR	0	200	0	200	1	0.0025
Ye-LDA	153	184	16	47	202	0.0025
DTree-10	77	185	15	123	5	0.0025
DTree-20	99	185	15	101	7	0.0025
RFC-50	117	190	10	83	86	0.015
RFC-100	117	193	7	83	212	0.04
NLSVM-0.1	6	200	0	194	19	0.125
NLSVM-1.0	37	191	9	163	14	0.0975
NLSVM-10	94	197	3	106	13	0.0925
LDA	150	157	43	50	389	0.1825
SDA-0.5	155	175	25	45	1740	0.1725
SDA-1.0	153	175	25	47	1866	0.1825
SDA-1.5	153	175	25	47	1680	0.195
SDA-2.0	153	176	24	47	1571	0.42
SDA-2.5	153	176	24	47	1657	0.2375
SDA-3.0	153	176	24	47	1639	0.1675
\TheName{}-0.5	187	172	28	13	1544	0.165
\TheName{}-1.0	169	179	21	31	1510	0.1725
\TheName{}-1.5	161	181	19	39	1549	0.165
\TheName{}-2.0	160	180	20	40	1561	0.165
\TheName{}-2.5	158	178	22	42	1514	0.17
\TheName{}-3.0	156	177	23	44	1516	0.1625
SVM	181	166	34	19	19	0.005
LR	200	0	200	0	1	0.005
Ye-LDA	177	156	44	23	200	0.005
DTree-10	53	179	21	147	4	0.0025
DTree-20	86	175	25	114	6	0.0025
RFC-50	126	170	30	74	94	0.015
RFC-100	116	176	24	84	232	0.05
NLSVM-0.1	5	200	0	195	17	0.1275
NLSVM-1.0	196	69	131	4	15	0.11
NLSVM-10	160	180	20	40	14	0.0975
LDA	137	144	56	63	378	0.18
SDA-0.5	136	160	40	64	1416	0.175
SDA-1.0	135	160	40	65	1436	0.175
SDA-1.5	132	160	40	68	1458	0.1675
SDA-2.0	131	160	40	69	1483	0.1625
SDA-2.5	131	160	40	69	1462	0.165
SDA-3.0	131	160	40	69	1481	0.1625
\TheName{}-0.5	188	144	56	12	1571	0.1625
\TheName{}-1.0	152	166	34	48	1564	0.185
\TheName{}-1.5	146	163	37	54	1584	0.175
\TheName{}-2.0	143	162	38	57	1575	0.1625
\TheName{}-2.5	142	162	38	58	1479	0.18
\TheName{}-3.0	141	162	38	59	1522	0.1625
SVM	175	159	41	25	11	0.0075
LR	0	200	0	200	1	0.005
Ye-LDA	155	165	35	45	208	0.005
DTree-10	69	171	29	131	3	0.005
DTree-20	110	155	45	90	6	0.005
RFC-50	137	159	41	63	82	0.02
RFC-100	135	159	41	65	185	0.0575
NLSVM-0.1	2	200	0	198	17	0.1225
NLSVM-1.0	173	105	95	27	14	0.0925
NLSVM-10	182	147	53	18	12	0.08
LDA	164	165	35	36	375	0.175
SDA-0.5	120	171	29	80	1362	0.1725
SDA-1.0	119	171	29	81	1393	0.1625
SDA-1.5	119	171	29	81	1389	0.165
SDA-2.0	119	172	28	81	1394	0.165
SDA-2.5	119	172	28	81	1381	0.175
SDA-3.0	119	172	28	81	1402	0.165
\TheName{}-0.5	175	139	61	25	1491	0.165
\TheName{}-1.0	150	172	28	50	1431	0.175
\TheName{}-1.5	136	175	25	64	1474	0.175
\TheName{}-2.0	133	173	27	67	1523	0.16
\TheName{}-2.5	127	172	28	73	1448	0.165
\TheName{}-3.0	127	172	28	73	1487	0.175
SVM	172	174	26	28	16	0.005
LR	0	200	0	200	1	0.005
Ye-LDA	150	172	28	50	202	0.005
DTree-10	62	173	27	138	3	0.005
DTree-20	103	156	44	97	6	0.0025
RFC-50	122	169	31	78	82	0.015
RFC-100	123	174	26	77	197	0.05
NLSVM-0.1	199	21	179	1	27	0.125
NLSVM-1.0	183	145	55	17	13	0.1
NLSVM-10	171	149	51	29	12	0.0825
LDA	128	151	49	72	376	0.1675
SDA-0.5	143	175	25	57	1428	0.165
SDA-1.0	142	175	25	58	1417	0.175
SDA-1.5	141	174	26	59	1454	0.165
SDA-2.0	140	174	26	60	1444	0.1625
SDA-2.5	142	174	26	58	1408	0.165
SDA-3.0	142	174	26	58	1462	0.1775
\TheName{}-0.5	180	163	37	20	1530	0.1675
\TheName{}-1.0	159	181	19	41	1475	0.1675
\TheName{}-1.5	154	178	22	46	1514	0.1725
\TheName{}-2.0	153	175	25	47	1550	0.1625
\TheName{}-2.5	150	176	24	50	1525	0.1625
\TheName{}-3.0	150	176	24	50	1514	0.175
SVM	168	176	24	32	15	0.0025
LR	0	200	0	200	1	0.005
Ye-LDA	145	178	22	55	205	0.0025
DTree-10	78	180	20	122	4	0.005
DTree-20	107	176	24	93	6	0.005
RFC-50	123	173	27	77	86	0.0175
RFC-100	124	171	29	76	197	0.045
NLSVM-0.1	200	28	172	0	18	0.1225
NLSVM-1.0	184	93	107	16	13	0.095
NLSVM-10	112	191	9	88	12	0.085
LDA	126	151	49	74	380	0.175
SDA-0.5	155	152	48	45	1446	0.17
SDA-1.0	151	151	49	49	1430	0.1775
SDA-1.5	150	152	48	50	1435	0.165
SDA-2.0	148	152	48	52	1468	0.1625
SDA-2.5	148	152	48	52	1421	0.1675
SDA-3.0	148	152	48	52	1485	0.17
\TheName{}-0.5	186	158	42	14	1549	0.1625
\TheName{}-1.0	171	157	43	29	1501	0.1675
\TheName{}-1.5	166	155	45	34	1524	0.1725
\TheName{}-2.0	163	154	46	37	1545	0.165
\TheName{}-2.5	160	154	46	40	1491	0.165
\TheName{}-3.0	158	154	46	42	1509	0.1725
SVM	172	177	23	28	21	0.005
LR	0	200	0	200	0	0.005
Ye-LDA	162	167	33	38	205	0.005
DTree-10	62	178	22	138	3	0.005
DTree-20	87	170	30	113	6	0.0025
RFC-50	136	168	32	64	90	0.02
RFC-100	130	165	35	70	191	0.045
NLSVM-0.1	200	36	164	0	17	0.12
NLSVM-1.0	185	107	93	15	13	0.0925
NLSVM-10	150	166	34	50	14	0.0925
LDA	128	143	57	72	375	0.1675
SDA-0.5	126	172	28	74	1403	0.1625
SDA-1.0	124	172	28	76	1411	0.1725
SDA-1.5	124	172	28	76	1430	0.1625
SDA-2.0	124	172	28	76	1436	0.165
SDA-2.5	124	172	28	76	1394	0.165
SDA-3.0	124	172	28	76	1434	0.175
\TheName{}-0.5	170	152	48	30	1513	0.1625
\TheName{}-1.0	145	171	29	55	1467	0.1625
\TheName{}-1.5	141	171	29	59	1576	0.1675
\TheName{}-2.0	133	171	29	67	1525	0.175
\TheName{}-2.5	131	171	29	69	1483	0.165
\TheName{}-3.0	128	171	29	72	1483	0.1675
SVM	170	168	32	30	18	0.005
LR	0	200	0	200	1	0.005
Ye-LDA	141	175	25	59	205	0.005
DTree-10	47	180	20	153	4	0.005
DTree-20	87	171	29	113	6	0.005
RFC-50	105	178	22	95	87	0.015
RFC-100	112	176	24	88	193	0.0375
NLSVM-0.1	198	31	169	2	17	0.1175
NLSVM-1.0	181	89	111	19	14	0.09
NLSVM-10	117	184	16	83	12	0.08
LDA	150	137	63	50	371	0.17
SDA-0.5	158	171	29	42	1431	0.165
SDA-1.0	157	171	29	43	1396	0.1675
SDA-1.5	157	171	29	43	1444	0.1825
SDA-2.0	157	171	29	43	1467	0.1625
SDA-2.5	157	171	29	43	1445	0.165
SDA-3.0	157	171	29	43	1495	0.1675
\TheName{}-0.5	191	157	43	9	1586	0.1825
\TheName{}-1.0	178	171	29	22	1539	0.17
\TheName{}-1.5	166	173	27	34	1518	0.1625
\TheName{}-2.0	163	171	29	37	1493	0.1725
\TheName{}-2.5	163	170	30	37	1462	0.1625
\TheName{}-3.0	161	170	30	39	1481	0.1675
SVM	184	165	35	16	15	0.005
LR	0	200	0	200	1	0.0025
Ye-LDA	163	173	27	37	202	0.005
DTree-10	100	176	24	100	4	0.0025
DTree-20	96	174	26	104	6	0.005
RFC-50	133	177	23	67	92	0.02
RFC-100	128	182	18	72	202	0.0325
NLSVM-0.1	200	21	179	0	18	0.12
NLSVM-1.0	197	65	135	3	14	0.095
NLSVM-10	197	127	73	3	13	0.085
LDA	142	129	71	58	375	0.1675
SDA-0.5	127	176	24	73	1461	0.1625
SDA-1.0	125	176	24	75	1404	0.1625
SDA-1.5	125	176	24	75	1439	0.165
SDA-2.0	126	176	24	74	1477	0.1725
SDA-2.5	126	176	24	74	1403	0.165
SDA-3.0	126	176	24	74	1452	0.165
\TheName{}-0.5	178	136	64	22	1531	0.1725
\TheName{}-1.0	147	179	21	53	1495	0.165
\TheName{}-1.5	138	178	22	62	1504	0.165
\TheName{}-2.0	137	176	24	63	1565	0.16
\TheName{}-2.5	135	176	24	65	1546	0.165
\TheName{}-3.0	132	176	24	68	1578	0.17
SVM	169	175	25	31	26	0.005
LR	0	200	0	200	1	0.0025
Ye-LDA	154	177	23	46	208	0.005
DTree-10	80	153	47	120	4	0.005
DTree-20	60	182	18	140	6	0.005
RFC-50	126	186	14	74	91	0.0175
RFC-100	124	181	19	76	207	0.04
NLSVM-0.1	7	199	1	193	17	0.12
NLSVM-1.0	194	76	124	6	18	0.0925
NLSVM-10	95	194	6	105	13	0.0875
LDA	155	154	46	45	374	0.1725
SDA-0.5	135	186	14	65	1531	0.165
SDA-1.0	134	185	15	66	1509	0.1675
SDA-1.5	134	185	15	66	1503	0.165
SDA-2.0	134	185	15	66	1508	0.17
SDA-2.5	134	185	15	66	1448	0.165
SDA-3.0	134	185	15	66	1480	0.1625
\TheName{}-0.5	180	170	30	20	1579	0.1625
\TheName{}-1.0	153	187	13	47	1508	0.1725
\TheName{}-1.5	146	187	13	54	1525	0.165
\TheName{}-2.0	142	187	13	58	1517	0.1625
\TheName{}-2.5	141	186	14	59	1464	0.1725
\TheName{}-3.0	139	186	14	61	1507	0.165
SVM	173	179	21	27	18	0.005
LR	0	200	0	200	1	0.005
Ye-LDA	147	182	18	53	210	0.005
DTree-10	78	186	14	122	3	0.005
DTree-20	101	182	18	99	6	0.0025
RFC-50	122	181	19	78	94	0.0175
RFC-100	113	185	15	87	185	0.04
NLSVM-0.1	200	28	172	0	17	0.1175
NLSVM-1.0	191	96	104	9	14	0.0925
NLSVM-10	97	196	4	103	14	0.085
LDA	146	132	68	54	424	0.165
SDA-0.5	139	173	27	61	1391	0.16
SDA-1.0	136	172	28	64	1375	0.1625
SDA-1.5	135	172	28	65	1407	0.165
SDA-2.0	135	172	28	65	1403	0.1825
SDA-2.5	135	172	28	65	1366	0.1775
SDA-3.0	135	172	28	65	1441	0.1675
\TheName{}-0.5	170	137	63	30	1792	0.1625
\TheName{}-1.0	161	178	22	39	1535	0.165
\TheName{}-1.5	151	173	27	49	1692	0.19
\TheName{}-2.0	143	174	26	57	1780	0.1775
\TheName{}-2.5	141	173	27	59	1582	0.1725
\TheName{}-3.0	139	172	28	61	1527	0.175
SVM	181	167	33	19	18	0.005
LR	0	200	0	200	1	0.0025
Ye-LDA	157	175	25	43	212	0.0025
DTree-10	76	172	28	124	7	0.0
DTree-20	98	172	28	102	11	0.005
RFC-50	126	184	16	74	105	0.0175
RFC-100	116	179	21	84	196	0.0375
NLSVM-0.1	2	200	0	198	19	0.12
NLSVM-1.0	192	120	80	8	16	0.105
NLSVM-10	177	164	36	23	14	0.0925
