LDA	154	122	78	46	340	0.165
SDA-0.5	150	171	29	50	1663	0.235
SDA-1.0	148	171	29	52	1809	0.1775
SDA-1.5	148	171	29	52	1888	0.17
SDA-2.0	148	171	29	52	1738	0.185
SDA-2.5	148	171	29	52	1688	0.1725
SDA-3.0	148	171	29	52	1967	0.165
\TheName{}-0.5	174	170	30	26	1710	0.1625
\TheName{}-1.0	154	174	26	46	2175	0.185
\TheName{}-1.5	153	172	28	47	2040	0.1775
\TheName{}-2.0	151	173	27	49	1939	0.18
\TheName{}-2.5	151	173	27	49	1839	0.165
\TheName{}-3.0	150	173	27	50	1584	0.165
SVM	164	163	37	36	28	0.005
LR	0	200	0	200	1	0.0025
Ye-LDA	140	173	27	60	169	0.005
DTree-10	84	185	15	116	3	0.0025
DTree-20	119	177	23	81	7	0.0025
RFC-50	115	172	28	85	15	0.01
RFC-100	114	178	22	86	74	0.0275
NLSVM-0.1	200	22	178	0	5	0.065
NLSVM-1.0	182	111	89	18	5	0.0575
NLSVM-10	48	197	3	152	5	0.05
LDA	139	112	88	61	362	0.26
SDA-0.5	130	178	22	70	1602	0.18
SDA-1.0	128	178	22	72	1642	0.17
SDA-1.5	129	178	22	71	1629	0.1725
SDA-2.0	129	179	21	71	1587	0.1675
SDA-2.5	128	179	21	72	1594	0.1725
SDA-3.0	127	179	21	73	1634	0.1975
\TheName{}-0.5	144	103	97	56	1756	0.18
\TheName{}-1.0	157	175	25	43	1595	0.1675
\TheName{}-1.5	142	180	20	58	1757	0.1675
\TheName{}-2.0	134	179	21	66	1710	0.1675
\TheName{}-2.5	133	181	19	67	1599	0.2925
\TheName{}-3.0	133	181	19	67	1824	0.1675
SVM	175	151	49	25	7	0.005
LR	0	200	0	200	1	0.0025
Ye-LDA	129	177	23	71	175	0.005
DTree-10	84	174	26	116	3	0.0025
DTree-20	101	170	30	99	5	0.005
RFC-50	77	191	9	123	28	0.01
RFC-100	87	188	12	113	57	0.025
NLSVM-0.1	3	200	0	197	5	0.0675
NLSVM-1.0	200	61	139	0	4	0.0575
NLSVM-10	173	153	47	27	4	0.0475
LDA	164	139	61	36	337	0.38
SDA-0.5	179	158	42	21	1565	0.1675
SDA-1.0	179	158	42	21	1513	0.165
SDA-1.5	179	158	42	21	1838	0.1725
SDA-2.0	179	158	42	21	1487	0.18
SDA-2.5	176	158	42	24	1580	0.165
SDA-3.0	176	158	42	24	1735	0.1775
\TheName{}-0.5	185	147	53	15	1658	0.1675
\TheName{}-1.0	184	149	51	16	1749	0.165
\TheName{}-1.5	183	154	46	17	1779	0.19
\TheName{}-2.0	180	155	45	20	1562	0.17
\TheName{}-2.5	180	156	44	20	1737	0.1675
\TheName{}-3.0	180	156	44	20	1803	0.17
SVM	180	151	49	20	7	0.005
LR	0	200	0	200	1	0.005
Ye-LDA	171	154	46	29	175	0.005
DTree-10	79	184	16	121	3	0.005
DTree-20	101	168	32	99	5	0.005
RFC-50	111	185	15	89	36	0.0125
RFC-100	110	185	15	90	63	0.025
NLSVM-0.1	200	25	175	0	5	0.07
NLSVM-1.0	57	163	37	143	4	0.055
NLSVM-10	29	199	1	171	4	0.05
LDA	144	125	75	56	290	0.1775
SDA-0.5	124	184	16	76	1647	0.1675
SDA-1.0	125	184	16	75	1627	0.165
SDA-1.5	124	184	16	76	1654	0.1975
SDA-2.0	124	184	16	76	1666	0.1675
SDA-2.5	124	184	16	76	1638	0.165
SDA-3.0	124	183	17	76	1551	0.1875
\TheName{}-0.5	163	143	57	37	1754	0.175
\TheName{}-1.0	154	181	19	46	1927	0.1725
\TheName{}-1.5	138	182	18	62	1600	0.1775
\TheName{}-2.0	135	182	18	65	1774	0.19
\TheName{}-2.5	131	183	17	69	1722	0.2225
\TheName{}-3.0	126	183	17	74	1607	0.165
SVM	160	163	37	40	6	0.0025
LR	0	200	0	200	1	0.005
Ye-LDA	128	183	17	72	179	0.005
DTree-10	73	185	15	127	3	0.005
DTree-20	126	160	40	74	5	0.0075
RFC-50	93	185	15	107	32	0.01
RFC-100	94	188	12	106	60	0.025
NLSVM-0.1	198	25	175	2	6	0.0675
NLSVM-1.0	161	126	74	39	5	0.0625
NLSVM-10	75	197	3	125	4	0.0475
LDA	124	144	56	76	329	0.1975
SDA-0.5	115	176	24	85	1548	0.2075
SDA-1.0	115	176	24	85	1592	0.17
SDA-1.5	114	176	24	86	1492	0.1775
SDA-2.0	114	176	24	86	1523	0.165
SDA-2.5	114	176	24	86	1565	0.1675
SDA-3.0	114	176	24	86	1553	0.165
\TheName{}-0.5	155	151	49	45	1575	0.1775
\TheName{}-1.0	129	181	19	71	1670	0.19
\TheName{}-1.5	122	178	22	78	1566	0.175
\TheName{}-2.0	119	179	21	81	1567	0.17
\TheName{}-2.5	120	177	23	80	1544	0.1725
\TheName{}-3.0	120	176	24	80	1625	0.1675
SVM	147	167	33	53	6	0.005
LR	0	200	0	200	1	0.005
Ye-LDA	121	184	16	79	184	0.005
DTree-10	76	176	24	124	3	0.005
DTree-20	120	167	33	80	7	0.0025
RFC-50	102	179	21	98	34	0.0125
RFC-100	90	186	14	110	60	0.0275
NLSVM-0.1	1	199	1	199	5	0.0675
NLSVM-1.0	125	153	47	75	5	0.0525
NLSVM-10	113	178	22	87	5	0.05
LDA	118	136	64	82	310	0.19
SDA-0.5	130	179	21	70	1476	0.1725
SDA-1.0	129	179	21	71	1488	0.165
SDA-1.5	129	179	21	71	1497	0.1825
SDA-2.0	129	179	21	71	1601	0.2
SDA-2.5	129	179	21	71	1491	0.1775
SDA-3.0	129	179	21	71	1508	0.1675
\TheName{}-0.5	174	170	30	26	1681	0.1675
\TheName{}-1.0	146	175	25	54	1600	0.165
\TheName{}-1.5	139	175	25	61	1548	0.165
\TheName{}-2.0	133	176	24	67	1582	0.175
\TheName{}-2.5	133	178	22	67	1848	0.1675
\TheName{}-3.0	131	179	21	69	1636	0.17
SVM	150	167	33	50	6	0.0125
LR	0	200	0	200	1	0.015
Ye-LDA	139	173	27	61	212	0.0175
DTree-10	83	164	36	117	4	0.0125
DTree-20	123	154	46	77	8	0.0125
RFC-50	94	175	25	106	28	0.02
RFC-100	93	178	22	107	64	0.0225
NLSVM-0.1	199	29	171	1	6	0.075
NLSVM-1.0	173	63	137	27	4	0.09
NLSVM-10	35	199	1	165	5	0.055
LDA	139	116	84	61	347	0.2775
SDA-0.5	176	159	41	24	1675	0.175
SDA-1.0	175	159	41	25	1575	0.17
SDA-1.5	175	159	41	25	1558	0.1775
SDA-2.0	175	158	42	25	1642	0.165
SDA-2.5	175	158	42	25	1642	0.2
SDA-3.0	176	158	42	24	1606	0.1725
\TheName{}-0.5	188	152	48	12	1757	0.1675
\TheName{}-1.0	184	158	42	16	1630	0.205
\TheName{}-1.5	182	159	41	18	1737	0.1675
\TheName{}-2.0	180	158	42	20	1635	0.175
\TheName{}-2.5	176	159	41	24	1615	0.165
\TheName{}-3.0	175	159	41	25	1672	0.185
SVM	174	157	43	26	8	0.01
LR	0	200	0	200	0	0.005
Ye-LDA	173	162	38	27	176	0.0075
DTree-10	69	188	12	131	3	0.005
DTree-20	101	184	16	99	5	0.005
RFC-50	106	184	16	94	38	0.0075
RFC-100	105	187	13	95	58	0.025
NLSVM-0.1	200	19	181	0	6	0.0875
NLSVM-1.0	198	66	134	2	7	0.0525
NLSVM-10	200	67	133	0	4	0.0575
LDA	139	159	41	61	384	0.2425
SDA-0.5	93	188	12	107	1549	0.165
SDA-1.0	91	186	14	109	1546	0.1625
SDA-1.5	91	186	14	109	1644	0.17
SDA-2.0	91	186	14	109	1696	0.17
SDA-2.5	91	186	14	109	1541	0.1825
SDA-3.0	91	186	14	109	1736	0.1775
\TheName{}-0.5	147	114	86	53	2009	0.175
\TheName{}-1.0	113	189	11	87	2071	0.21
\TheName{}-1.5	100	190	10	100	2211	0.1625
\TheName{}-2.0	98	189	11	102	1759	0.1925
\TheName{}-2.5	95	189	11	105	2044	0.245
\TheName{}-3.0	95	188	12	105	1969	0.1975
SVM	149	172	28	51	12	0.015
LR	0	200	0	200	1	0.015
Ye-LDA	109	189	11	91	203	0.0425
DTree-10	55	192	8	145	3	0.025
DTree-20	99	182	18	101	6	0.005
RFC-50	88	184	16	112	41	0.0125
RFC-100	73	188	12	127	81	0.035
NLSVM-0.1	200	20	180	0	6	0.08
NLSVM-1.0	179	81	119	21	5	0.0625
NLSVM-10	27	198	2	173	4	0.06
LDA	135	125	75	65	317	0.1875
SDA-0.5	163	167	33	37	1645	0.165
SDA-1.0	163	165	35	37	1721	0.18
SDA-1.5	162	165	35	38	1722	0.17
SDA-2.0	162	165	35	38	1615	0.1675
SDA-2.5	162	165	35	38	2151	0.2175
SDA-3.0	163	165	35	37	2195	0.175
\TheName{}-0.5	185	169	31	15	2579	0.2425
\TheName{}-1.0	172	175	25	28	1962	0.175
\TheName{}-1.5	167	171	29	33	1815	0.1675
\TheName{}-2.0	167	168	32	33	1640	0.26
\TheName{}-2.5	167	168	32	33	2304	0.175
\TheName{}-3.0	167	166	34	33	1877	0.1825
SVM	169	143	57	31	6	0.0075
LR	0	200	0	200	1	0.005
Ye-LDA	146	174	26	54	184	0.005
DTree-10	88	174	26	112	4	0.005
DTree-20	134	158	42	66	5	0.005
RFC-50	106	180	20	94	10	0.0125
RFC-100	107	176	24	93	60	0.0225
NLSVM-0.1	1	199	1	199	6	0.0675
NLSVM-1.0	179	120	80	21	5	0.055
NLSVM-10	200	34	166	0	5	0.0675
LDA	132	111	89	68	368	0.2725
SDA-0.5	151	173	27	49	1749	0.17
SDA-1.0	150	173	27	50	1741	0.1675
SDA-1.5	149	173	27	51	1799	0.1725
SDA-2.0	148	174	26	52	1787	0.2425
SDA-2.5	148	174	26	52	1700	0.17
SDA-3.0	148	174	26	52	1880	0.1775
\TheName{}-0.5	174	169	31	26	1824	0.165
\TheName{}-1.0	157	171	29	43	1666	0.18
\TheName{}-1.5	157	172	28	43	1893	0.1725
\TheName{}-2.0	154	172	28	46	1746	0.2025
\TheName{}-2.5	153	172	28	47	1712	0.1725
\TheName{}-3.0	151	172	28	49	1803	0.17
SVM	164	162	38	36	8	0.005
LR	0	200	0	200	0	0.005
Ye-LDA	157	168	32	43	172	0.0075
DTree-10	71	177	23	129	2	0.005
DTree-20	118	163	37	82	6	0.005
RFC-50	101	182	18	99	32	0.0125
RFC-100	98	183	17	102	58	0.025
NLSVM-0.1	200	19	181	0	5	0.0675
NLSVM-1.0	173	111	89	27	4	0.07
NLSVM-10	200	12	188	0	4	0.0575
LDA	140	124	76	60	369	0.235
SDA-0.5	120	177	23	80	1731	0.18
SDA-1.0	120	178	22	80	1608	0.1775
SDA-1.5	118	178	22	82	1732	0.1725
SDA-2.0	118	178	22	82	1766	0.18
SDA-2.5	118	177	23	82	1707	0.1875
SDA-3.0	118	177	23	82	1617	0.165
\TheName{}-0.5	174	144	56	26	1503	0.1675
\TheName{}-1.0	144	177	23	56	1810	0.1725
\TheName{}-1.5	128	180	20	72	1613	0.17
\TheName{}-2.0	125	179	21	75	1941	0.165
\TheName{}-2.5	122	178	22	78	1619	0.18
\TheName{}-3.0	120	178	22	80	1616	0.1725
SVM	175	161	39	25	8	0.005
LR	0	200	0	200	0	0.005
Ye-LDA	129	181	19	71	171	0.005
DTree-10	51	181	19	149	3	0.005
DTree-20	98	172	28	102	5	0.0075
RFC-50	84	192	8	116	9	0.0125
RFC-100	90	190	10	110	62	0.015
NLSVM-0.1	200	17	183	0	5	0.0675
NLSVM-1.0	177	71	129	23	5	0.05
NLSVM-10	132	173	27	68	5	0.05
LDA	141	129	71	59	314	0.2525
SDA-0.5	166	162	38	34	1650	0.165
SDA-1.0	160	162	38	40	1503	0.1725
SDA-1.5	160	162	38	40	1538	0.185
SDA-2.0	158	162	38	42	1716	0.17
SDA-2.5	158	162	38	42	1572	0.1725
SDA-3.0	158	162	38	42	1635	0.18
\TheName{}-0.5	189	148	52	11	1608	0.1675
\TheName{}-1.0	181	159	41	19	1781	0.215
\TheName{}-1.5	174	162	38	26	1666	0.1675
\TheName{}-2.0	170	162	38	30	1621	0.165
\TheName{}-2.5	168	162	38	32	1659	0.18
\TheName{}-3.0	167	162	38	33	1686	0.2075
SVM	172	171	29	28	7	0.005
LR	0	200	0	200	1	0.005
Ye-LDA	188	157	43	12	183	0.0025
DTree-10	88	178	22	112	4	0.0075
DTree-20	124	160	40	76	6	0.015
RFC-50	113	176	24	87	10	0.01
RFC-100	101	178	22	99	62	0.025
NLSVM-0.1	199	24	176	1	7	0.0675
NLSVM-1.0	179	95	105	21	6	0.0525
NLSVM-10	122	186	14	78	4	0.06
LDA	143	154	46	57	336	0.2725
SDA-0.5	126	170	30	74	1620	0.185
SDA-1.0	124	168	32	76	1524	0.165
SDA-1.5	124	168	32	76	1771	0.18
SDA-2.0	124	168	32	76	1587	0.1675
SDA-2.5	124	168	32	76	1662	0.1875
SDA-3.0	124	168	32	76	1514	0.165
\TheName{}-0.5	139	169	31	61	1578	0.1675
\TheName{}-1.0	140	179	21	60	1637	0.1825
\TheName{}-1.5	134	175	25	66	1750	0.1775
\TheName{}-2.0	129	171	29	71	1625	0.165
\TheName{}-2.5	129	170	30	71	1756	0.17
\TheName{}-3.0	129	170	30	71	1678	0.185
SVM	168	176	24	32	7	0.0075
LR	0	200	0	200	1	0.0075
Ye-LDA	121	177	23	79	178	0.005
DTree-10	62	170	30	138	3	0.0025
DTree-20	105	164	36	95	6	0.005
RFC-50	113	171	29	87	35	0.035
RFC-100	115	179	21	85	72	0.03
NLSVM-0.1	200	27	173	0	6	0.0775
NLSVM-1.0	183	68	132	17	5	0.0625
NLSVM-10	43	197	3	157	5	0.0525
LDA	97	104	96	103	365	0.2375
SDA-0.5	123	178	22	77	1618	0.17
SDA-1.0	121	177	23	79	1515	0.1675
SDA-1.5	121	176	24	79	1814	0.1775
SDA-2.0	120	176	24	80	1654	0.1725
SDA-2.5	119	176	24	81	1607	0.1675
SDA-3.0	118	176	24	82	1586	0.23
\TheName{}-0.5	173	167	33	27	1693	0.1775
\TheName{}-1.0	138	181	19	62	1689	0.17
\TheName{}-1.5	128	179	21	72	1726	0.1875
\TheName{}-2.0	125	177	23	75	1702	0.1725
\TheName{}-2.5	123	176	24	77	1548	0.1775
\TheName{}-3.0	122	176	24	78	1790	0.1725
SVM	165	166	34	35	6	0.0075
LR	0	200	0	200	1	0.0075
Ye-LDA	146	179	21	54	211	0.02
DTree-10	87	170	30	113	5	0.02
DTree-20	124	152	48	76	6	0.015
RFC-50	97	175	25	103	51	0.0125
RFC-100	96	172	28	104	96	0.0375
NLSVM-0.1	1	200	0	199	5	0.075
NLSVM-1.0	185	70	130	15	4	0.0975
NLSVM-10	17	200	0	183	4	0.07
LDA	131	139	61	69	341	0.2425
SDA-0.5	119	183	17	81	1771	0.1625
SDA-1.0	117	181	19	83	1673	0.1675
SDA-1.5	117	180	20	83	1561	0.1775
SDA-2.0	117	180	20	83	1700	0.1625
SDA-2.5	116	180	20	84	1604	0.165
SDA-3.0	116	180	20	84	1806	0.17
\TheName{}-0.5	176	157	43	24	2057	0.1675
\TheName{}-1.0	145	182	18	55	1617	0.1775
\TheName{}-1.5	131	181	19	69	1725	0.1775
\TheName{}-2.0	129	182	18	71	1699	0.165
\TheName{}-2.5	126	181	19	74	1566	0.2025
\TheName{}-3.0	123	182	18	77	1980	0.245
SVM	173	167	33	27	9	0.005
LR	0	200	0	200	0	0.005
Ye-LDA	131	181	19	69	220	0.02
DTree-10	65	173	27	135	3	0.0125
DTree-20	105	166	34	95	16	0.005
RFC-50	107	178	22	93	34	0.01
RFC-100	108	182	18	92	67	0.0325
NLSVM-0.1	200	27	173	0	11	0.0725
NLSVM-1.0	189	65	135	11	4	0.0525
NLSVM-10	81	194	6	119	4	0.0525
LDA	136	150	50	64	474	0.2175
SDA-0.5	140	169	31	60	1553	0.245
SDA-1.0	137	169	31	63	1672	0.1725
SDA-1.5	137	170	30	63	1727	0.2825
SDA-2.0	135	171	29	65	1524	0.1775
SDA-2.5	135	171	29	65	1601	0.21
SDA-3.0	134	171	29	66	1573	0.1625
\TheName{}-0.5	172	155	45	28	1881	0.2
\TheName{}-1.0	148	172	28	52	1892	0.1825
\TheName{}-1.5	144	172	28	56	1688	0.1825
\TheName{}-2.0	140	171	29	60	2000	0.17
\TheName{}-2.5	140	170	30	60	1649	0.1675
\TheName{}-3.0	140	169	31	60	1520	0.18
SVM	156	160	40	44	7	0.005
LR	0	200	0	200	1	0.005
Ye-LDA	148	172	28	52	182	0.005
DTree-10	84	168	32	116	4	0.005
DTree-20	108	154	46	92	5	0.005
RFC-50	118	166	34	82	12	0.01
RFC-100	108	166	34	92	25	0.025
NLSVM-0.1	200	24	176	0	6	0.0725
NLSVM-1.0	172	122	78	28	4	0.065
NLSVM-10	173	149	51	27	4	0.0975
LDA	140	150	50	60	361	0.2825
SDA-0.5	132	163	37	68	1794	0.2025
SDA-1.0	132	163	37	68	1619	0.175
SDA-1.5	131	163	37	69	1856	0.165
SDA-2.0	131	163	37	69	1931	0.17
SDA-2.5	131	163	37	69	1569	0.1925
SDA-3.0	131	163	37	69	1719	0.175
\TheName{}-0.5	176	168	32	24	1764	0.185
\TheName{}-1.0	139	165	35	61	1738	0.17
\TheName{}-1.5	135	166	34	65	1870	0.175
\TheName{}-2.0	132	164	36	68	1608	0.165
\TheName{}-2.5	132	164	36	68	1655	0.17
\TheName{}-3.0	132	163	37	68	1931	0.165
SVM	170	160	40	30	8	0.005
LR	0	200	0	200	0	0.005
Ye-LDA	135	169	31	65	169	0.0075
DTree-10	100	163	37	100	3	0.005
DTree-20	121	151	49	79	5	0.005
RFC-50	105	169	31	95	30	0.01
RFC-100	103	172	28	97	57	0.0225
NLSVM-0.1	1	200	0	199	5	0.07
NLSVM-1.0	198	71	129	2	4	0.065
NLSVM-10	14	200	0	186	7	0.0675
LDA	156	145	55	44	317	0.2025
SDA-0.5	157	176	24	43	1485	0.1725
SDA-1.0	155	175	25	45	1565	0.17
SDA-1.5	154	173	27	46	1518	0.17
SDA-2.0	154	173	27	46	1592	0.1775
SDA-2.5	154	173	27	46	1907	0.1675
SDA-3.0	154	173	27	46	1551	0.18
\TheName{}-0.5	178	172	28	22	1839	0.1675
\TheName{}-1.0	167	176	24	33	1737	0.18
\TheName{}-1.5	162	174	26	38	1960	0.165
\TheName{}-2.0	161	174	26	39	1663	0.1725
\TheName{}-2.5	159	172	28	41	1975	0.21
\TheName{}-3.0	157	173	27	43	1697	0.17
SVM	185	164	36	15	9	0.005
LR	0	200	0	200	1	0.005
Ye-LDA	150	178	22	50	206	0.0275
DTree-10	86	175	25	114	10	0.015
DTree-20	102	164	36	98	5	0.015
RFC-50	90	187	13	110	32	0.0125
RFC-100	93	187	13	107	60	0.025
NLSVM-0.1	200	15	185	0	5	0.0825
NLSVM-1.0	196	56	144	4	5	0.0525
NLSVM-10	200	39	161	0	4	0.0525
LDA	134	120	80	66	294	0.255
SDA-0.5	149	173	27	51	1632	0.17
SDA-1.0	149	173	27	51	1426	0.1625
SDA-1.5	149	173	27	51	1531	0.1775
SDA-2.0	149	173	27	51	1666	0.18
SDA-2.5	149	173	27	51	1569	0.1675
SDA-3.0	149	173	27	51	1548	0.17
\TheName{}-0.5	166	172	28	34	1613	0.1625
\TheName{}-1.0	155	170	30	45	1775	0.2
\TheName{}-1.5	152	174	26	48	1733	0.1875
\TheName{}-2.0	149	174	26	51	1627	0.1775
\TheName{}-2.5	148	174	26	52	1547	0.17
\TheName{}-3.0	148	173	27	52	1615	0.2025
SVM	163	167	33	37	6	0.0075
LR	0	200	0	200	0	0.005
Ye-LDA	147	170	30	53	167	0.0075
DTree-10	46	180	20	154	3	0.005
DTree-20	95	172	28	105	5	0.005
RFC-50	108	174	26	92	35	0.0125
RFC-100	104	183	17	96	63	0.0275
NLSVM-0.1	200	18	182	0	5	0.07
NLSVM-1.0	183	61	139	17	6	0.055
NLSVM-10	200	18	182	0	4	0.0475
LDA	148	149	51	52	308	0.2125
SDA-0.5	115	167	33	85	1480	0.1725
SDA-1.0	115	167	33	85	1510	0.1675
SDA-1.5	115	167	33	85	1461	0.1775
SDA-2.0	116	167	33	84	1845	0.17
SDA-2.5	116	167	33	84	1747	0.165
SDA-3.0	116	167	33	84	1538	0.195
\TheName{}-0.5	141	91	109	59	1748	0.19
\TheName{}-1.0	156	166	34	44	1977	0.165
\TheName{}-1.5	127	171	29	73	1697	0.1675
\TheName{}-2.0	121	168	32	79	1642	0.17
\TheName{}-2.5	120	168	32	80	1491	0.18
\TheName{}-3.0	120	166	34	80	1702	0.1675
SVM	163	157	43	37	8	0.005
LR	200	0	200	0	0	0.005
Ye-LDA	170	127	73	30	165	0.005
DTree-10	80	179	21	120	3	0.005
DTree-20	100	172	28	100	8	0.005
RFC-50	85	172	28	115	29	0.01
RFC-100	78	179	21	122	61	0.035
NLSVM-0.1	200	21	179	0	5	0.07
NLSVM-1.0	198	79	121	2	4	0.0575
NLSVM-10	197	58	142	3	5	0.0625
LDA	163	143	57	37	381	0.35
SDA-0.5	151	179	21	49	1455	0.1725
SDA-1.0	150	179	21	50	1632	0.165
SDA-1.5	149	179	21	51	1500	0.165
SDA-2.0	148	178	22	52	1551	0.18
SDA-2.5	148	178	22	52	1581	0.1625
SDA-3.0	148	178	22	52	1622	0.1625
\TheName{}-0.5	184	149	51	16	1612	0.1725
\TheName{}-1.0	175	178	22	25	1575	0.1675
\TheName{}-1.5	160	178	22	40	2097	0.165
\TheName{}-2.0	157	179	21	43	1659	0.175
\TheName{}-2.5	154	178	22	46	1632	0.165
\TheName{}-3.0	154	178	22	46	1615	0.1675
SVM	183	164	36	17	7	0.005
LR	0	200	0	200	1	0.005
Ye-LDA	149	184	16	51	165	0.005
DTree-10	105	166	34	95	3	0.005
DTree-20	129	160	40	71	5	0.005
RFC-50	111	175	25	89	27	0.01
RFC-100	105	172	28	95	55	0.02
NLSVM-0.1	1	200	0	199	6	0.0675
NLSVM-1.0	10	199	1	190	4	0.055
NLSVM-10	200	16	184	0	4	0.045
LDA	116	144	56	84	314	0.2125
SDA-0.5	129	171	29	71	1536	0.165
SDA-1.0	125	171	29	75	1573	0.175
SDA-1.5	125	171	29	75	1481	0.1675
SDA-2.0	125	169	31	75	1461	0.17
SDA-2.5	125	169	31	75	1662	0.165
SDA-3.0	125	169	31	75	1594	0.1625
\TheName{}-0.5	126	53	147	74	1730	0.1775
\TheName{}-1.0	194	137	63	6	1857	0.1825
\TheName{}-1.5	165	173	27	35	1592	0.1775
\TheName{}-2.0	151	170	30	49	1677	0.165
\TheName{}-2.5	145	170	30	55	1455	0.165
\TheName{}-3.0	139	170	30	61	1471	0.165
SVM	180	152	48	20	5	0.0025
LR	0	200	0	200	1	0.0025
Ye-LDA	147	174	26	53	161	0.005
DTree-10	80	185	15	120	4	0.0025
DTree-20	118	167	33	82	6	0.0025
RFC-50	107	182	18	93	29	0.0075
RFC-100	104	178	22	96	70	0.035
NLSVM-0.1	200	23	177	0	5	0.08
NLSVM-1.0	199	44	156	1	4	0.0525
NLSVM-10	70	199	1	130	4	0.045
LDA	133	145	55	67	280	0.19
SDA-0.5	134	176	24	66	1444	0.1675
SDA-1.0	132	176	24	68	1418	0.1675
SDA-1.5	132	176	24	68	1348	0.165
SDA-2.0	131	176	24	69	1381	0.1625
SDA-2.5	129	176	24	71	1360	0.175
SDA-3.0	129	176	24	71	1358	0.175
\TheName{}-0.5	175	183	17	25	1481	0.1675
\TheName{}-1.0	147	179	21	53	1423	0.17
\TheName{}-1.5	140	178	22	60	1447	0.1775
\TheName{}-2.0	138	176	24	62	1442	0.17
\TheName{}-2.5	137	176	24	63	1437	0.17
\TheName{}-3.0	134	176	24	66	1476	0.165
SVM	169	177	23	31	5	0.005
LR	0	200	0	200	0	0.005
Ye-LDA	134	176	24	66	163	0.0025
DTree-10	85	184	16	115	3	0.0025
DTree-20	110	171	29	90	6	0.005
RFC-50	100	183	17	100	30	0.01
RFC-100	102	179	21	98	62	0.0225
NLSVM-0.1	2	200	0	198	6	0.065
NLSVM-1.0	190	75	125	10	5	0.05
NLSVM-10	61	196	4	139	4	0.05
LDA	133	120	80	67	284	0.1675
SDA-0.5	159	169	31	41	1324	0.165
SDA-1.0	161	167	33	39	1315	0.175
SDA-1.5	161	167	33	39	1435	0.17
SDA-2.0	161	167	33	39	1360	0.165
SDA-2.5	161	168	32	39	1361	0.1675
SDA-3.0	161	168	32	39	1428	0.165
\TheName{}-0.5	174	119	81	26	1394	0.17
\TheName{}-1.0	180	145	55	20	1408	0.1725
\TheName{}-1.5	175	161	39	25	1438	0.1675
\TheName{}-2.0	171	163	37	29	1549	0.1725
\TheName{}-2.5	171	167	33	29	1554	0.17
\TheName{}-3.0	171	167	33	29	1480	0.17
SVM	173	146	54	27	6	0.005
LR	200	0	200	0	1	0.0025
Ye-LDA	179	132	68	21	165	0.0025
DTree-10	52	189	11	148	4	0.0025
DTree-20	67	181	19	133	6	0.0025
RFC-50	72	184	16	128	30	0.01
RFC-100	80	187	13	120	58	0.025
NLSVM-0.1	200	22	178	0	5	0.065
NLSVM-1.0	60	168	32	140	4	0.0525
NLSVM-10	173	166	34	27	4	0.0475
LDA	123	155	45	77	278	0.1675
SDA-0.5	145	169	31	55	1353	0.1625
SDA-1.0	142	168	32	58	1343	0.1675
SDA-1.5	141	168	32	59	1335	0.17
SDA-2.0	141	168	32	59	1358	0.1725
SDA-2.5	141	168	32	59	1345	0.16
SDA-3.0	141	168	32	59	1498	0.1725
\TheName{}-0.5	171	174	26	29	1558	0.17
\TheName{}-1.0	157	175	25	43	1390	0.1675
\TheName{}-1.5	148	171	29	52	1415	0.1725
\TheName{}-2.0	146	171	29	54	1485	0.1675
\TheName{}-2.5	145	171	29	55	1414	0.1625
\TheName{}-3.0	145	170	30	55	1383	0.165
SVM	158	165	35	42	5	0.005
LR	200	0	200	0	1	0.0025
Ye-LDA	173	167	33	27	156	0.0025
DTree-10	69	183	17	131	3	0.005
DTree-20	110	174	26	90	5	0.005
RFC-50	95	176	24	105	28	0.01
RFC-100	92	178	22	108	59	0.02
NLSVM-0.1	78	189	11	122	6	0.065
NLSVM-1.0	185	81	119	15	4	0.05
NLSVM-10	77	195	5	123	4	0.0475
LDA	118	152	48	82	277	0.16
SDA-0.5	144	177	23	56	1306	0.1725
SDA-1.0	145	176	24	55	1301	0.1675
SDA-1.5	144	176	24	56	1289	0.1625
SDA-2.0	144	176	24	56	1301	0.1625
SDA-2.5	144	176	24	56	1308	0.165
SDA-3.0	145	176	24	55	1316	0.165
\TheName{}-0.5	180	177	23	20	1456	0.1725
\TheName{}-1.0	154	179	21	46	1463	0.16
\TheName{}-1.5	153	177	23	47	1391	0.1625
\TheName{}-2.0	148	176	24	52	1414	0.1625
\TheName{}-2.5	146	176	24	54	1398	0.17
\TheName{}-3.0	146	176	24	54	1376	0.1625
SVM	176	175	25	24	6	0.0025
LR	0	200	0	200	1	0.005
Ye-LDA	137	175	25	63	170	0.005
DTree-10	60	187	13	140	3	0.005
DTree-20	85	174	26	115	5	0.0025
RFC-50	94	183	17	106	34	0.0075
RFC-100	98	180	20	102	61	0.0225
NLSVM-0.1	199	21	179	1	6	0.065
NLSVM-1.0	177	100	100	23	5	0.0525
NLSVM-10	35	198	2	165	4	0.045
LDA	119	122	78	81	280	0.1675
SDA-0.5	128	173	27	72	1421	0.1675
SDA-1.0	127	171	29	73	1278	0.1625
SDA-1.5	126	171	29	74	1286	0.17
SDA-2.0	125	171	29	75	1278	0.175
SDA-2.5	125	171	29	75	1295	0.16
SDA-3.0	125	171	29	75	1300	0.1675
\TheName{}-0.5	172	114	86	28	1357	0.1625
\TheName{}-1.0	147	172	28	53	1342	0.165
\TheName{}-1.5	132	172	28	68	1367	0.1625
\TheName{}-2.0	129	171	29	71	1375	0.175
\TheName{}-2.5	129	170	30	71	1468	0.165
\TheName{}-3.0	128	170	30	72	1370	0.1625
SVM	176	155	45	24	7	0.0025
LR	0	200	0	200	1	0.0025
Ye-LDA	162	167	33	38	161	0.005
DTree-10	66	177	23	134	4	0.0025
DTree-20	103	169	31	97	7	0.0025
RFC-50	97	179	21	103	31	0.01
RFC-100	100	178	22	100	59	0.025
NLSVM-0.1	199	25	175	1	5	0.0675
NLSVM-1.0	194	55	145	6	4	0.0525
NLSVM-10	162	141	59	38	4	0.045
LDA	156	141	59	44	279	0.1625
SDA-0.5	121	176	24	79	1348	0.1675
SDA-1.0	120	176	24	80	1402	0.1725
SDA-1.5	120	176	24	80	1328	0.16
SDA-2.0	120	176	24	80	1318	0.165
SDA-2.5	120	175	25	80	1322	0.1625
SDA-3.0	120	175	25	80	1330	0.1625
\TheName{}-0.5	132	92	108	68	1375	0.1625
\TheName{}-1.0	158	176	24	42	1362	0.1675
\TheName{}-1.5	137	175	25	63	1362	0.1625
\TheName{}-2.0	132	176	24	68	1413	0.1625
\TheName{}-2.5	125	175	25	75	1374	0.1625
\TheName{}-3.0	123	174	26	77	1488	0.1625
SVM	188	162	38	12	8	0.005
LR	0	200	0	200	1	0.0025
Ye-LDA	144	174	26	56	166	0.005
DTree-10	101	173	27	99	5	0.0025
DTree-20	124	162	38	76	6	0.0025
RFC-50	116	181	19	84	34	0.0125
RFC-100	102	179	21	98	58	0.025
NLSVM-0.1	200	22	178	0	5	0.0675
NLSVM-1.0	198	119	81	2	4	0.0525
NLSVM-10	134	169	31	66	4	0.0475
LDA	137	119	81	63	279	0.165
SDA-0.5	121	179	21	79	1331	0.16
SDA-1.0	119	179	21	81	1314	0.1625
SDA-1.5	119	177	23	81	1307	0.1675
SDA-2.0	117	177	23	83	1322	0.1625
SDA-2.5	117	177	23	83	1342	0.17
SDA-3.0	116	177	23	84	1305	0.1675
\TheName{}-0.5	156	121	79	44	1400	0.165
\TheName{}-1.0	157	182	18	43	1394	0.1625
\TheName{}-1.5	148	181	19	52	1420	0.17
\TheName{}-2.0	139	180	20	61	1413	0.17
\TheName{}-2.5	133	179	21	67	1441	0.165
\TheName{}-3.0	128	179	21	72	1488	0.17
SVM	154	170	30	46	8	0.0025
LR	0	200	0	200	1	0.0025
Ye-LDA	139	175	25	61	177	0.0025
DTree-10	73	183	17	127	3	0.005
DTree-20	108	167	33	92	5	0.005
RFC-50	94	187	13	106	11	0.01
RFC-100	93	184	16	107	71	0.025
NLSVM-0.1	3	200	0	197	5	0.0675
NLSVM-1.0	142	149	51	58	5	0.0525
NLSVM-10	13	200	0	187	4	0.05
LDA	112	136	64	88	282	0.165
SDA-0.5	146	176	24	54	1306	0.1625
SDA-1.0	146	176	24	54	1295	0.1775
SDA-1.5	146	176	24	54	1269	0.165
SDA-2.0	146	176	24	54	1276	0.1675
SDA-2.5	146	176	24	54	1333	0.17
SDA-3.0	146	176	24	54	1336	0.1625
\TheName{}-0.5	189	157	43	11	1337	0.1625
\TheName{}-1.0	159	179	21	41	1323	0.1725
\TheName{}-1.5	153	180	20	47	1339	0.1625
\TheName{}-2.0	146	179	21	54	1330	0.1675
\TheName{}-2.5	146	177	23	54	1323	0.1625
\TheName{}-3.0	146	177	23	54	1339	0.1625
SVM	174	164	36	26	7	0.005
LR	0	200	0	200	0	0.0025
Ye-LDA	154	167	33	46	158	0.005
DTree-10	67	189	11	133	3	0.005
DTree-20	116	168	32	84	6	0.0025
RFC-50	93	179	21	107	29	0.0075
RFC-100	98	181	19	102	64	0.0225
NLSVM-0.1	2	200	0	198	5	0.065
NLSVM-1.0	190	89	111	10	5	0.05
NLSVM-10	198	98	102	2	4	0.0475
LDA	157	138	62	43	275	0.1625
SDA-0.5	150	176	24	50	1300	0.1725
SDA-1.0	149	176	24	51	1278	0.17
SDA-1.5	148	176	24	52	1282	0.1625
SDA-2.0	147	176	24	53	1290	0.16
SDA-2.5	147	176	24	53	1298	0.165
SDA-3.0	147	176	24	53	1298	0.1675
\TheName{}-0.5	162	180	20	38	1377	0.1625
\TheName{}-1.0	155	176	24	45	1384	0.165
\TheName{}-1.5	151	175	25	49	1365	0.1625
\TheName{}-2.0	150	173	27	50	1370	0.165
\TheName{}-2.5	150	176	24	50	1396	0.17
\TheName{}-3.0	150	176	24	50	1383	0.1675
SVM	168	167	33	32	4	0.005
LR	0	200	0	200	1	0.005
Ye-LDA	141	179	21	59	167	0.005
DTree-10	72	183	17	128	3	0.005
DTree-20	104	172	28	96	5	0.005
RFC-50	105	184	16	95	34	0.0125
RFC-100	94	187	13	106	61	0.0275
NLSVM-0.1	200	19	181	0	5	0.065
NLSVM-1.0	198	44	156	2	5	0.05
NLSVM-10	177	160	40	23	4	0.0525
LDA	148	141	59	52	290	0.165
SDA-0.5	162	173	27	38	1321	0.165
SDA-1.0	163	174	26	37	1347	0.17
SDA-1.5	161	174	26	39	1352	0.18
SDA-2.0	161	174	26	39	1508	0.185
SDA-2.5	161	174	26	39	1584	0.1775
SDA-3.0	161	174	26	39	1630	0.1625
\TheName{}-0.5	179	168	32	21	1968	0.165
\TheName{}-1.0	171	169	31	29	1902	0.1625
\TheName{}-1.5	167	171	29	33	3010	0.2075
\TheName{}-2.0	165	172	28	35	2565	0.1775
\TheName{}-2.5	163	173	27	37	1967	0.1675
\TheName{}-3.0	163	173	27	37	2001	0.1675
SVM	155	157	43	45	6	0.0075
LR	0	200	0	200	0	0.0075
Ye-LDA	147	171	29	53	171	0.005
DTree-10	65	173	27	135	3	0.005
DTree-20	105	157	43	95	5	0.005
RFC-50	117	180	20	83	34	0.0175
RFC-100	109	181	19	91	64	0.0275
NLSVM-0.1	200	30	170	0	5	0.0725
NLSVM-1.0	166	121	79	34	5	0.06
NLSVM-10	198	57	143	2	5	0.065
LDA	151	125	75	49	840	0.2725
SDA-0.5	155	169	31	45	1985	0.1875
SDA-1.0	152	170	30	48	1671	0.1675
SDA-1.5	152	170	30	48	1780	0.1675
SDA-2.0	150	170	30	50	1807	0.175
SDA-2.5	150	170	30	50	1532	0.165
SDA-3.0	150	170	30	50	1651	0.175
\TheName{}-0.5	190	157	43	10	1809	0.2025
\TheName{}-1.0	171	168	32	29	1697	0.17
\TheName{}-1.5	162	167	33	38	1572	0.165
\TheName{}-2.0	158	169	31	42	1712	0.185
\TheName{}-2.5	158	168	32	42	1689	0.1625
\TheName{}-3.0	158	168	32	42	1858	0.175
SVM	165	170	30	35	8	0.005
LR	0	200	0	200	1	0.005
Ye-LDA	169	163	37	31	192	0.0175
DTree-10	61	187	13	139	63	0.0425
DTree-20	103	164	36	97	7	0.0025
RFC-50	100	179	21	100	61	0.01
RFC-100	101	178	22	99	80	0.0425
NLSVM-0.1	3	200	0	197	6	0.0975
NLSVM-1.0	181	103	97	19	5	0.06
NLSVM-10	200	37	163	0	5	0.0775
LDA	176	133	67	24	371	0.3025
SDA-0.5	124	169	31	76	1646	0.1775
SDA-1.0	124	168	32	76	1448	0.1675
SDA-1.5	123	168	32	77	1662	0.165
SDA-2.0	123	168	32	77	1594	0.185
SDA-2.5	123	168	32	77	1549	0.1675
SDA-3.0	123	168	32	77	1782	0.16
\TheName{}-0.5	168	130	70	32	1664	0.165
\TheName{}-1.0	161	170	30	39	1636	0.165
\TheName{}-1.5	148	172	28	52	1605	0.1625
\TheName{}-2.0	137	171	29	63	1493	0.175
\TheName{}-2.5	131	171	29	69	1436	0.175
\TheName{}-3.0	131	170	30	69	1508	0.1625
SVM	184	161	39	16	7	0.005
LR	0	200	0	200	0	0.005
Ye-LDA	155	182	18	45	162	0.005
DTree-10	97	176	24	103	3	0.0025
DTree-20	126	163	37	74	6	0.0025
RFC-50	121	174	26	79	31	0.0075
RFC-100	119	170	30	81	62	0.025
NLSVM-0.1	200	24	176	0	5	0.0675
NLSVM-1.0	191	82	118	9	4	0.055
NLSVM-10	192	140	60	8	4	0.05
LDA	156	132	68	44	291	0.1675
SDA-0.5	138	187	13	62	1299	0.165
SDA-1.0	140	187	13	60	1351	0.1725
SDA-1.5	140	187	13	60	1314	0.1675
SDA-2.0	140	187	13	60	1377	0.1675
SDA-2.5	140	187	13	60	1373	0.1625
SDA-3.0	140	187	13	60	1344	0.1825
\TheName{}-0.5	170	178	22	30	1478	0.1725
\TheName{}-1.0	150	187	13	50	1455	0.215
\TheName{}-1.5	144	187	13	56	1709	0.1675
\TheName{}-2.0	144	187	13	56	1755	0.165
\TheName{}-2.5	142	187	13	58	1588	0.165
\TheName{}-3.0	140	187	13	60	1753	0.1675
SVM	174	169	31	26	6	0.0075
LR	0	200	0	200	0	0.005
Ye-LDA	115	184	16	85	171	0.005
DTree-10	76	180	20	124	3	0.005
DTree-20	100	172	28	100	5	0.0025
RFC-50	87	176	24	113	31	0.0125
RFC-100	90	180	20	110	71	0.0575
NLSVM-0.1	200	20	180	0	6	0.165
NLSVM-1.0	178	112	88	22	4	0.0575
NLSVM-10	92	199	1	108	4	0.0475
LDA	116	115	85	84	297	0.18
SDA-0.5	158	167	33	42	1665	0.1725
SDA-1.0	155	167	33	45	1586	0.1825
SDA-1.5	154	167	33	46	1599	0.165
SDA-2.0	154	167	33	46	1423	0.1675
SDA-2.5	154	167	33	46	1909	0.1675
SDA-3.0	154	167	33	46	1894	0.1775
\TheName{}-0.5	180	137	63	20	2219	0.1725
\TheName{}-1.0	170	164	36	30	1962	0.175
\TheName{}-1.5	164	168	32	36	1870	0.17
\TheName{}-2.0	161	166	34	39	1946	0.18
\TheName{}-2.5	162	166	34	38	2109	0.18
\TheName{}-3.0	162	166	34	38	1666	0.2025
SVM	182	155	45	18	13	0.01
LR	200	0	200	0	1	0.0025
Ye-LDA	176	143	57	24	234	0.01
DTree-10	71	187	13	129	14	0.0075
DTree-20	102	169	31	98	25	0.005
RFC-50	81	181	19	119	29	0.01
RFC-100	86	180	20	114	64	0.02
NLSVM-0.1	0	200	0	200	6	0.0825
NLSVM-1.0	193	91	109	7	4	0.0525
NLSVM-10	200	62	138	0	5	0.085
LDA	131	151	49	69	398	0.26
SDA-0.5	131	164	36	69	1568	0.17
SDA-1.0	130	163	37	70	1451	0.165
SDA-1.5	129	163	37	71	1613	0.1725
SDA-2.0	129	163	37	71	1824	0.1625
SDA-2.5	129	163	37	71	1500	0.1725
SDA-3.0	129	163	37	71	1738	0.165
\TheName{}-0.5	176	174	26	24	1683	0.1625
\TheName{}-1.0	143	168	32	57	1623	0.1775
\TheName{}-1.5	137	167	33	63	1680	0.1625
\TheName{}-2.0	133	167	33	67	1909	0.1675
\TheName{}-2.5	132	166	34	68	1900	0.1675
\TheName{}-3.0	131	166	34	69	1706	0.185
SVM	160	172	28	40	7	0.005
LR	0	200	0	200	0	0.005
Ye-LDA	164	169	31	36	189	0.0275
DTree-10	85	182	18	115	5	0.015
DTree-20	134	163	37	66	27	0.005
RFC-50	115	170	30	85	41	0.0225
RFC-100	116	169	31	84	78	0.015
NLSVM-0.1	198	29	171	2	6	0.0975
NLSVM-1.0	182	85	115	18	4	0.0575
NLSVM-10	131	168	32	69	6	0.0575
LDA	146	154	46	54	317	0.205
SDA-0.5	136	175	25	64	1557	0.175
SDA-1.0	136	175	25	64	1571	0.1775
SDA-1.5	136	175	25	64	1684	0.1625
SDA-2.0	136	175	25	64	1712	0.175
SDA-2.5	136	175	25	64	1761	0.17
SDA-3.0	135	175	25	65	1520	0.1725
\TheName{}-0.5	151	141	59	49	1518	0.17
\TheName{}-1.0	159	175	25	41	1760	0.17
\TheName{}-1.5	152	178	22	48	1655	0.165
\TheName{}-2.0	146	176	24	54	1560	0.1675
\TheName{}-2.5	145	176	24	55	1714	0.1725
\TheName{}-3.0	142	176	24	58	1736	0.165
SVM	168	169	31	32	7	0.005
LR	0	200	0	200	0	0.005
Ye-LDA	121	180	20	79	186	0.005
DTree-10	103	173	27	97	3	0.0025
DTree-20	129	167	33	71	7	0.0025
RFC-50	103	186	14	97	30	0.0125
RFC-100	108	188	12	92	66	0.04
NLSVM-0.1	1	199	1	199	7	0.085
NLSVM-1.0	187	84	116	13	4	0.0725
NLSVM-10	14	200	0	186	4	0.0575
LDA	112	155	45	88	316	0.3425
SDA-0.5	153	176	24	47	1616	0.1675
SDA-1.0	152	174	26	48	1520	0.1775
SDA-1.5	152	174	26	48	1489	0.165
SDA-2.0	151	174	26	49	1563	0.185
SDA-2.5	151	174	26	49	1797	0.175
SDA-3.0	151	174	26	49	1638	0.1725
\TheName{}-0.5	185	148	52	15	2085	0.165
\TheName{}-1.0	171	176	24	29	1726	0.165
\TheName{}-1.5	162	174	26	38	1768	0.1775
\TheName{}-2.0	159	173	27	41	1748	0.1625
\TheName{}-2.5	158	173	27	42	1685	0.17
\TheName{}-3.0	157	173	27	43	1897	0.165
SVM	179	153	47	21	8	0.005
LR	0	200	0	200	1	0.005
Ye-LDA	153	165	35	47	172	0.005
DTree-10	74	176	24	126	3	0.005
DTree-20	107	164	36	93	5	0.005
RFC-50	103	168	32	97	10	0.01
RFC-100	100	172	28	100	64	0.025
NLSVM-0.1	199	20	180	1	6	0.0625
NLSVM-1.0	194	64	136	6	5	0.0525
NLSVM-10	25	199	1	175	4	0.0625
LDA	144	130	70	56	396	0.335
SDA-0.5	169	171	29	31	1518	0.175
SDA-1.0	170	171	29	30	1671	0.1825
SDA-1.5	170	171	29	30	1902	0.185
SDA-2.0	167	171	29	33	1505	0.1675
SDA-2.5	167	171	29	33	1551	0.1675
SDA-3.0	167	171	29	33	1715	0.1675
\TheName{}-0.5	186	156	44	14	1527	0.175
\TheName{}-1.0	182	170	30	18	1498	0.165
\TheName{}-1.5	177	170	30	23	1429	0.1625
\TheName{}-2.0	176	170	30	24	1472	0.1875
\TheName{}-2.5	175	170	30	25	1452	0.165
\TheName{}-3.0	173	171	29	27	1585	0.1725
SVM	162	153	47	38	7	0.0025
LR	0	200	0	200	1	0.005
Ye-LDA	168	168	32	32	168	0.005
DTree-10	190	64	136	10	3	0.0025
DTree-20	169	134	66	31	6	0.005
RFC-50	98	182	18	102	33	0.01
RFC-100	96	186	14	104	67	0.025
NLSVM-0.1	200	15	185	0	5	0.075
NLSVM-1.0	197	72	128	3	4	0.0575
NLSVM-10	196	79	121	4	6	0.0525
LDA	119	115	85	81	289	0.1675
SDA-0.5	127	179	21	73	1349	0.1675
SDA-1.0	124	179	21	76	1317	0.17
SDA-1.5	123	178	22	77	1495	0.1775
SDA-2.0	123	178	22	77	1351	0.1825
SDA-2.5	123	178	22	77	1324	0.165
SDA-3.0	123	178	22	77	1297	0.1625
\TheName{}-0.5	164	134	66	36	1350	0.1625
\TheName{}-1.0	157	181	19	43	1355	0.1725
\TheName{}-1.5	151	183	17	49	1407	0.165
\TheName{}-2.0	145	180	20	55	1367	0.1725
\TheName{}-2.5	138	180	20	62	1359	0.1625
\TheName{}-3.0	133	178	22	67	1354	0.1675
SVM	162	173	27	38	10	0.005
LR	0	200	0	200	0	0.005
Ye-LDA	129	180	20	71	159	0.005
DTree-10	59	177	23	141	3	0.005
DTree-20	92	171	29	108	5	0.005
RFC-50	88	184	16	112	31	0.01
RFC-100	100	180	20	100	65	0.0275
NLSVM-0.1	198	32	168	2	5	0.0675
NLSVM-1.0	195	74	126	5	4	0.0525
NLSVM-10	45	196	4	155	4	0.0475
LDA	105	140	60	95	277	0.165
SDA-0.5	116	170	30	84	1330	0.16
SDA-1.0	115	169	31	85	1310	0.1775
SDA-1.5	115	167	33	85	1314	0.1675
SDA-2.0	115	167	33	85	1324	0.1675
SDA-2.5	115	167	33	85	1321	0.1625
SDA-3.0	114	167	33	86	1324	0.17
\TheName{}-0.5	165	166	34	35	1470	0.1825
\TheName{}-1.0	127	170	30	73	1523	0.1675
\TheName{}-1.5	118	170	30	82	1479	0.165
\TheName{}-2.0	118	169	31	82	1468	0.17
\TheName{}-2.5	117	170	30	83	1583	0.17
\TheName{}-3.0	116	170	30	84	1403	0.1725
SVM	149	164	36	51	6	0.005
LR	0	200	0	200	0	0.005
Ye-LDA	135	167	33	65	167	0.005
DTree-10	78	174	26	122	3	0.005
DTree-20	108	157	43	92	5	0.005
RFC-50	94	174	26	106	34	0.01
RFC-100	88	175	25	112	56	0.02
NLSVM-0.1	199	23	177	1	5	0.0675
NLSVM-1.0	172	90	110	28	4	0.0525
NLSVM-10	170	128	72	30	4	0.0475
LDA	151	120	80	49	285	0.1775
SDA-0.5	135	173	27	65	1327	0.175
SDA-1.0	136	173	27	64	1288	0.165
SDA-1.5	136	173	27	64	1529	0.1725
SDA-2.0	136	173	27	64	1563	0.1675
SDA-2.5	136	173	27	64	1642	0.175
SDA-3.0	136	173	27	64	1419	0.165
\TheName{}-0.5	179	162	38	21	1537	0.17
\TheName{}-1.0	158	175	25	42	1751	0.1675
\TheName{}-1.5	146	174	26	54	1874	0.1625
\TheName{}-2.0	145	174	26	55	1745	0.19
\TheName{}-2.5	144	173	27	56	1575	0.185
\TheName{}-3.0	141	172	28	59	1660	0.18
SVM	163	155	45	37	6	0.005
LR	0	200	0	200	1	0.005
Ye-LDA	140	171	29	60	171	0.005
DTree-10	89	166	34	111	3	0.0025
DTree-20	115	167	33	85	5	0.005
RFC-50	95	177	23	105	29	0.01
RFC-100	96	176	24	104	60	0.025
NLSVM-0.1	199	9	191	1	5	0.0675
NLSVM-1.0	188	78	122	12	4	0.0625
NLSVM-10	35	196	4	165	4	0.0525
LDA	154	139	61	46	331	0.195
SDA-0.5	156	174	26	44	1480	0.165
SDA-1.0	152	173	27	48	1743	0.1625
SDA-1.5	152	174	26	48	1802	0.1675
SDA-2.0	152	174	26	48	1598	0.1775
SDA-2.5	152	174	26	48	1600	0.17
SDA-3.0	152	174	26	48	1819	0.18
\TheName{}-0.5	174	160	40	26	1578	0.1775
\TheName{}-1.0	167	176	24	33	1807	0.1625
\TheName{}-1.5	165	174	26	35	1624	0.1675
\TheName{}-2.0	160	174	26	40	1872	0.1675
\TheName{}-2.5	160	174	26	40	1995	0.1675
\TheName{}-3.0	156	174	26	44	1829	0.165
SVM	177	162	38	23	5	0.005
LR	0	200	0	200	2	0.005
Ye-LDA	155	176	24	45	172	0.005
DTree-10	90	174	26	110	3	0.005
DTree-20	131	155	45	69	5	0.005
RFC-50	111	179	21	89	10	0.01
RFC-100	120	171	29	80	65	0.025
NLSVM-0.1	200	26	174	0	6	0.0675
NLSVM-1.0	191	85	115	9	4	0.0525
NLSVM-10	200	22	178	0	5	0.0525
LDA	116	134	66	84	289	0.1825
SDA-0.5	146	167	33	54	1787	0.1675
SDA-1.0	145	168	32	55	1550	0.175
SDA-1.5	145	166	34	55	1456	0.1625
SDA-2.0	145	165	35	55	1565	0.1675
SDA-2.5	144	165	35	56	1563	0.165
SDA-3.0	144	164	36	56	1528	0.1625
\TheName{}-0.5	189	114	86	11	2154	0.1675
\TheName{}-1.0	167	161	39	33	1730	0.1775
\TheName{}-1.5	158	160	40	42	1526	0.25
\TheName{}-2.0	151	161	39	49	1677	0.165
\TheName{}-2.5	149	162	38	51	1667	0.165
\TheName{}-3.0	149	163	37	51	1777	0.1675
SVM	161	151	49	39	8	0.005
LR	0	200	0	200	1	0.005
Ye-LDA	168	156	44	32	170	0.0075
DTree-10	186	76	124	14	19	0.005
DTree-20	111	164	36	89	5	0.005
RFC-50	95	178	22	105	32	0.01
RFC-100	97	178	22	103	70	0.03
NLSVM-0.1	200	30	170	0	5	0.11
NLSVM-1.0	187	62	138	13	5	0.0575
NLSVM-10	200	1	199	0	4	0.085
LDA	128	148	52	72	504	0.375
SDA-0.5	129	172	28	71	1431	0.1825
SDA-1.0	125	172	28	75	1366	0.1725
SDA-1.5	125	172	28	75	1461	0.175
SDA-2.0	124	172	28	76	1461	0.1775
SDA-2.5	124	172	28	76	1343	0.1625
SDA-3.0	124	172	28	76	1343	0.175
\TheName{}-0.5	182	148	52	18	1423	0.1675
\TheName{}-1.0	145	174	26	55	1435	0.1675
\TheName{}-1.5	138	172	28	62	1435	0.165
\TheName{}-2.0	134	172	28	66	1432	0.1825
\TheName{}-2.5	132	172	28	68	1425	0.17
\TheName{}-3.0	131	172	28	69	1457	0.165
SVM	169	157	43	31	6	0.0025
LR	0	200	0	200	1	0.0025
Ye-LDA	143	164	36	57	168	0.005
DTree-10	77	166	34	123	4	0.0025
DTree-20	104	155	45	96	5	0.005
RFC-50	102	177	23	98	30	0.01
RFC-100	100	179	21	100	63	0.025
NLSVM-0.1	200	23	177	0	5	0.07
NLSVM-1.0	46	186	14	154	5	0.055
NLSVM-10	124	175	25	76	4	0.05
LDA	157	156	44	43	285	0.1725
SDA-0.5	168	165	35	32	1310	0.1625
SDA-1.0	166	164	36	34	1261	0.17
SDA-1.5	166	163	37	34	1289	0.175
SDA-2.0	165	162	38	35	1343	0.1625
SDA-2.5	165	162	38	35	1356	0.1725
SDA-3.0	165	162	38	35	1345	0.1625
\TheName{}-0.5	183	172	28	17	1357	0.1675
\TheName{}-1.0	173	168	32	27	1385	0.17
\TheName{}-1.5	169	166	34	31	1393	0.205
\TheName{}-2.0	168	164	36	32	1664	0.1975
\TheName{}-2.5	168	163	37	32	1525	0.17
\TheName{}-3.0	167	162	38	33	1744	0.18
SVM	187	168	32	13	12	0.005
LR	0	200	0	200	0	0.005
Ye-LDA	165	160	40	35	183	0.0175
DTree-10	93	182	18	107	7	0.0125
DTree-20	119	167	33	81	6	0.0125
RFC-50	108	178	22	92	10	0.0175
RFC-100	108	177	23	92	69	0.035
NLSVM-0.1	99	180	20	101	5	0.08
NLSVM-1.0	184	110	90	16	4	0.06
NLSVM-10	5	199	1	195	4	0.0575
LDA	163	144	56	37	319	0.175
SDA-0.5	130	189	11	70	1536	0.1675
SDA-1.0	130	187	13	70	1618	0.1825
SDA-1.5	129	187	13	71	1456	0.1725
SDA-2.0	129	186	14	71	1597	0.1875
SDA-2.5	129	186	14	71	2125	0.18
SDA-3.0	129	186	14	71	1648	0.1675
\TheName{}-0.5	151	116	84	49	1594	0.2125
\TheName{}-1.0	155	186	14	45	1630	0.2025
\TheName{}-1.5	144	188	12	56	1586	0.165
\TheName{}-2.0	139	188	12	61	1585	0.17
\TheName{}-2.5	133	188	12	67	1678	0.1825
\TheName{}-3.0	132	188	12	68	1645	0.205
SVM	171	167	33	29	5	0.005
LR	0	200	0	200	1	0.005
Ye-LDA	124	179	21	76	201	0.01
DTree-10	71	180	20	129	3	0.0025
DTree-20	108	172	28	92	8	0.0075
RFC-50	85	184	16	115	40	0.01
RFC-100	88	187	13	112	93	0.0775
NLSVM-0.1	2	199	1	198	6	0.11
NLSVM-1.0	190	61	139	10	5	0.115
NLSVM-10	111	195	5	89	6	0.0825
LDA	143	134	66	57	386	0.255
SDA-0.5	145	179	21	55	1934	0.1775
SDA-1.0	143	179	21	57	1879	0.1675
SDA-1.5	143	179	21	57	1707	0.175
SDA-2.0	143	178	22	57	1959	0.205
SDA-2.5	143	178	22	57	1605	0.2
SDA-3.0	142	178	22	58	1776	0.1825
\TheName{}-0.5	170	152	48	30	1830	0.385
\TheName{}-1.0	175	183	17	25	2253	0.17
\TheName{}-1.5	158	183	17	42	2077	0.165
\TheName{}-2.0	157	181	19	43	1524	0.175
\TheName{}-2.5	152	180	20	48	1612	0.1725
\TheName{}-3.0	150	180	20	50	1732	0.1775
SVM	161	175	25	39	8	0.015
LR	0	200	0	200	0	0.015
Ye-LDA	138	183	17	62	182	0.0125
DTree-10	71	182	18	129	3	0.01
DTree-20	97	168	32	103	6	0.0125
RFC-50	96	178	22	104	10	0.015
RFC-100	94	184	16	106	58	0.025
NLSVM-0.1	199	15	185	1	6	0.08
NLSVM-1.0	192	63	137	8	5	0.0575
NLSVM-10	198	61	139	2	4	0.05
LDA	122	129	71	78	318	0.1925
SDA-0.5	151	178	22	49	1357	0.17
SDA-1.0	150	177	23	50	1597	0.21
SDA-1.5	149	177	23	51	1590	0.1725
SDA-2.0	149	177	23	51	1434	0.185
SDA-2.5	149	177	23	51	1592	0.1725
SDA-3.0	149	177	23	51	1552	0.17
\TheName{}-0.5	168	179	21	32	1595	0.1875
\TheName{}-1.0	154	180	20	46	1670	0.21
\TheName{}-1.5	153	180	20	47	1748	0.2025
\TheName{}-2.0	152	180	20	48	1561	0.165
\TheName{}-2.5	151	179	21	49	1655	0.1675
\TheName{}-3.0	151	178	22	49	1681	0.165
SVM	169	161	39	31	6	0.0075
LR	0	200	0	200	0	0.005
Ye-LDA	147	173	27	53	186	0.005
DTree-10	90	181	19	110	3	0.005
DTree-20	121	164	36	79	5	0.005
RFC-50	113	177	23	87	31	0.01
RFC-100	106	179	21	94	69	0.0725
NLSVM-0.1	200	11	189	0	6	0.145
NLSVM-1.0	178	93	107	22	4	0.065
NLSVM-10	19	199	1	181	4	0.055
LDA	138	131	69	62	309	0.205
SDA-0.5	167	175	25	33	1435	0.1725
SDA-1.0	166	175	25	34	1481	0.2125
SDA-1.5	165	175	25	35	1482	0.1625
SDA-2.0	165	175	25	35	1406	0.1625
SDA-2.5	165	175	25	35	1539	0.1725
SDA-3.0	165	175	25	35	1504	0.1975
\TheName{}-0.5	184	175	25	16	1429	0.19
\TheName{}-1.0	176	172	28	24	1495	0.165
\TheName{}-1.5	172	174	26	28	1513	0.165
\TheName{}-2.0	172	175	25	28	1431	0.17
\TheName{}-2.5	170	175	25	30	1466	0.175
\TheName{}-3.0	170	175	25	30	1508	0.18
SVM	178	155	45	22	10	0.005
LR	0	200	0	200	1	0.0025
Ye-LDA	164	174	26	36	175	0.0025
DTree-10	81	177	23	119	3	0.005
DTree-20	101	170	30	99	5	0.005
RFC-50	98	171	29	102	12	0.01
RFC-100	91	174	26	109	70	0.0225
NLSVM-0.1	6	199	1	194	6	0.065
NLSVM-1.0	115	150	50	85	4	0.0525
NLSVM-10	197	66	134	3	4	0.05
LDA	154	151	49	46	285	0.165
SDA-0.5	121	182	18	79	1409	0.1675
SDA-1.0	120	181	19	80	1474	0.175
SDA-1.5	119	181	19	81	1411	0.165
SDA-2.0	119	181	19	81	1412	0.2025
SDA-2.5	119	181	19	81	1443	0.1875
SDA-3.0	119	181	19	81	1524	0.1625
\TheName{}-0.5	167	168	32	33	1541	0.17
\TheName{}-1.0	137	189	11	63	1572	0.17
\TheName{}-1.5	131	186	14	69	1488	0.175
\TheName{}-2.0	128	186	14	72	1488	0.165
\TheName{}-2.5	123	184	16	77	1469	0.1725
\TheName{}-3.0	122	184	16	78	1602	0.1675
SVM	172	170	30	28	8	0.0025
LR	200	0	200	0	1	0.005
Ye-LDA	147	173	27	53	167	0.0025
DTree-10	56	189	11	144	3	0.005
DTree-20	95	174	26	105	5	0.0025
RFC-50	83	189	11	117	30	0.0125
RFC-100	88	188	12	112	59	0.0225
NLSVM-0.1	200	17	183	0	6	0.0775
NLSVM-1.0	185	58	142	15	10	0.075
NLSVM-10	105	189	11	95	4	0.05
LDA	113	147	53	87	287	0.165
SDA-0.5	125	177	23	75	1371	0.165
SDA-1.0	126	176	24	74	1416	0.185
SDA-1.5	126	175	25	74	1383	0.17
SDA-2.0	126	175	25	74	1348	0.16
SDA-2.5	126	175	25	74	1477	0.165
SDA-3.0	126	175	25	74	1370	0.165
\TheName{}-0.5	141	132	68	59	1492	0.185
\TheName{}-1.0	147	183	17	53	1526	0.175
\TheName{}-1.5	133	181	19	67	1418	0.1775
\TheName{}-2.0	131	180	20	69	1440	0.175
\TheName{}-2.5	129	180	20	71	1415	0.1675
\TheName{}-3.0	130	179	21	70	1514	0.1825
SVM	152	176	24	48	8	0.0075
LR	0	200	0	200	1	0.005
Ye-LDA	130	179	21	70	182	0.005
DTree-10	44	190	10	156	4	0.0025
DTree-20	96	172	28	104	5	0.005
RFC-50	93	177	23	107	31	0.01
RFC-100	96	173	27	104	59	0.025
NLSVM-0.1	0	200	0	200	5	0.0675
NLSVM-1.0	172	74	126	28	5	0.055
NLSVM-10	30	200	0	170	4	0.0725
LDA	132	145	55	68	294	0.165
SDA-0.5	111	182	18	89	1464	0.165
SDA-1.0	109	182	18	91	1326	0.1675
SDA-1.5	108	181	19	92	1349	0.16
SDA-2.0	108	181	19	92	1373	0.1625
SDA-2.5	108	181	19	92	1328	0.18
SDA-3.0	108	181	19	92	1376	0.165
\TheName{}-0.5	149	135	65	51	1492	0.175
\TheName{}-1.0	139	186	14	61	1448	0.17
\TheName{}-1.5	125	185	15	75	1483	0.1675
\TheName{}-2.0	118	182	18	82	1820	0.1775
\TheName{}-2.5	116	182	18	84	1554	0.1625
\TheName{}-3.0	115	181	19	85	1621	0.17
SVM	158	177	23	42	8	0.0075
LR	0	200	0	200	0	0.005
Ye-LDA	140	182	18	60	166	0.0075
DTree-10	74	188	12	126	3	0.0025
DTree-20	118	157	43	82	5	0.005
RFC-50	107	166	34	93	51	0.015
RFC-100	98	171	29	102	78	0.035
NLSVM-0.1	199	27	173	1	6	0.08
NLSVM-1.0	165	111	89	35	5	0.055
NLSVM-10	97	190	10	103	5	0.0525
LDA	162	133	67	38	298	0.17
SDA-0.5	184	154	46	16	1458	0.1625
SDA-1.0	184	154	46	16	1409	0.175
SDA-1.5	183	154	46	17	1477	0.165
SDA-2.0	183	153	47	17	1511	0.2275
SDA-2.5	183	153	47	17	1443	0.1775
SDA-3.0	183	153	47	17	1716	0.165
\TheName{}-0.5	183	149	51	17	1576	0.1775
\TheName{}-1.0	185	147	53	15	1510	0.195
\TheName{}-1.5	186	153	47	14	1538	0.165
\TheName{}-2.0	187	152	48	13	1601	0.17
\TheName{}-2.5	186	153	47	14	1436	0.17
\TheName{}-3.0	186	153	47	14	1589	0.1725
SVM	181	150	50	19	5	0.005
LR	0	200	0	200	0	0.005
Ye-LDA	170	159	41	30	180	0.005
DTree-10	103	160	40	97	3	0.005
DTree-20	130	152	48	70	6	0.015
RFC-50	118	176	24	82	31	0.0125
RFC-100	117	179	21	83	80	0.0275
NLSVM-0.1	125	156	44	75	6	0.0825
NLSVM-1.0	55	187	13	145	5	0.0575
NLSVM-10	193	125	75	7	4	0.055
LDA	142	152	48	58	342	0.2025
SDA-0.5	127	173	27	73	1422	0.205
SDA-1.0	123	173	27	77	1665	0.1625
SDA-1.5	122	172	28	78	1449	0.1775
SDA-2.0	121	172	28	79	1389	0.165
SDA-2.5	120	172	28	80	1505	0.165
SDA-3.0	120	172	28	80	1513	0.1775
\TheName{}-0.5	166	163	37	34	1457	0.1675
\TheName{}-1.0	150	174	26	50	1484	0.2025
\TheName{}-1.5	135	172	28	65	1557	0.1675
\TheName{}-2.0	128	174	26	72	1583	0.18
\TheName{}-2.5	127	174	26	73	1423	0.1925
\TheName{}-3.0	126	173	27	74	1511	0.1775
SVM	158	165	35	42	5	0.005
LR	0	200	0	200	1	0.0025
Ye-LDA	130	174	26	70	177	0.0075
DTree-10	47	174	26	153	3	0.0025
DTree-20	86	165	35	114	5	0.005
RFC-50	89	183	17	111	32	0.01
RFC-100	93	177	23	107	64	0.025
NLSVM-0.1	200	30	170	0	5	0.0675
NLSVM-1.0	198	64	136	2	5	0.0525
NLSVM-10	16	200	0	184	4	0.0725
LDA	119	127	73	81	307	0.165
SDA-0.5	142	183	17	58	1350	0.16
SDA-1.0	142	179	21	58	1339	0.175
SDA-1.5	142	178	22	58	1321	0.165
SDA-2.0	142	178	22	58	1455	0.17
SDA-2.5	142	178	22	58	1315	0.165
SDA-3.0	142	178	22	58	1409	0.1675
\TheName{}-0.5	155	179	21	45	1419	0.1675
\TheName{}-1.0	148	182	18	52	1419	0.1625
\TheName{}-1.5	145	184	16	55	1396	0.1625
\TheName{}-2.0	144	182	18	56	1442	0.165
\TheName{}-2.5	144	182	18	56	1525	0.19
\TheName{}-3.0	143	181	19	57	1408	0.17
SVM	148	168	32	52	6	0.005
LR	0	200	0	200	0	0.005
Ye-LDA	134	182	18	66	172	0.005
DTree-10	103	176	24	97	3	0.005
DTree-20	116	170	30	84	5	0.005
RFC-50	107	177	23	93	30	0.01
RFC-100	109	172	28	91	50	0.0225
NLSVM-0.1	200	20	180	0	5	0.07
NLSVM-1.0	179	68	132	21	4	0.0525
NLSVM-10	70	198	2	130	4	0.05
LDA	126	148	52	74	287	0.2
SDA-0.5	102	166	34	98	1297	0.17
SDA-1.0	101	166	34	99	1316	0.1725
SDA-1.5	101	166	34	99	1315	0.1675
SDA-2.0	101	166	34	99	1330	0.1875
SDA-2.5	101	166	34	99	1370	0.1625
SDA-3.0	101	166	34	99	1332	0.1625
\TheName{}-0.5	159	138	62	41	1374	0.21
\TheName{}-1.0	121	174	26	79	1700	0.1675
\TheName{}-1.5	115	169	31	85	1642	0.1875
\TheName{}-2.0	111	170	30	89	1542	0.1625
\TheName{}-2.5	105	168	32	95	1594	0.18
\TheName{}-3.0	104	166	34	96	1509	0.1675
SVM	144	177	23	56	7	0.005
LR	0	200	0	200	1	0.005
Ye-LDA	121	175	25	79	170	0.005
DTree-10	53	183	17	147	3	0.0025
DTree-20	101	163	37	99	5	0.005
RFC-50	85	168	32	115	10	0.0075
RFC-100	83	169	31	117	59	0.025
NLSVM-0.1	199	28	172	1	5	0.065
NLSVM-1.0	183	75	125	17	5	0.05
NLSVM-10	198	63	137	2	4	0.0475
LDA	125	130	70	75	320	0.19
SDA-0.5	152	169	31	48	1697	0.1725
SDA-1.0	153	167	33	47	1506	0.1675
SDA-1.5	153	167	33	47	1581	0.175
SDA-2.0	153	167	33	47	1754	0.165
SDA-2.5	153	166	34	47	1521	0.2075
SDA-3.0	153	166	34	47	1423	0.215
\TheName{}-0.5	171	174	26	29	1634	0.175
\TheName{}-1.0	159	169	31	41	1599	0.1725
\TheName{}-1.5	156	167	33	44	1431	0.17
\TheName{}-2.0	154	167	33	46	1529	0.185
\TheName{}-2.5	153	167	33	47	1498	0.17
\TheName{}-3.0	153	166	34	47	1432	0.17
SVM	157	154	46	43	4	0.0025
LR	0	200	0	200	1	0.0025
Ye-LDA	144	165	35	56	179	0.0025
DTree-10	91	170	30	109	3	0.0025
DTree-20	122	162	38	78	7	0.0
RFC-50	101	184	16	99	25	0.015
RFC-100	94	183	17	106	74	0.03
NLSVM-0.1	199	28	172	1	5	0.075
NLSVM-1.0	165	86	114	35	8	0.0575
NLSVM-10	62	198	2	138	10	0.0625
LDA	126	140	60	74	293	0.1725
SDA-0.5	118	184	16	82	1424	0.1675
SDA-1.0	115	184	16	85	1354	0.1675
SDA-1.5	114	183	17	86	1383	0.175
SDA-2.0	114	183	17	86	1485	0.195
SDA-2.5	114	183	17	86	1693	0.1675
SDA-3.0	114	183	17	86	1409	0.2275
\TheName{}-0.5	143	86	114	57	1483	0.17
\TheName{}-1.0	156	180	20	44	1515	0.1675
\TheName{}-1.5	127	186	14	73	1450	0.165
\TheName{}-2.0	123	186	14	77	1524	0.1825
\TheName{}-2.5	122	185	15	78	1481	0.2125
\TheName{}-3.0	119	185	15	81	1423	0.175
SVM	167	171	29	33	5	0.005
LR	0	200	0	200	1	0.005
Ye-LDA	125	186	14	75	169	0.005
DTree-10	70	187	13	130	4	0.0025
DTree-20	111	173	27	89	24	0.0025
RFC-50	73	188	12	127	30	0.01
RFC-100	87	186	14	113	59	0.0225
NLSVM-0.1	200	28	172	0	5	0.0675
NLSVM-1.0	191	82	118	9	5	0.0525
NLSVM-10	156	175	25	44	4	0.045
LDA	97	128	72	103	313	0.1875
SDA-0.5	124	177	23	76	1458	0.165
SDA-1.0	123	176	24	77	1373	0.17
SDA-1.5	123	176	24	77	1427	0.1675
SDA-2.0	123	177	23	77	1445	0.1825
SDA-2.5	121	177	23	79	1519	0.165
SDA-3.0	121	177	23	79	1384	0.1625
\TheName{}-0.5	169	152	48	31	1499	0.1625
\TheName{}-1.0	146	180	20	54	1501	0.1625
\TheName{}-1.5	133	179	21	67	1474	0.175
\TheName{}-2.0	132	178	22	68	1469	0.165
\TheName{}-2.5	131	178	22	69	1524	0.18
\TheName{}-3.0	130	177	23	70	1500	0.165
SVM	154	165	35	46	8	0.005
LR	0	200	0	200	1	0.005
Ye-LDA	130	178	22	70	172	0.005
DTree-10	45	188	12	155	3	0.005
DTree-20	85	179	21	115	5	0.005
RFC-50	73	186	14	127	29	0.01
RFC-100	82	182	18	118	58	0.025
NLSVM-0.1	198	17	183	2	9	0.0775
NLSVM-1.0	12	199	1	188	4	0.0525
NLSVM-10	51	198	2	149	4	0.05
LDA	124	146	54	76	300	0.18
SDA-0.5	165	163	37	35	1400	0.165
SDA-1.0	164	164	36	36	1443	0.165
SDA-1.5	164	164	36	36	1533	0.1775
SDA-2.0	163	163	37	37	1639	0.1775
SDA-2.5	163	163	37	37	1764	0.1675
SDA-3.0	163	163	37	37	1425	0.165
\TheName{}-0.5	176	164	36	24	1535	0.1625
\TheName{}-1.0	175	164	36	25	1562	0.1775
\TheName{}-1.5	172	165	35	28	1443	0.17
\TheName{}-2.0	168	164	36	32	1563	0.1725
\TheName{}-2.5	167	164	36	33	1510	0.165
\TheName{}-3.0	166	164	36	34	1450	0.165
SVM	173	158	42	27	9	0.0025
LR	0	200	0	200	0	0.01
Ye-LDA	174	160	40	26	164	0.005
DTree-10	85	166	34	115	4	0.0025
DTree-20	108	160	40	92	6	0.0025
RFC-50	110	178	22	90	11	0.0125
RFC-100	105	180	20	95	72	0.025
NLSVM-0.1	199	21	179	1	5	0.0675
NLSVM-1.0	35	189	11	165	4	0.0525
NLSVM-10	52	195	5	148	5	0.05
LDA	142	127	73	58	285	0.1925
SDA-0.5	142	166	34	58	1536	0.1675
SDA-1.0	141	166	34	59	1433	0.1675
SDA-1.5	143	165	35	57	1401	0.1775
SDA-2.0	143	165	35	57	1515	0.165
SDA-2.5	143	165	35	57	1442	0.165
SDA-3.0	143	165	35	57	1400	0.1625
\TheName{}-0.5	179	139	61	21	1502	0.19
\TheName{}-1.0	164	169	31	36	1506	0.165
\TheName{}-1.5	151	168	32	49	1551	0.175
\TheName{}-2.0	150	167	33	50	1448	0.1675
\TheName{}-2.5	148	166	34	52	1591	0.185
\TheName{}-3.0	147	166	34	53	1556	0.24
SVM	170	160	40	30	17	0.015
LR	0	200	0	200	1	0.0175
Ye-LDA	139	168	32	61	234	0.02
DTree-10	74	175	25	126	3	0.02
DTree-20	116	158	42	84	6	0.0025
RFC-50	99	173	27	101	39	0.0125
RFC-100	105	177	23	95	61	0.0275
NLSVM-0.1	200	23	177	0	5	0.0675
NLSVM-1.0	174	93	107	26	4	0.0525
NLSVM-10	80	188	12	120	4	0.0475
LDA	140	156	44	60	307	0.175
SDA-0.5	114	174	26	86	1403	0.1825
SDA-1.0	110	173	27	90	1376	0.1625
SDA-1.5	110	173	27	90	1410	0.17
SDA-2.0	111	173	27	89	1425	0.2025
SDA-2.5	111	173	27	89	1404	0.175
SDA-3.0	111	173	27	89	1429	0.1875
\TheName{}-0.5	172	118	82	28	1470	0.2425
\TheName{}-1.0	141	176	24	59	1403	0.18
\TheName{}-1.5	123	173	27	77	1385	0.17
\TheName{}-2.0	121	173	27	79	1367	0.175
\TheName{}-2.5	120	172	28	80	1378	0.1825
\TheName{}-3.0	116	172	28	84	1407	0.17
SVM	169	175	25	31	9	0.005
LR	0	200	0	200	0	0.005
Ye-LDA	134	176	24	66	162	0.005
DTree-10	73	171	29	127	4	0.0025
DTree-20	117	160	40	83	6	0.0025
RFC-50	92	173	27	108	32	0.01
RFC-100	98	168	32	102	62	0.025
NLSVM-0.1	200	21	179	0	5	0.0675
NLSVM-1.0	193	55	145	7	4	0.0525
NLSVM-10	155	162	38	45	4	0.045
LDA	148	138	62	52	281	0.175
SDA-0.5	104	183	17	96	1333	0.1725
SDA-1.0	102	182	18	98	1350	0.1625
SDA-1.5	102	182	18	98	1453	0.1675
SDA-2.0	102	181	19	98	1342	0.1675
SDA-2.5	102	181	19	98	1333	0.1675
SDA-3.0	101	181	19	99	1336	0.1975
\TheName{}-0.5	163	93	107	37	1406	0.175
\TheName{}-1.0	153	189	11	47	1485	0.1725
\TheName{}-1.5	114	186	14	86	1560	0.1725
\TheName{}-2.0	110	184	16	90	1410	0.1625
\TheName{}-2.5	108	183	17	92	1465	0.165
\TheName{}-3.0	107	182	18	93	1529	0.165
SVM	175	167	33	25	6	0.005
LR	0	200	0	200	0	0.0075
Ye-LDA	137	179	21	63	162	0.005
DTree-10	56	181	19	144	4	0.0025
DTree-20	109	173	27	91	6	0.0025
RFC-50	97	180	20	103	36	0.01
RFC-100	102	178	22	98	56	0.0225
NLSVM-0.1	3	200	0	197	5	0.0675
NLSVM-1.0	188	82	118	12	4	0.0525
NLSVM-10	29	198	2	171	4	0.045
LDA	134	129	71	66	288	0.1825
SDA-0.5	154	162	38	46	1333	0.16
SDA-1.0	154	163	37	46	1308	0.165
SDA-1.5	154	163	37	46	1340	0.1625
SDA-2.0	154	163	37	46	1332	0.17
SDA-2.5	154	163	37	46	1333	0.17
SDA-3.0	154	163	37	46	1382	0.165
\TheName{}-0.5	174	124	76	26	1606	0.17
\TheName{}-1.0	182	156	44	18	1785	0.18
\TheName{}-1.5	169	163	37	31	1546	0.2
\TheName{}-2.0	160	163	37	40	1508	0.1725
\TheName{}-2.5	160	163	37	40	1624	0.17
\TheName{}-3.0	159	163	37	41	1520	0.1675
SVM	175	155	45	25	6	0.055
LR	0	200	0	200	0	0.005
Ye-LDA	158	160	40	42	288	0.0175
DTree-10	89	158	42	111	3	0.0325
DTree-20	117	154	46	83	5	0.0175
RFC-50	106	180	20	94	34	0.0125
RFC-100	108	177	23	92	58	0.025
NLSVM-0.1	2	199	1	198	6	0.0725
NLSVM-1.0	198	50	150	2	4	0.05
NLSVM-10	197	77	123	3	5	0.0475
LDA	126	141	59	74	295	0.1625
SDA-0.5	151	172	28	49	1669	0.175
SDA-1.0	151	170	30	49	1365	0.2025
SDA-1.5	149	170	30	51	1470	0.1725
SDA-2.0	149	170	30	51	1438	0.205
SDA-2.5	149	170	30	51	1407	0.165
SDA-3.0	148	170	30	52	1444	0.1725
\TheName{}-0.5	180	144	56	20	1547	0.1875
\TheName{}-1.0	164	171	29	36	1414	0.1775
\TheName{}-1.5	157	174	26	43	1854	0.17
\TheName{}-2.0	155	173	27	45	1510	0.185
\TheName{}-2.5	152	173	27	48	1509	0.1925
\TheName{}-3.0	153	172	28	47	1501	0.1625
SVM	167	155	45	33	7	0.005
LR	0	200	0	200	1	0.005
Ye-LDA	140	164	36	60	177	0.0075
DTree-10	50	178	22	150	3	0.0025
DTree-20	107	167	33	93	6	0.005
RFC-50	106	182	18	94	37	0.01
RFC-100	105	178	22	95	58	0.0225
NLSVM-0.1	200	25	175	0	6	0.065
NLSVM-1.0	189	75	125	11	4	0.0875
NLSVM-10	200	13	187	0	4	0.0475
LDA	126	142	58	74	311	0.18
SDA-0.5	145	183	17	55	1506	0.1875
SDA-1.0	143	183	17	57	1520	0.1725
SDA-1.5	140	183	17	60	1394	0.1625
SDA-2.0	140	183	17	60	1404	0.1725
SDA-2.5	140	183	17	60	1430	0.2025
SDA-3.0	140	183	17	60	1409	0.17
\TheName{}-0.5	184	147	53	16	1611	0.18
\TheName{}-1.0	170	184	16	30	1481	0.165
\TheName{}-1.5	155	184	16	45	1481	0.1825
\TheName{}-2.0	149	181	19	51	1491	0.1675
\TheName{}-2.5	146	181	19	54	1420	0.165
\TheName{}-3.0	143	181	19	57	1482	0.195
SVM	183	159	41	17	7	0.0075
LR	0	200	0	200	1	0.065
Ye-LDA	142	174	26	58	189	0.015
DTree-10	55	194	6	145	4	0.0125
DTree-20	107	185	15	93	6	0.015
RFC-50	97	182	18	103	34	0.01
RFC-100	93	185	15	107	57	0.025
NLSVM-0.1	200	14	186	0	12	0.08
NLSVM-1.0	197	55	145	3	4	0.0525
NLSVM-10	199	39	161	1	4	0.045
LDA	157	152	48	43	306	0.2125
SDA-0.5	122	180	20	78	1371	0.1625
SDA-1.0	122	180	20	78	1344	0.1675
SDA-1.5	122	180	20	78	1430	0.1725
SDA-2.0	122	180	20	78	1420	0.165
SDA-2.5	122	180	20	78	1435	0.185
SDA-3.0	122	180	20	78	1587	0.1675
\TheName{}-0.5	165	183	17	35	1528	0.1675
\TheName{}-1.0	134	185	15	66	1601	0.17
\TheName{}-1.5	130	183	17	70	1509	0.1725
\TheName{}-2.0	126	182	18	74	1480	0.2
\TheName{}-2.5	123	182	18	77	1670	0.17
\TheName{}-3.0	122	182	18	78	1568	0.165
SVM	173	173	27	27	8	0.0025
LR	0	200	0	200	1	0.0025
Ye-LDA	119	181	19	81	197	0.0225
DTree-10	80	178	22	120	19	0.0125
DTree-20	108	164	36	92	12	0.015
RFC-50	100	182	18	100	41	0.0125
RFC-100	102	182	18	98	68	0.035
NLSVM-0.1	200	15	185	0	6	0.07
NLSVM-1.0	195	55	145	5	5	0.05
NLSVM-10	200	6	194	0	4	0.0475
LDA	139	144	56	61	309	0.1825
SDA-0.5	121	171	29	79	1552	0.18
SDA-1.0	121	171	29	79	1409	0.165
SDA-1.5	120	170	30	80	1464	0.1775
SDA-2.0	120	170	30	80	1459	0.1725
SDA-2.5	120	170	30	80	1392	0.165
SDA-3.0	119	170	30	81	1439	0.2075
\TheName{}-0.5	177	126	74	23	1555	0.1775
\TheName{}-1.0	141	173	27	59	1523	0.1625
\TheName{}-1.5	124	172	28	76	1504	0.175
\TheName{}-2.0	122	169	31	78	1492	0.18
\TheName{}-2.5	121	169	31	79	1508	0.1675
\TheName{}-3.0	121	169	31	79	1494	0.1625
SVM	168	156	44	32	7	0.0025
LR	0	200	0	200	1	0.0025
Ye-LDA	136	163	37	64	175	0.0075
DTree-10	63	179	21	137	3	0.0125
DTree-20	104	172	28	96	6	0.0125
RFC-50	84	174	26	116	39	0.01
RFC-100	87	170	30	113	60	0.0225
NLSVM-0.1	198	29	171	2	6	0.0975
NLSVM-1.0	5	200	0	195	5	0.0525
NLSVM-10	200	3	197	0	5	0.045
LDA	132	118	82	68	304	0.17
SDA-0.5	124	184	16	76	1493	0.1825
SDA-1.0	124	182	18	76	1387	0.1675
SDA-1.5	124	182	18	76	1367	0.165
SDA-2.0	124	181	19	76	1428	0.1625
SDA-2.5	124	181	19	76	1427	0.1625
SDA-3.0	124	181	19	76	1391	0.1725
\TheName{}-0.5	146	116	84	54	1509	0.1675
\TheName{}-1.0	137	181	19	63	1465	0.185
\TheName{}-1.5	127	182	18	73	1537	0.1775
\TheName{}-2.0	127	184	16	73	1516	0.1625
\TheName{}-2.5	127	182	18	73	1385	0.165
\TheName{}-3.0	127	182	18	73	1410	0.1675
SVM	153	172	28	47	5	0.005
LR	0	200	0	200	1	0.0025
Ye-LDA	137	180	20	63	162	0.005
DTree-10	124	156	44	76	3	0.005
DTree-20	145	147	53	55	6	0.005
RFC-50	114	172	28	86	9	0.01
RFC-100	113	181	19	87	58	0.02
NLSVM-0.1	1	200	0	199	5	0.0675
NLSVM-1.0	177	84	116	23	4	0.0525
NLSVM-10	182	126	74	18	4	0.045
LDA	145	125	75	55	358	0.25
SDA-0.5	154	173	27	46	1389	0.1825
SDA-1.0	153	172	28	47	1371	0.17
SDA-1.5	152	172	28	48	1328	0.1625
SDA-2.0	152	172	28	48	1336	0.165
SDA-2.5	152	172	28	48	1390	0.17
SDA-3.0	152	172	28	48	1371	0.165
\TheName{}-0.5	183	162	38	17	1412	0.165
\TheName{}-1.0	164	174	26	36	1478	0.17
\TheName{}-1.5	158	174	26	42	1443	0.17
\TheName{}-2.0	157	174	26	43	1501	0.18
\TheName{}-2.5	156	173	27	44	1575	0.1775
\TheName{}-3.0	154	172	28	46	1568	0.165
SVM	168	167	33	32	8	0.005
LR	200	0	200	0	0	0.005
Ye-LDA	172	169	31	28	168	0.005
DTree-10	127	167	33	73	3	0.005
DTree-20	143	160	40	57	5	0.005
RFC-50	111	171	29	89	29	0.0125
RFC-100	102	175	25	98	55	0.025
NLSVM-0.1	200	23	177	0	5	0.065
NLSVM-1.0	45	194	6	155	4	0.0525
NLSVM-10	3	200	0	197	4	0.045
LDA	128	149	51	72	294	0.165
SDA-0.5	126	166	34	74	1379	0.1825
SDA-1.0	126	164	36	74	1406	0.17
SDA-1.5	124	164	36	76	1376	0.1625
SDA-2.0	124	164	36	76	1556	0.1875
SDA-2.5	124	164	36	76	1385	0.1675
SDA-3.0	124	164	36	76	1391	0.165
\TheName{}-0.5	147	121	79	53	1466	0.1775
\TheName{}-1.0	154	170	30	46	1618	0.1675
\TheName{}-1.5	140	169	31	60	1443	0.165
\TheName{}-2.0	138	167	33	62	1431	0.1625
\TheName{}-2.5	132	165	35	68	1427	0.165
\TheName{}-3.0	130	165	35	70	1515	0.1625
SVM	172	174	26	28	6	0.0025
LR	0	200	0	200	1	0.0025
Ye-LDA	126	166	34	74	168	0.005
DTree-10	70	175	25	130	3	0.005
DTree-20	109	160	40	91	5	0.005
RFC-50	97	180	20	103	31	0.01
RFC-100	96	178	22	104	69	0.025
NLSVM-0.1	3	200	0	197	5	0.0675
NLSVM-1.0	189	98	102	11	4	0.055
NLSVM-10	40	197	3	160	4	0.045
LDA	134	138	62	66	293	0.17
SDA-0.5	166	174	26	34	1321	0.165
SDA-1.0	163	173	27	37	1397	0.17
SDA-1.5	162	172	28	38	1501	0.1675
SDA-2.0	162	172	28	38	1428	0.1625
SDA-2.5	162	172	28	38	1425	0.165
SDA-3.0	160	172	28	40	1666	0.165
\TheName{}-0.5	175	174	26	25	1585	0.1925
\TheName{}-1.0	166	176	24	34	1634	0.1725
\TheName{}-1.5	166	175	25	34	1690	0.1925
\TheName{}-2.0	165	175	25	35	1566	0.1675
\TheName{}-2.5	166	174	26	34	1746	0.165
\TheName{}-3.0	164	174	26	36	1740	0.1725
SVM	175	166	34	25	6	0.005
LR	0	200	0	200	1	0.0025
Ye-LDA	153	180	20	47	180	0.0025
DTree-10	84	176	24	116	5	0.0
DTree-20	109	164	36	91	6	0.0025
RFC-50	119	177	23	81	19	0.01
RFC-100	117	179	21	83	97	0.0325
NLSVM-0.1	1	200	0	199	6	0.0825
NLSVM-1.0	199	58	142	1	5	0.06
NLSVM-10	23	200	0	177	4	0.0525
LDA	116	119	81	84	298	0.1625
SDA-0.5	135	171	29	65	1540	0.1825
SDA-1.0	132	171	29	68	1525	0.1875
SDA-1.5	131	170	30	69	1685	0.165
SDA-2.0	130	170	30	70	1518	0.175
SDA-2.5	130	170	30	70	1481	0.1875
SDA-3.0	130	170	30	70	1942	0.2025
\TheName{}-0.5	156	103	97	44	2552	0.2125
\TheName{}-1.0	168	161	39	32	2941	0.2
\TheName{}-1.5	148	169	31	52	2627	0.1725
\TheName{}-2.0	141	171	29	59	1858	0.1675
\TheName{}-2.5	141	171	29	59	1761	0.1725
\TheName{}-3.0	138	171	29	62	1987	0.185
SVM	169	148	52	31	11	0.0125
LR	0	200	0	200	1	0.0275
Ye-LDA	152	157	43	48	182	0.005
DTree-10	57	175	25	143	3	0.005
DTree-20	109	157	43	91	6	0.005
RFC-50	100	168	32	100	37	0.015
RFC-100	99	172	28	101	72	0.0425
NLSVM-0.1	200	25	175	0	6	0.0825
NLSVM-1.0	193	77	123	7	5	0.06
NLSVM-10	135	176	24	65	4	0.0625
LDA	143	129	71	57	399	0.255
SDA-0.5	138	187	13	62	2188	0.17
SDA-1.0	137	186	14	63	2010	0.17
SDA-1.5	137	185	15	63	1728	0.185
SDA-2.0	136	185	15	64	1838	0.185
SDA-2.5	137	185	15	63	1651	0.17
SDA-3.0	137	183	17	63	1820	0.1675
\TheName{}-0.5	171	162	38	29	1915	0.165
\TheName{}-1.0	157	180	20	43	1848	0.165
\TheName{}-1.5	154	181	19	46	1870	0.185
\TheName{}-2.0	145	182	18	55	1722	0.165
\TheName{}-2.5	145	182	18	55	1844	0.36
\TheName{}-3.0	140	182	18	60	2224	0.2025
SVM	171	159	41	29	9	0.0075
LR	0	200	0	200	0	0.0075
Ye-LDA	129	182	18	71	249	0.01
DTree-10	60	180	20	140	3	0.005
DTree-20	96	161	39	104	6	0.01
RFC-50	85	185	15	115	40	0.02
RFC-100	87	183	17	113	94	0.04
NLSVM-0.1	200	24	176	0	11	0.0825
NLSVM-1.0	200	55	145	0	5	0.0725
NLSVM-10	200	2	198	0	4	0.0675
LDA	134	116	84	66	335	0.3025
SDA-0.5	136	174	26	64	1737	0.1825
SDA-1.0	137	174	26	63	1757	0.175
SDA-1.5	137	173	27	63	1595	0.1725
SDA-2.0	137	173	27	63	1699	0.18
SDA-2.5	137	172	28	63	1705	0.17
SDA-3.0	137	172	28	63	1659	0.1675
\TheName{}-0.5	163	143	57	37	1763	0.21
\TheName{}-1.0	161	175	25	39	1677	0.1675
\TheName{}-1.5	150	176	24	50	1682	0.1875
\TheName{}-2.0	140	175	25	60	1769	0.165
\TheName{}-2.5	138	175	25	62	1854	0.1675
\TheName{}-3.0	137	175	25	63	1772	0.2025
SVM	171	154	46	29	8	0.005
LR	0	200	0	200	1	0.005
Ye-LDA	122	184	16	78	201	0.0075
DTree-10	81	178	22	119	3	0.0075
DTree-20	107	167	33	93	5	0.005
RFC-50	99	185	15	101	34	0.0175
RFC-100	104	184	16	96	67	0.03
NLSVM-0.1	1	199	1	199	7	0.07
NLSVM-1.0	195	60	140	5	5	0.065
NLSVM-10	38	197	3	162	4	0.07
LDA	109	134	66	91	318	0.25
SDA-0.5	134	171	29	66	1517	0.1725
SDA-1.0	134	171	29	66	1599	0.175
SDA-1.5	134	171	29	66	1690	0.2025
SDA-2.0	134	171	29	66	1566	0.17
SDA-2.5	134	171	29	66	1518	0.1725
SDA-3.0	134	171	29	66	1674	0.2425
\TheName{}-0.5	183	156	44	17	1647	0.1875
\TheName{}-1.0	151	175	25	49	1625	0.2
\TheName{}-1.5	143	174	26	57	1711	0.1675
\TheName{}-2.0	139	173	27	61	1626	0.1675
\TheName{}-2.5	139	172	28	61	1637	0.1775
\TheName{}-3.0	138	171	29	62	1582	0.18
SVM	158	168	32	42	7	0.0075
LR	0	200	0	200	0	0.005
Ye-LDA	133	164	36	67	169	0.0075
DTree-10	83	168	32	117	3	0.0025
DTree-20	117	163	37	83	6	0.005
RFC-50	97	177	23	103	29	0.01
RFC-100	99	180	20	101	59	0.0225
NLSVM-0.1	3	200	0	197	5	0.0675
NLSVM-1.0	199	49	151	1	5	0.055
NLSVM-10	129	175	25	71	6	0.05
LDA	103	135	65	97	344	0.2375
SDA-0.5	174	165	35	26	1530	0.1625
SDA-1.0	174	165	35	26	1697	0.165
SDA-1.5	173	165	35	27	1734	0.1725
SDA-2.0	173	165	35	27	1562	0.175
SDA-2.5	173	165	35	27	1700	0.1625
SDA-3.0	173	165	35	27	1619	0.1775
\TheName{}-0.5	179	155	45	21	1658	0.1725
\TheName{}-1.0	179	165	35	21	1821	0.185
\TheName{}-1.5	179	164	36	21	1679	0.2
\TheName{}-2.0	177	163	37	23	1742	0.185
\TheName{}-2.5	175	162	38	25	1698	0.18
\TheName{}-3.0	176	163	37	24	1739	0.2025
SVM	165	158	42	35	8	0.0075
LR	200	0	200	0	1	0.005
Ye-LDA	168	143	57	32	175	0.005
DTree-10	70	185	15	130	3	0.005
DTree-20	105	165	35	95	5	0.0075
RFC-50	96	184	16	104	33	0.01
RFC-100	103	190	10	97	60	0.0225
NLSVM-0.1	200	28	172	0	6	0.07
NLSVM-1.0	198	55	145	2	4	0.0725
NLSVM-10	200	1	199	0	4	0.0475
LDA	138	131	69	62	331	0.2975
SDA-0.5	124	166	34	76	1670	0.175
SDA-1.0	121	162	38	79	1526	0.17
SDA-1.5	119	162	38	81	1707	0.1725
SDA-2.0	118	162	38	82	1587	0.1725
SDA-2.5	118	162	38	82	1720	0.1725
SDA-3.0	119	161	39	81	1586	0.1825
\TheName{}-0.5	174	171	29	26	1634	0.1825
\TheName{}-1.0	141	170	30	59	1686	0.18
\TheName{}-1.5	131	168	32	69	1668	0.1775
\TheName{}-2.0	127	167	33	73	1779	0.1725
\TheName{}-2.5	126	164	36	74	2113	0.1725
\TheName{}-3.0	125	164	36	75	1538	0.1675
SVM	162	169	31	38	6	0.005
LR	0	200	0	200	1	0.0025
Ye-LDA	149	164	36	51	194	0.015
DTree-10	65	161	39	135	3	0.005
DTree-20	100	151	49	100	5	0.005
RFC-50	91	164	36	109	38	0.01
RFC-100	90	167	33	110	78	0.035
NLSVM-0.1	4	200	0	196	6	0.1
NLSVM-1.0	10	199	1	190	5	0.0575
NLSVM-10	197	74	126	3	4	0.05
LDA	141	118	82	59	511	0.1975
SDA-0.5	123	173	27	77	1670	0.1825
SDA-1.0	123	170	30	77	1892	0.1675
SDA-1.5	123	170	30	77	1995	0.1675
SDA-2.0	122	169	31	78	1798	0.1825
SDA-2.5	122	169	31	78	1933	0.1875
SDA-3.0	122	169	31	78	1782	0.18
\TheName{}-0.5	124	133	67	76	1747	0.1675
\TheName{}-1.0	139	177	23	61	1690	0.1625
\TheName{}-1.5	131	175	25	69	1755	0.17
\TheName{}-2.0	125	173	27	75	1702	0.185
\TheName{}-2.5	126	173	27	74	1727	0.18
\TheName{}-3.0	124	174	26	76	1950	0.165
SVM	165	171	29	35	7	0.005
LR	0	200	0	200	1	0.005
Ye-LDA	120	178	22	80	181	0.005
DTree-10	88	173	27	112	3	0.005
DTree-20	121	160	40	79	5	0.0025
RFC-50	86	179	21	114	31	0.0125
RFC-100	103	173	27	97	65	0.0225
NLSVM-0.1	200	25	175	0	6	0.0625
NLSVM-1.0	178	74	126	22	5	0.05
NLSVM-10	101	180	20	99	5	0.0475
LDA	136	123	77	64	350	0.215
SDA-0.5	120	169	31	80	1568	0.17
SDA-1.0	118	168	32	82	1593	0.1825
SDA-1.5	118	167	33	82	1496	0.1625
SDA-2.0	117	167	33	83	1588	0.1675
SDA-2.5	117	167	33	83	1631	0.185
SDA-3.0	117	167	33	83	1553	0.1625
\TheName{}-0.5	157	133	67	43	1664	0.165
\TheName{}-1.0	163	175	25	37	1670	0.1725
\TheName{}-1.5	141	173	27	59	1601	0.175
\TheName{}-2.0	134	171	29	66	1687	0.1825
\TheName{}-2.5	130	169	31	70	1792	0.165
\TheName{}-3.0	126	168	32	74	1603	0.185
SVM	159	166	34	41	7	0.005
LR	0	200	0	200	1	0.005
Ye-LDA	136	174	26	64	191	0.0225
DTree-10	74	178	22	126	3	0.02
DTree-20	110	170	30	90	6	0.01
RFC-50	91	173	27	109	37	0.01
RFC-100	92	176	24	108	61	0.02
NLSVM-0.1	1	200	0	199	6	0.0825
NLSVM-1.0	188	58	142	12	4	0.055
NLSVM-10	30	198	2	170	4	0.05
LDA	138	138	62	62	333	0.3025
SDA-0.5	137	178	22	63	1603	0.17
SDA-1.0	137	177	23	63	1482	0.165
SDA-1.5	135	176	24	65	1462	0.165
SDA-2.0	134	176	24	66	1765	0.165
SDA-2.5	134	176	24	66	1517	0.1625
SDA-3.0	134	176	24	66	1561	0.1975
\TheName{}-0.5	165	135	65	35	1732	0.175
\TheName{}-1.0	173	171	29	27	1725	0.1625
\TheName{}-1.5	159	179	21	41	1990	0.165
\TheName{}-2.0	149	178	22	51	1757	0.1625
\TheName{}-2.5	142	179	21	58	1677	0.42
\TheName{}-3.0	140	178	22	60	1809	0.165
SVM	165	167	33	35	5	0.005
LR	0	200	0	200	0	0.005
Ye-LDA	161	173	27	39	174	0.0075
DTree-10	83	174	26	117	2	0.005
DTree-20	120	162	38	80	6	0.0025
RFC-50	90	186	14	110	30	0.01
RFC-100	93	183	17	107	60	0.0275
NLSVM-0.1	2	199	1	198	6	0.0675
NLSVM-1.0	190	68	132	10	4	0.065
NLSVM-10	147	183	17	53	4	0.0475
LDA	117	152	48	83	354	0.2325
SDA-0.5	160	176	24	40	1594	0.165
SDA-1.0	160	176	24	40	1723	0.1675
SDA-1.5	160	177	23	40	1910	0.225
SDA-2.0	160	177	23	40	1815	0.18
SDA-2.5	160	177	23	40	1886	0.17
SDA-3.0	160	177	23	40	1797	0.18
\TheName{}-0.5	174	175	25	26	2176	0.1825
\TheName{}-1.0	165	178	22	35	2260	0.17
\TheName{}-1.5	164	177	23	36	2169	0.235
\TheName{}-2.0	162	177	23	38	2709	0.2675
\TheName{}-2.5	162	177	23	38	2040	0.1975
\TheName{}-3.0	160	177	23	40	1853	0.175
SVM	172	170	30	28	8	0.0075
LR	0	200	0	200	0	0.005
Ye-LDA	148	166	34	52	174	0.005
DTree-10	101	180	20	99	8	0.005
DTree-20	135	166	34	65	5	0.0025
RFC-50	123	178	22	77	35	0.0125
RFC-100	108	186	14	92	60	0.025
NLSVM-0.1	200	15	185	0	5	0.075
NLSVM-1.0	192	71	129	8	4	0.0725
NLSVM-10	2	200	0	198	18	0.06
LDA	102	149	51	98	321	0.1975
SDA-0.5	122	177	23	78	1708	0.1925
SDA-1.0	120	177	23	80	1780	0.1775
SDA-1.5	118	177	23	82	1866	0.1725
SDA-2.0	118	177	23	82	2072	0.1975
SDA-2.5	118	177	23	82	2563	0.22
SDA-3.0	118	177	23	82	2558	0.2125
\TheName{}-0.5	151	94	106	49	2012	0.19
\TheName{}-1.0	172	166	34	28	1821	0.1775
\TheName{}-1.5	145	173	27	55	1820	0.17
\TheName{}-2.0	137	174	26	63	1790	0.195
\TheName{}-2.5	129	174	26	71	1868	0.17
\TheName{}-3.0	126	176	24	74	2047	0.1725
SVM	171	160	40	29	8	0.0075
LR	0	200	0	200	1	0.005
Ye-LDA	151	167	33	49	177	0.0075
DTree-10	62	183	17	138	3	0.005
DTree-20	111	173	27	89	5	0.005
RFC-50	101	188	12	99	32	0.01
RFC-100	96	192	8	104	92	0.0275
NLSVM-0.1	1	200	0	199	5	0.1075
NLSVM-1.0	199	58	142	1	4	0.075
NLSVM-10	94	187	13	106	4	0.055
LDA	148	143	57	52	462	0.355
SDA-0.5	108	168	32	92	1775	0.19
SDA-1.0	108	167	33	92	1649	0.17
SDA-1.5	107	167	33	93	1846	0.1775
SDA-2.0	107	167	33	93	1729	0.19
SDA-2.5	107	167	33	93	2577	0.1675
SDA-3.0	107	167	33	93	1704	0.175
\TheName{}-0.5	146	107	93	54	1822	0.18
\TheName{}-1.0	138	171	29	62	1590	0.1725
\TheName{}-1.5	116	170	30	84	1666	0.175
\TheName{}-2.0	112	167	33	88	1606	0.175
\TheName{}-2.5	110	167	33	90	1758	0.17
\TheName{}-3.0	110	167	33	90	1675	0.1625
SVM	167	148	52	33	8	0.005
LR	0	200	0	200	1	0.005
Ye-LDA	128	164	36	72	182	0.095
DTree-10	69	171	29	131	3	0.0175
DTree-20	83	171	29	117	6	0.0125
RFC-50	81	171	29	119	29	0.0075
RFC-100	94	175	25	106	58	0.0225
NLSVM-0.1	200	31	169	0	5	0.1125
NLSVM-1.0	185	96	104	15	5	0.0525
NLSVM-10	194	127	73	6	5	0.045
LDA	162	135	65	38	296	0.2125
SDA-0.5	149	159	41	51	1629	0.165
SDA-1.0	148	160	40	52	1622	0.1775
SDA-1.5	147	160	40	53	1579	0.1975
SDA-2.0	147	159	41	53	1628	0.185
SDA-2.5	145	158	42	55	1563	0.165
SDA-3.0	145	158	42	55	1581	0.165
\TheName{}-0.5	185	160	40	15	1663	0.165
\TheName{}-1.0	161	161	39	39	1778	0.175
\TheName{}-1.5	158	160	40	42	1838	0.1675
\TheName{}-2.0	152	159	41	48	2097	0.1875
\TheName{}-2.5	149	160	40	51	2118	0.19
\TheName{}-3.0	149	160	40	51	1873	0.175
SVM	180	153	47	20	6	0.0075
LR	0	200	0	200	0	0.005
Ye-LDA	158	169	31	42	177	0.005
DTree-10	60	181	19	140	14	0.005
DTree-20	108	158	42	92	9	0.01
RFC-50	105	182	18	95	31	0.01
RFC-100	109	180	20	91	59	0.0225
NLSVM-0.1	200	16	184	0	6	0.0725
NLSVM-1.0	91	175	25	109	5	0.085
NLSVM-10	78	192	8	122	10	0.1325
LDA	112	150	50	88	336	0.265
SDA-0.5	120	176	24	80	2501	0.1775
SDA-1.0	118	176	24	82	2279	0.175
SDA-1.5	118	176	24	82	1789	0.17
SDA-2.0	119	176	24	81	1858	0.1725
SDA-2.5	119	176	24	81	1616	0.165
SDA-3.0	119	176	24	81	1583	0.175
\TheName{}-0.5	150	113	87	50	1769	0.1775
\TheName{}-1.0	146	179	21	54	1621	0.1625
\TheName{}-1.5	132	178	22	68	1905	0.1675
\TheName{}-2.0	127	176	24	73	2014	0.1625
\TheName{}-2.5	124	176	24	76	2211	0.1675
\TheName{}-3.0	124	176	24	76	1985	0.1925
SVM	161	171	29	39	7	0.0075
LR	0	200	0	200	0	0.005
Ye-LDA	133	179	21	67	169	0.005
DTree-10	105	166	34	95	4	0.0025
DTree-20	121	166	34	79	6	0.005
RFC-50	108	179	21	92	44	0.01
RFC-100	111	180	20	89	65	0.0225
NLSVM-0.1	3	200	0	197	6	0.0825
NLSVM-1.0	170	82	118	30	5	0.0525
NLSVM-10	200	63	137	0	4	0.045
LDA	130	135	65	70	368	0.2275
SDA-0.5	185	141	59	15	1519	0.1675
SDA-1.0	185	141	59	15	1803	0.18
SDA-1.5	184	141	59	16	1566	0.1675
SDA-2.0	184	141	59	16	1678	0.1825
SDA-2.5	184	141	59	16	1761	0.175
SDA-3.0	185	141	59	15	1739	0.1725
\TheName{}-0.5	188	153	47	12	1760	0.175
\TheName{}-1.0	186	146	54	14	1923	0.165
\TheName{}-1.5	186	141	59	14	1765	0.17
\TheName{}-2.0	186	141	59	14	1974	0.175
\TheName{}-2.5	185	141	59	15	2128	0.1775
\TheName{}-3.0	185	141	59	15	2051	0.165
SVM	168	154	46	32	7	0.005
LR	0	200	0	200	1	0.005
Ye-LDA	177	159	41	23	179	0.005
DTree-10	58	188	12	142	3	0.005
DTree-20	112	165	35	88	5	0.005
RFC-50	93	187	13	107	35	0.015
RFC-100	92	185	15	108	90	0.0275
NLSVM-0.1	200	13	187	0	5	0.075
NLSVM-1.0	56	171	29	144	4	0.0525
NLSVM-10	199	27	173	1	5	0.05
LDA	142	146	54	58	478	0.2325
SDA-0.5	141	176	24	59	1661	0.19
SDA-1.0	139	176	24	61	1884	0.175
SDA-1.5	138	176	24	62	1553	0.165
SDA-2.0	138	176	24	62	1543	0.1725
SDA-2.5	137	176	24	63	1748	0.1975
SDA-3.0	137	176	24	63	1792	0.1675
\TheName{}-0.5	169	182	18	31	1667	0.1675
\TheName{}-1.0	151	179	21	49	1657	0.19
\TheName{}-1.5	148	177	23	52	1563	0.1675
\TheName{}-2.0	148	176	24	52	1708	0.2025
\TheName{}-2.5	147	177	23	53	1647	0.165
\TheName{}-3.0	144	176	24	56	1730	0.1775
SVM	166	168	32	34	6	0.015
LR	0	200	0	200	0	0.0125
Ye-LDA	140	176	24	60	212	0.0075
DTree-10	97	175	25	103	3	0.0025
DTree-20	107	174	26	93	5	0.0025
RFC-50	109	176	24	91	33	0.0125
RFC-100	104	179	21	96	74	0.0225
NLSVM-0.1	2	200	0	198	5	0.0725
NLSVM-1.0	171	111	89	29	5	0.0525
NLSVM-10	199	86	114	1	4	0.0475
LDA	172	144	56	28	297	0.19
SDA-0.5	153	175	25	47	1833	0.215
SDA-1.0	151	175	25	49	2164	0.175
SDA-1.5	150	174	26	50	1962	0.165
SDA-2.0	152	174	26	48	3277	0.185
SDA-2.5	152	174	26	48	2983	0.1675
SDA-3.0	152	174	26	48	2507	0.1725
\TheName{}-0.5	182	137	63	18	2575	0.25
\TheName{}-1.0	179	171	29	21	2343	0.1925
\TheName{}-1.5	166	175	25	34	2312	0.165
\TheName{}-2.0	162	173	27	38	2389	0.1675
\TheName{}-2.5	160	173	27	40	2787	0.17
\TheName{}-3.0	160	174	26	40	2304	0.185
SVM	181	158	42	19	7	0.0075
LR	0	200	0	200	0	0.005
Ye-LDA	161	166	34	39	192	0.04
DTree-10	75	185	15	125	3	0.0025
DTree-20	110	174	26	90	5	0.005
RFC-50	104	185	15	96	41	0.0225
RFC-100	96	192	8	104	87	0.03
NLSVM-0.1	200	17	183	0	9	0.075
NLSVM-1.0	199	44	156	1	6	0.075
NLSVM-10	15	199	1	185	10	0.09
LDA	140	138	62	60	385	0.2875
SDA-0.5	130	183	17	70	2322	0.1775
SDA-1.0	130	181	19	70	2623	0.17
SDA-1.5	128	181	19	72	3018	0.165
SDA-2.0	128	181	19	72	2429	0.1725
SDA-2.5	128	181	19	72	2158	0.1675
SDA-3.0	128	181	19	72	2305	0.1625
\TheName{}-0.5	176	135	65	24	2264	0.2525
\TheName{}-1.0	145	183	17	55	2210	0.1675
\TheName{}-1.5	137	184	16	63	2628	0.1725
\TheName{}-2.0	135	183	17	65	2401	0.1775
\TheName{}-2.5	134	181	19	66	2373	0.1725
\TheName{}-3.0	132	181	19	68	2376	0.1825
SVM	160	164	36	40	9	0.005
LR	0	200	0	200	1	0.0075
Ye-LDA	130	181	19	70	212	0.0275
DTree-10	83	188	12	117	13	0.0025
DTree-20	107	176	24	93	5	0.0025
RFC-50	91	185	15	109	44	0.01
RFC-100	89	179	21	111	99	0.0325
NLSVM-0.1	1	200	0	199	6	0.095
NLSVM-1.0	15	195	5	185	5	0.0775
NLSVM-10	19	200	0	181	16	0.0775
LDA	112	146	54	88	536	0.31
SDA-0.5	142	178	22	58	2376	0.1925
SDA-1.0	138	177	23	62	2186	0.1775
SDA-1.5	138	177	23	62	2274	0.175
SDA-2.0	138	177	23	62	2490	0.18
SDA-2.5	137	177	23	63	1988	0.175
SDA-3.0	137	177	23	63	2232	0.1875
\TheName{}-0.5	180	178	22	20	2497	0.175
\TheName{}-1.0	157	179	21	43	2616	0.175
\TheName{}-1.5	150	177	23	50	2835	0.175
\TheName{}-2.0	144	177	23	56	2274	0.1775
\TheName{}-2.5	143	177	23	57	2458	0.1825
\TheName{}-3.0	141	177	23	59	2490	0.19
SVM	161	174	26	39	8	0.005
LR	0	200	0	200	1	0.005
Ye-LDA	162	178	22	38	243	0.005
DTree-10	100	162	38	100	3	0.005
DTree-20	120	158	42	80	17	0.005
RFC-50	122	177	23	78	68	0.0475
RFC-100	125	175	25	75	181	0.22
NLSVM-0.1	0	200	0	200	6	0.155
NLSVM-1.0	176	75	125	24	6	0.1275
NLSVM-10	22	200	0	178	5	0.095
LDA	134	148	52	66	422	0.365
SDA-0.5	167	167	33	33	2406	0.18
SDA-1.0	165	168	32	35	2435	0.1725
SDA-1.5	165	168	32	35	2159	0.1725
SDA-2.0	165	168	32	35	2228	0.1725
SDA-2.5	165	168	32	35	2162	0.1725
SDA-3.0	165	168	32	35	2466	0.1825
\TheName{}-0.5	185	135	65	15	2515	0.175
\TheName{}-1.0	182	158	42	18	2514	0.17
\TheName{}-1.5	177	165	35	23	2631	0.1725
\TheName{}-2.0	175	167	33	25	2773	0.21
\TheName{}-2.5	172	167	33	28	2648	0.175
\TheName{}-3.0	170	166	34	30	2328	0.1825
SVM	177	152	48	23	8	0.005
LR	0	200	0	200	1	0.005
Ye-LDA	167	162	38	33	241	0.0125
DTree-10	53	181	19	147	43	0.005
DTree-20	93	170	30	107	64	0.0025
RFC-50	108	179	21	92	10	0.01
RFC-100	98	178	22	102	60	0.0325
NLSVM-0.1	199	20	180	1	6	0.1025
NLSVM-1.0	198	62	138	2	4	0.05
NLSVM-10	20	199	1	180	8	0.215
LDA	122	138	62	78	423	0.33
SDA-0.5	126	174	26	74	2500	0.165
SDA-1.0	123	174	26	77	2113	0.18
SDA-1.5	122	174	26	78	2015	0.1625
SDA-2.0	122	174	26	78	1896	0.18
SDA-2.5	121	174	26	79	1891	0.19
SDA-3.0	121	174	26	79	1842	0.165
\TheName{}-0.5	173	174	26	27	2245	0.1675
\TheName{}-1.0	141	177	23	59	1873	0.165
\TheName{}-1.5	131	175	25	69	1990	0.165
\TheName{}-2.0	130	175	25	70	2039	0.1725
\TheName{}-2.5	130	175	25	70	1938	0.165
\TheName{}-3.0	127	175	25	73	2088	0.1675
SVM	162	157	43	38	6	0.005
LR	0	200	0	200	1	0.005
Ye-LDA	140	171	29	60	220	0.0525
DTree-10	93	156	44	107	3	0.02
DTree-20	106	160	40	94	7	0.0225
RFC-50	104	164	36	96	46	0.01
RFC-100	97	165	35	103	85	0.0225
NLSVM-0.1	2	200	0	198	5	0.07
NLSVM-1.0	180	91	109	20	4	0.0725
NLSVM-10	197	12	188	3	4	0.055
LDA	110	138	62	90	375	0.3125
SDA-0.5	146	165	35	54	1964	0.1625
SDA-1.0	144	167	33	56	1866	0.1775
SDA-1.5	141	167	33	59	1947	0.19
SDA-2.0	142	167	33	58	1904	0.2175
SDA-2.5	142	167	33	58	1946	0.185
SDA-3.0	141	167	33	59	1674	0.1925
\TheName{}-0.5	177	167	33	23	2097	0.195
\TheName{}-1.0	162	172	28	38	2300	0.175
\TheName{}-1.5	156	167	33	44	2006	0.1975
\TheName{}-2.0	149	167	33	51	1995	0.165
\TheName{}-2.5	146	167	33	54	2056	0.1675
\TheName{}-3.0	146	166	34	54	2088	0.1675
SVM	166	162	38	34	5	0.0075
LR	0	200	0	200	0	0.005
Ye-LDA	155	175	25	45	201	0.0075
DTree-10	92	172	28	108	2	0.0075
DTree-20	125	146	54	75	27	0.005
RFC-50	117	165	35	83	12	0.01
RFC-100	109	164	36	91	28	0.025
NLSVM-0.1	79	180	20	121	5	0.14
NLSVM-1.0	183	78	122	17	9	0.0825
NLSVM-10	153	169	31	47	4	0.0775
LDA	133	133	67	67	346	0.275
SDA-0.5	141	178	22	59	1920	0.195
SDA-1.0	141	178	22	59	1970	0.1725
SDA-1.5	141	178	22	59	2013	0.165
SDA-2.0	141	178	22	59	1950	0.165
SDA-2.5	141	178	22	59	1963	0.1725
SDA-3.0	141	178	22	59	1783	0.1925
\TheName{}-0.5	170	154	46	30	2148	0.21
\TheName{}-1.0	166	183	17	34	1950	0.19
\TheName{}-1.5	157	180	20	43	2378	0.165
\TheName{}-2.0	153	179	21	47	2099	0.165
\TheName{}-2.5	148	182	18	52	1903	0.1625
\TheName{}-3.0	146	181	19	54	2106	0.1825
SVM	175	165	35	25	9	0.005
LR	0	200	0	200	0	0.005
Ye-LDA	145	175	25	55	191	0.0725
DTree-10	75	183	17	125	14	0.0125
DTree-20	96	167	33	104	6	0.015
RFC-50	88	177	23	112	42	0.015
RFC-100	95	179	21	105	69	0.0575
NLSVM-0.1	200	25	175	0	5	0.0975
NLSVM-1.0	198	57	143	2	5	0.0725
NLSVM-10	200	11	189	0	4	0.1
LDA	115	148	52	85	348	0.4925
SDA-0.5	132	175	25	68	1877	0.1625
SDA-1.0	132	175	25	68	2341	0.19
SDA-1.5	131	174	26	69	2306	0.1625
SDA-2.0	131	174	26	69	2205	0.1675
SDA-2.5	131	174	26	69	2120	0.1775
SDA-3.0	131	174	26	69	2501	0.1775
\TheName{}-0.5	169	160	40	31	2361	0.2325
\TheName{}-1.0	148	181	19	52	2475	0.175
\TheName{}-1.5	141	178	22	59	2363	0.1725
\TheName{}-2.0	135	176	24	65	2731	0.19
\TheName{}-2.5	135	176	24	65	2312	0.1725
\TheName{}-3.0	134	176	24	66	2716	0.1975
SVM	159	179	21	41	54	0.005
LR	0	200	0	200	1	0.005
Ye-LDA	122	167	33	78	238	0.0075
DTree-10	79	177	23	121	26	0.0075
DTree-20	126	165	35	74	62	0.005
RFC-50	103	181	19	97	32	0.01
RFC-100	108	174	26	92	72	0.0325
NLSVM-0.1	0	200	0	200	6	0.1
NLSVM-1.0	193	48	152	7	5	0.1225
NLSVM-10	57	195	5	143	5	0.1875
LDA	122	144	56	78	517	0.2025
SDA-0.5	147	172	28	53	2661	0.175
SDA-1.0	147	172	28	53	2460	0.1925
SDA-1.5	147	172	28	53	2408	0.175
SDA-2.0	147	172	28	53	2771	0.18
SDA-2.5	147	172	28	53	2668	0.1875
SDA-3.0	147	172	28	53	2356	0.18
\TheName{}-0.5	144	138	62	56	2144	0.18
\TheName{}-1.0	164	177	23	36	2024	0.1675
\TheName{}-1.5	157	177	23	43	2103	0.1775
\TheName{}-2.0	153	177	23	47	2229	0.185
\TheName{}-2.5	152	176	24	48	2435	0.195
\TheName{}-3.0	151	176	24	49	1997	0.18
SVM	169	167	33	31	7	0.005
LR	0	200	0	200	0	0.005
Ye-LDA	135	174	26	65	178	0.0075
DTree-10	90	182	18	110	14	0.005
DTree-20	125	165	35	75	5	0.005
RFC-50	107	175	25	93	32	0.01
RFC-100	98	176	24	102	71	0.03
NLSVM-0.1	200	19	181	0	6	0.0725
NLSVM-1.0	198	59	141	2	5	0.075
NLSVM-10	141	178	22	59	5	0.1375
LDA	164	148	52	36	453	0.25
SDA-0.5	177	171	29	23	1852	0.185
SDA-1.0	177	170	30	23	2042	0.18
SDA-1.5	177	170	30	23	2211	0.1825
SDA-2.0	177	170	30	23	1983	0.1825
SDA-2.5	177	170	30	23	1935	0.17
SDA-3.0	177	170	30	23	1895	0.1725
\TheName{}-0.5	183	137	63	17	2118	0.1825
\TheName{}-1.0	187	160	40	13	1985	0.1675
\TheName{}-1.5	188	168	32	12	2104	0.1775
\TheName{}-2.0	185	171	29	15	2025	0.2
\TheName{}-2.5	181	173	27	19	2001	0.1675
\TheName{}-3.0	180	172	28	20	2431	0.1725
SVM	186	158	42	14	7	0.005
LR	0	200	0	200	0	0.005
Ye-LDA	175	143	57	25	207	0.0325
DTree-10	190	60	140	10	44	0.0225
DTree-20	110	175	25	90	28	0.0025
RFC-50	95	189	11	105	46	0.01
RFC-100	100	187	13	100	96	0.03
NLSVM-0.1	200	23	177	0	7	0.0725
NLSVM-1.0	199	80	120	1	5	0.085
NLSVM-10	199	39	161	1	5	0.0625
