LDA	143	156	44	57	1148	0.3375
SDA-0.5	117	187	13	83	2337	0.21
SDA-1.0	117	186	14	83	4212	0.325
SDA-1.5	117	186	14	83	2646	0.17
SDA-2.0	117	186	14	83	2725	0.485
SDA-2.5	117	186	14	83	2327	0.17
SDA-3.0	118	186	14	82	2380	0.1675
\TheName{}-0.5	150	70	130	50	2361	0.2275
\TheName{}-1.0	184	177	23	16	2957	0.1775
\TheName{}-1.5	147	187	13	53	2662	0.175
\TheName{}-2.0	139	187	13	61	2381	0.1925
\TheName{}-2.5	134	186	14	66	2470	0.2
\TheName{}-3.0	130	186	14	70	2927	0.1975
SVM	175	181	19	25	64	0.0275
LR	0	200	0	200	25	0.03
Ye-LDA	149	179	21	51	588	0.03
DTree-10	37	195	5	163	150	0.0225
DTree-20	95	180	20	105	81	0.01
RFC-50	116	181	19	84	446	0.0225
RFC-100	120	178	22	80	585	0.075
NLSVM-0.1	2	200	0	198	93	0.345
NLSVM-1.0	184	107	93	16	92	0.2325
NLSVM-10	106	192	8	94	81	0.29
LDA	144	140	60	56	507	0.3
SDA-0.5	147	175	25	53	2320	0.1775
SDA-1.0	147	175	25	53	2397	0.205
SDA-1.5	147	175	25	53	2261	0.1775
SDA-2.0	147	175	25	53	2278	0.1675
SDA-2.5	147	175	25	53	2476	0.1825
SDA-3.0	147	175	25	53	2403	0.19
\TheName{}-0.5	187	155	45	13	2517	0.18
\TheName{}-1.0	164	182	18	36	2432	0.1875
\TheName{}-1.5	155	178	22	45	2557	0.1875
\TheName{}-2.0	151	176	24	49	2634	0.1925
\TheName{}-2.5	149	175	25	51	2506	0.1825
\TheName{}-3.0	149	175	25	51	2226	0.18
SVM	175	160	40	25	35	0.0175
LR	0	200	0	200	17	0.015
Ye-LDA	162	172	28	38	340	0.1675
DTree-10	73	180	20	127	35	0.015
DTree-20	93	180	20	107	13	0.005
RFC-50	135	171	29	65	279	0.055
RFC-100	135	169	31	65	413	0.17
NLSVM-0.1	199	37	163	1	70	0.185
NLSVM-1.0	197	90	110	3	58	0.2325
NLSVM-10	125	184	16	75	18	0.19
LDA	139	157	43	61	675	0.25
SDA-0.5	147	176	24	53	2132	0.2025
SDA-1.0	148	176	24	52	2839	0.17
SDA-1.5	147	176	24	53	2256	0.18
SDA-2.0	147	177	23	53	3162	0.1775
SDA-2.5	146	177	23	54	2392	0.1675
SDA-3.0	147	177	23	53	2627	0.175
\TheName{}-0.5	176	131	69	24	2745	0.185
\TheName{}-1.0	176	177	23	24	2914	0.2025
\TheName{}-1.5	163	177	23	37	2584	0.18
\TheName{}-2.0	158	176	24	42	2594	0.1775
\TheName{}-2.5	157	178	22	43	2377	0.175
\TheName{}-3.0	152	178	22	48	2434	0.175
SVM	169	170	30	31	26	0.01
LR	0	200	0	200	2	0.0175
Ye-LDA	167	174	26	33	423	0.025
DTree-10	58	188	12	142	64	0.0175
DTree-20	81	186	14	119	23	0.0175
RFC-50	121	183	17	79	48	0.05
RFC-100	118	181	19	82	407	0.1025
NLSVM-0.1	199	35	165	1	39	0.2825
NLSVM-1.0	197	80	120	3	29	0.215
NLSVM-10	188	171	29	12	50	0.1325
LDA	172	150	50	28	560	0.3325
SDA-0.5	114	176	24	86	2513	0.245
SDA-1.0	112	175	25	88	2618	0.17
SDA-1.5	111	175	25	89	2644	0.2025
SDA-2.0	111	175	25	89	2937	0.1775
SDA-2.5	110	175	25	90	2793	0.2175
SDA-3.0	110	175	25	90	2393	0.18
\TheName{}-0.5	184	147	53	16	2606	0.1775
\TheName{}-1.0	154	180	20	46	2541	0.1675
\TheName{}-1.5	135	179	21	65	2230	0.1675
\TheName{}-2.0	130	177	23	70	2145	0.165
\TheName{}-2.5	123	178	22	77	2252	0.19
\TheName{}-3.0	122	177	23	78	2064	0.175
SVM	189	167	33	11	31	0.005
LR	0	200	0	200	2	0.005
Ye-LDA	151	183	17	49	298	0.0075
DTree-10	186	83	117	14	5	0.005
DTree-20	37	184	16	163	7	0.005
RFC-50	123	173	27	77	181	0.02
RFC-100	118	179	21	82	384	0.0475
NLSVM-0.1	200	34	166	0	28	0.24
NLSVM-1.0	186	141	59	14	23	0.1625
NLSVM-10	115	192	8	85	31	0.125
LDA	146	154	46	54	622	0.37
SDA-0.5	146	171	29	54	1845	0.1725
SDA-1.0	144	171	29	56	1918	0.1875
SDA-1.5	144	171	29	56	2052	0.18
SDA-2.0	144	171	29	56	1926	0.165
SDA-2.5	144	171	29	56	2048	0.1625
SDA-3.0	144	171	29	56	2078	0.1625
\TheName{}-0.5	184	159	41	16	2087	0.1625
\TheName{}-1.0	167	169	31	33	2072	0.165
\TheName{}-1.5	157	170	30	43	2054	0.165
\TheName{}-2.0	155	171	29	45	2224	0.18
\TheName{}-2.5	153	169	31	47	1955	0.17
\TheName{}-3.0	149	168	32	51	2187	0.1925
SVM	178	171	29	22	28	0.02
LR	0	200	0	200	3	0.005
Ye-LDA	164	173	27	36	304	0.025
DTree-10	188	92	108	12	6	0.02
DTree-20	178	119	81	22	42	0.03
RFC-50	122	175	25	78	127	0.0175
RFC-100	122	171	29	78	388	0.0875
NLSVM-0.1	199	25	175	1	31	0.2475
NLSVM-1.0	194	82	118	6	35	0.235
NLSVM-10	100	191	9	100	20	0.155
LDA	157	148	52	43	511	0.4625
SDA-0.5	141	175	25	59	2173	0.185
SDA-1.0	140	174	26	60	1952	0.1775
SDA-1.5	139	174	26	61	2067	0.1725
SDA-2.0	139	174	26	61	2103	0.1625
SDA-2.5	139	174	26	61	2066	0.165
SDA-3.0	139	173	27	61	2055	0.1725
\TheName{}-0.5	177	156	44	23	2139	0.17
\TheName{}-1.0	156	175	25	44	2165	0.175
\TheName{}-1.5	150	175	25	50	2205	0.175
\TheName{}-2.0	148	174	26	52	2040	0.1675
\TheName{}-2.5	146	173	27	54	2424	0.175
\TheName{}-3.0	143	173	27	57	2032	0.2075
SVM	170	172	28	30	28	0.0075
LR	0	200	0	200	3	0.005
Ye-LDA	146	175	25	54	276	0.05
DTree-10	42	181	19	158	6	0.01
DTree-20	96	170	30	104	9	0.0175
RFC-50	124	176	24	76	190	0.02
RFC-100	120	177	23	80	374	0.1575
NLSVM-0.1	200	30	170	0	69	0.21
NLSVM-1.0	189	86	114	11	22	0.2225
NLSVM-10	145	180	20	55	63	0.1425
LDA	156	164	36	44	569	0.24
SDA-0.5	169	174	26	31	2123	0.1725
SDA-1.0	168	174	26	32	1905	0.2125
SDA-1.5	165	173	27	35	2086	0.165
SDA-2.0	165	173	27	35	1972	0.165
SDA-2.5	165	173	27	35	2269	0.1925
SDA-3.0	165	173	27	35	2286	0.1675
\TheName{}-0.5	180	174	26	20	2682	0.175
\TheName{}-1.0	171	173	27	29	2492	0.1625
\TheName{}-1.5	170	173	27	30	2840	0.1875
\TheName{}-2.0	169	172	28	31	2623	0.2125
\TheName{}-2.5	169	173	27	31	2600	0.1875
\TheName{}-3.0	169	173	27	31	2506	0.1875
SVM	181	171	29	19	26	0.0075
LR	200	0	200	0	2	0.0075
Ye-LDA	185	156	44	15	422	0.0125
DTree-10	60	183	17	140	6	0.005
DTree-20	88	183	17	112	20	0.0125
RFC-50	117	188	12	83	199	0.025
RFC-100	120	182	18	80	416	0.0725
NLSVM-0.1	2	198	2	198	28	0.2825
NLSVM-1.0	199	90	110	1	22	0.2275
NLSVM-10	174	171	29	26	24	0.1975
LDA	158	161	39	42	768	0.325
SDA-0.5	134	170	30	66	2376	0.1775
SDA-1.0	133	171	29	67	3049	0.1825
SDA-1.5	133	171	29	67	2710	0.1875
SDA-2.0	133	171	29	67	2651	0.1775
SDA-2.5	132	171	29	68	2566	0.1725
SDA-3.0	132	171	29	68	2695	0.185
\TheName{}-0.5	169	138	62	31	3135	0.1725
\TheName{}-1.0	166	174	26	34	2710	0.1875
\TheName{}-1.5	156	172	28	44	2296	0.165
\TheName{}-2.0	146	171	29	54	2276	0.1825
\TheName{}-2.5	138	171	29	62	2114	0.195
\TheName{}-3.0	137	171	29	63	2405	0.18
SVM	174	171	29	26	16	0.005
LR	0	200	0	200	2	0.005
Ye-LDA	155	178	22	45	298	0.005
DTree-10	84	183	17	116	5	0.005
DTree-20	107	177	23	93	8	0.005
RFC-50	122	165	35	78	205	0.0325
RFC-100	126	168	32	74	266	0.1
NLSVM-0.1	200	34	166	0	33	0.285
NLSVM-1.0	195	111	89	5	53	0.3725
NLSVM-10	135	185	15	65	68	0.13
LDA	146	144	56	54	520	0.2425
SDA-0.5	124	171	29	76	2121	0.1825
SDA-1.0	125	169	31	75	2024	0.1725
SDA-1.5	124	169	31	76	2108	0.18
SDA-2.0	123	169	31	77	2361	0.18
SDA-2.5	123	169	31	77	2130	0.175
SDA-3.0	123	169	31	77	2158	0.18
\TheName{}-0.5	185	162	38	15	2137	0.1875
\TheName{}-1.0	149	178	22	51	2292	0.175
\TheName{}-1.5	137	175	25	63	2040	0.17
\TheName{}-2.0	134	173	27	66	2082	0.1925
\TheName{}-2.5	131	173	27	69	2092	0.1725
\TheName{}-3.0	130	173	27	70	2219	0.185
SVM	176	165	35	24	31	0.005
LR	0	200	0	200	2	0.0125
Ye-LDA	145	183	17	55	286	0.0375
DTree-10	67	187	13	133	4	0.0075
DTree-20	85	178	22	115	10	0.0025
RFC-50	124	180	20	76	140	0.0325
RFC-100	121	179	21	79	375	0.1575
NLSVM-0.1	200	41	159	0	27	0.375
NLSVM-1.0	187	87	113	13	86	0.1925
NLSVM-10	112	189	11	88	21	0.165
LDA	146	151	49	54	632	0.315
SDA-0.5	158	171	29	42	2201	0.1775
SDA-1.0	156	170	30	44	2019	0.185
SDA-1.5	156	170	30	44	2167	0.175
SDA-2.0	156	170	30	44	2099	0.1825
SDA-2.5	156	170	30	44	2048	0.195
SDA-3.0	156	170	30	44	2147	0.175
\TheName{}-0.5	178	172	28	22	2241	0.2
\TheName{}-1.0	162	175	25	38	2182	0.1675
\TheName{}-1.5	160	172	28	40	2220	0.175
\TheName{}-2.0	159	172	28	41	2171	0.1825
\TheName{}-2.5	159	172	28	41	2183	0.1925
\TheName{}-3.0	159	172	28	41	2250	0.165
SVM	181	160	40	19	21	0.0025
LR	0	200	0	200	2	0.005
Ye-LDA	154	176	24	46	250	0.0075
DTree-10	83	187	13	117	5	0.01
DTree-20	83	188	12	117	9	0.005
RFC-50	106	185	15	94	43	0.025
RFC-100	102	187	13	98	467	0.0575
NLSVM-0.1	5	199	1	195	29	0.2575
NLSVM-1.0	198	70	130	2	30	0.19
NLSVM-10	105	195	5	95	25	0.2825
LDA	150	144	56	50	549	0.3575
SDA-0.5	163	164	36	37	2095	0.175
SDA-1.0	162	163	37	38	2098	0.1875
SDA-1.5	158	163	37	42	2168	0.1725
SDA-2.0	158	162	38	42	2152	0.1725
SDA-2.5	158	162	38	42	2130	0.17
SDA-3.0	158	162	38	42	2086	0.1675
\TheName{}-0.5	186	128	72	14	2412	0.175
\TheName{}-1.0	181	147	53	19	2162	0.19
\TheName{}-1.5	181	156	44	19	2245	0.1775
\TheName{}-2.0	179	159	41	21	2043	0.1825
\TheName{}-2.5	177	159	41	23	2229	0.1875
\TheName{}-3.0	173	160	40	27	2221	0.1875
SVM	175	163	37	25	33	0.0075
LR	0	200	0	200	2	0.0075
Ye-LDA	178	130	70	22	298	0.0125
DTree-10	34	190	10	166	5	0.0025
DTree-20	77	181	19	123	19	0.0275
RFC-50	106	180	20	94	36	0.0275
RFC-100	116	182	18	84	356	0.2125
NLSVM-0.1	0	200	0	200	26	0.28
NLSVM-1.0	197	72	128	3	20	0.1675
NLSVM-10	179	142	58	21	20	0.2875
LDA	135	161	39	65	527	0.3175
SDA-0.5	129	178	22	71	1991	0.1875
SDA-1.0	130	176	24	70	1995	0.19
SDA-1.5	129	175	25	71	2066	0.195
SDA-2.0	128	174	26	72	2070	0.1725
SDA-2.5	128	174	26	72	2025	0.1775
SDA-3.0	128	174	26	72	2157	0.1975
\TheName{}-0.5	176	157	43	24	2509	0.195
\TheName{}-1.0	153	184	16	47	2385	0.1625
\TheName{}-1.5	144	182	18	56	2479	0.18
\TheName{}-2.0	139	183	17	61	2468	0.1775
\TheName{}-2.5	136	182	18	64	2466	0.165
\TheName{}-3.0	133	179	21	67	2872	0.2075
SVM	169	179	21	31	28	0.0075
LR	0	200	0	200	2	0.0075
Ye-LDA	149	177	23	51	317	0.0225
DTree-10	65	178	22	135	25	0.005
DTree-20	92	170	30	108	19	0.0025
RFC-50	110	177	23	90	197	0.0375
RFC-100	113	172	28	87	372	0.0775
NLSVM-0.1	197	35	165	3	64	0.2225
NLSVM-1.0	189	81	119	11	37	0.2125
NLSVM-10	128	190	10	72	24	0.1325
LDA	146	147	53	54	690	0.3075
SDA-0.5	111	174	26	89	2340	0.185
SDA-1.0	111	174	26	89	2541	0.1775
SDA-1.5	111	173	27	89	2388	0.1825
SDA-2.0	111	173	27	89	2466	0.1775
SDA-2.5	111	172	28	89	2316	0.1725
SDA-3.0	111	172	28	89	2417	0.19
\TheName{}-0.5	180	164	36	20	2576	0.185
\TheName{}-1.0	145	174	26	55	2540	0.175
\TheName{}-1.5	128	175	25	72	2447	0.185
\TheName{}-2.0	125	174	26	75	2522	0.1875
\TheName{}-2.5	120	173	27	80	2511	0.1725
\TheName{}-3.0	117	173	27	83	2443	0.1775
SVM	175	171	29	25	35	0.01
LR	0	200	0	200	2	0.025
Ye-LDA	144	172	28	56	376	0.0075
DTree-10	82	160	40	118	25	0.005
DTree-20	112	155	45	88	15	0.005
RFC-50	125	162	38	75	152	0.02
RFC-100	121	165	35	79	573	0.11
NLSVM-0.1	200	29	171	0	39	0.255
NLSVM-1.0	188	97	103	12	41	0.1725
NLSVM-10	81	185	15	119	88	0.1825
LDA	119	152	48	81	735	0.32
SDA-0.5	136	174	26	64	2593	0.2
SDA-1.0	137	171	29	63	2465	0.1825
SDA-1.5	136	171	29	64	2636	0.1725
SDA-2.0	135	171	29	65	2445	0.1825
SDA-2.5	135	170	30	65	2472	0.1775
SDA-3.0	134	170	30	66	2577	0.175
\TheName{}-0.5	189	157	43	11	2518	0.185
\TheName{}-1.0	158	177	23	42	2537	0.22
\TheName{}-1.5	150	174	26	50	2754	0.1725
\TheName{}-2.0	145	175	25	55	2554	0.175
\TheName{}-2.5	144	174	26	56	2522	0.1825
\TheName{}-3.0	141	174	26	59	2640	0.17
SVM	173	169	31	27	34	0.005
LR	0	200	0	200	5	0.005
Ye-LDA	157	173	27	43	327	0.1025
DTree-10	61	181	19	139	5	0.01
DTree-20	83	176	24	117	31	0.005
RFC-50	125	173	27	75	221	0.075
RFC-100	135	180	20	65	389	0.09
NLSVM-0.1	1	199	1	199	63	0.255
NLSVM-1.0	187	86	114	13	64	0.275
NLSVM-10	121	186	14	79	26	0.1875
LDA	166	160	40	34	625	0.355
SDA-0.5	133	185	15	67	2411	0.17
SDA-1.0	130	185	15	70	2373	0.185
SDA-1.5	130	184	16	70	2429	0.175
SDA-2.0	130	183	17	70	2521	0.1725
SDA-2.5	130	183	17	70	2320	0.175
SDA-3.0	130	183	17	70	2348	0.1925
\TheName{}-0.5	163	125	75	37	2545	0.18
\TheName{}-1.0	165	183	17	35	2566	0.1875
\TheName{}-1.5	149	187	13	51	2644	0.1775
\TheName{}-2.0	146	184	16	54	2653	0.195
\TheName{}-2.5	139	183	17	61	2621	0.18
\TheName{}-3.0	134	182	18	66	2360	0.175
SVM	184	171	29	16	30	0.005
LR	0	200	0	200	2	0.005
Ye-LDA	155	181	19	45	321	0.02
DTree-10	46	188	12	154	24	0.01
DTree-20	79	183	17	121	19	0.005
RFC-50	139	173	27	61	34	0.0325
RFC-100	138	177	23	62	82	0.0925
NLSVM-0.1	5	200	0	195	35	0.3675
NLSVM-1.0	198	94	106	2	27	0.4175
NLSVM-10	137	191	9	63	28	0.2375
LDA	146	158	42	54	683	0.495
SDA-0.5	133	176	24	67	2672	0.185
SDA-1.0	133	176	24	67	2760	0.17
SDA-1.5	133	176	24	67	2323	0.1825
SDA-2.0	132	176	24	68	2379	0.19
SDA-2.5	132	176	24	68	2680	0.2125
SDA-3.0	132	176	24	68	2813	0.185
\TheName{}-0.5	188	162	38	12	2868	0.18
\TheName{}-1.0	149	180	20	51	2773	0.1775
\TheName{}-1.5	139	177	23	61	2579	0.175
\TheName{}-2.0	137	176	24	63	2546	0.2125
\TheName{}-2.5	135	176	24	65	2532	0.1775
\TheName{}-3.0	135	176	24	65	2564	0.1775
SVM	167	174	26	33	16	0.0075
LR	0	200	0	200	2	0.0025
Ye-LDA	148	179	21	52	278	0.1025
DTree-10	188	90	110	12	17	0.005
DTree-20	83	178	22	117	39	0.0
RFC-50	117	182	18	83	179	0.0375
RFC-100	119	181	19	81	473	0.2325
NLSVM-0.1	196	27	173	4	26	0.29
NLSVM-1.0	180	88	112	20	97	0.1675
NLSVM-10	139	181	19	61	77	0.205
LDA	145	156	44	55	560	0.4775
SDA-0.5	136	175	25	64	2493	0.18
SDA-1.0	135	175	25	65	2423	0.1725
SDA-1.5	135	175	25	65	2440	0.1775
SDA-2.0	135	175	25	65	2451	0.18
SDA-2.5	135	175	25	65	2466	0.1875
SDA-3.0	135	175	25	65	2403	0.1775
\TheName{}-0.5	151	142	58	49	2644	0.205
\TheName{}-1.0	153	178	22	47	2571	0.28
\TheName{}-1.5	146	180	20	54	2718	0.175
\TheName{}-2.0	142	179	21	58	2615	0.175
\TheName{}-2.5	139	179	21	61	2563	0.185
\TheName{}-3.0	139	179	21	61	2517	0.18
SVM	181	172	28	19	26	0.005
LR	0	200	0	200	2	0.0125
Ye-LDA	153	176	24	47	275	0.0475
DTree-10	76	166	34	124	6	0.03
DTree-20	82	170	30	118	9	0.0925
RFC-50	122	178	22	78	175	0.02
RFC-100	125	181	19	75	353	0.1275
NLSVM-0.1	197	31	169	3	41	0.215
NLSVM-1.0	193	94	106	7	23	0.2025
NLSVM-10	151	177	23	49	17	0.1675
LDA	140	150	50	60	626	0.24
SDA-0.5	140	177	23	60	2075	0.1825
SDA-1.0	140	177	23	60	2084	0.1925
SDA-1.5	140	176	24	60	1968	0.1775
SDA-2.0	140	176	24	60	2023	0.1675
SDA-2.5	140	176	24	60	2130	0.175
SDA-3.0	140	176	24	60	2020	0.175
\TheName{}-0.5	152	137	63	48	2142	0.2
\TheName{}-1.0	161	177	23	39	2146	0.1725
\TheName{}-1.5	150	176	24	50	2138	0.21
\TheName{}-2.0	147	177	23	53	2627	0.1875
\TheName{}-2.5	145	179	21	55	2141	0.1925
\TheName{}-3.0	143	178	22	57	2286	0.195
SVM	163	162	38	37	39	0.0075
LR	0	200	0	200	2	0.005
Ye-LDA	146	161	39	54	296	0.01
DTree-10	190	75	125	10	4	0.005
DTree-20	187	122	78	13	25	0.005
RFC-50	104	169	31	96	33	0.0175
RFC-100	107	171	29	93	351	0.0825
NLSVM-0.1	200	34	166	0	32	0.2225
NLSVM-1.0	196	90	110	4	18	0.14
NLSVM-10	96	192	8	104	22	0.245
LDA	150	163	37	50	554	0.2575
SDA-0.5	116	182	18	84	2190	0.185
SDA-1.0	114	181	19	86	2059	0.1875
SDA-1.5	113	181	19	87	1990	0.1925
SDA-2.0	113	181	19	87	2099	0.1875
SDA-2.5	113	181	19	87	2128	0.1825
SDA-3.0	113	180	20	87	2103	0.1675
\TheName{}-0.5	157	127	73	43	2153	0.18
\TheName{}-1.0	154	183	17	46	2064	0.175
\TheName{}-1.5	131	183	17	69	2223	0.1925
\TheName{}-2.0	129	183	17	71	2288	0.225
\TheName{}-2.5	125	182	18	75	2185	0.185
\TheName{}-3.0	123	182	18	77	2095	0.1825
SVM	170	184	16	30	22	0.01
LR	0	200	0	200	2	0.005
Ye-LDA	148	180	20	52	281	0.005
DTree-10	80	186	14	120	14	0.005
DTree-20	76	190	10	124	6	0.0025
RFC-50	115	183	17	85	163	0.04
RFC-100	114	185	15	86	389	0.115
NLSVM-0.1	199	42	158	1	51	0.395
NLSVM-1.0	185	105	95	15	28	0.15
NLSVM-10	122	190	10	78	21	0.26
LDA	165	150	50	35	481	0.315
SDA-0.5	133	182	18	67	1838	0.165
SDA-1.0	132	182	18	68	1817	0.17
SDA-1.5	133	182	18	67	1749	0.1675
SDA-2.0	132	181	19	68	1645	0.185
SDA-2.5	132	181	19	68	1790	0.165
SDA-3.0	132	180	20	68	1744	0.175
\TheName{}-0.5	180	155	45	20	1896	0.2625
\TheName{}-1.0	157	183	17	43	1850	0.205
\TheName{}-1.5	146	186	14	54	1847	0.375
\TheName{}-2.0	142	183	17	58	2169	0.195
\TheName{}-2.5	140	183	17	60	1841	0.1675
\TheName{}-3.0	138	183	17	62	1695	0.1825
SVM	186	175	25	14	31	0.0025
LR	0	200	0	200	2	0.005
Ye-LDA	146	179	21	54	249	0.005
DTree-10	80	188	12	120	6	0.0075
DTree-20	119	176	24	81	7	0.005
RFC-50	135	174	26	65	129	0.03
RFC-100	128	177	23	72	388	0.0925
NLSVM-0.1	5	200	0	195	69	0.1525
NLSVM-1.0	187	118	82	13	34	0.125
NLSVM-10	138	188	12	62	18	0.1475
LDA	164	161	39	36	455	0.195
SDA-0.5	137	175	25	63	1603	0.215
SDA-1.0	135	173	27	65	1655	0.18
SDA-1.5	134	172	28	66	1856	0.1675
SDA-2.0	133	171	29	67	1699	0.1675
SDA-2.5	133	171	29	67	1631	0.1675
SDA-3.0	133	171	29	67	1823	0.18
\TheName{}-0.5	177	154	46	23	1586	0.175
\TheName{}-1.0	159	179	21	41	1902	0.17
\TheName{}-1.5	152	179	21	48	1986	0.1775
\TheName{}-2.0	144	177	23	56	1856	0.17
\TheName{}-2.5	142	177	23	58	1997	0.17
\TheName{}-3.0	141	176	24	59	1733	0.1775
SVM	176	171	29	24	20	0.005
LR	0	200	0	200	2	0.0375
Ye-LDA	148	171	29	52	222	0.005
DTree-10	79	181	19	121	4	0.0025
DTree-20	87	175	25	113	7	0.0025
RFC-50	119	173	27	81	33	0.015
RFC-100	117	181	19	83	232	0.035
NLSVM-0.1	1	200	0	199	23	0.1325
NLSVM-1.0	196	84	116	4	18	0.1025
NLSVM-10	147	183	17	53	19	0.095
LDA	137	155	45	63	396	0.1875
SDA-0.5	152	179	21	48	1524	0.1675
SDA-1.0	148	177	23	52	1558	0.165
SDA-1.5	147	177	23	53	1483	0.1775
SDA-2.0	147	177	23	53	1984	0.1675
SDA-2.5	147	177	23	53	1655	0.175
SDA-3.0	147	176	24	53	1780	0.265
\TheName{}-0.5	189	157	43	11	1854	0.165
\TheName{}-1.0	176	181	19	24	1799	0.165
\TheName{}-1.5	166	182	18	34	1642	0.185
\TheName{}-2.0	158	181	19	42	1683	0.185
\TheName{}-2.5	156	180	20	44	1673	0.1675
\TheName{}-3.0	155	176	24	45	1825	0.1675
SVM	178	169	31	22	19	0.005
LR	0	200	0	200	1	0.005
Ye-LDA	168	175	25	32	241	0.01
DTree-10	81	192	8	119	5	0.0025
DTree-20	101	185	15	99	6	0.0125
RFC-50	133	176	24	67	132	0.02
RFC-100	133	179	21	67	281	0.0525
NLSVM-0.1	199	43	157	1	24	0.18
NLSVM-1.0	182	114	86	18	20	0.1275
NLSVM-10	143	192	8	57	17	0.1075
LDA	170	151	49	30	523	0.2175
SDA-0.5	124	166	34	76	1606	0.215
SDA-1.0	120	166	34	80	1702	0.19
SDA-1.5	120	166	34	80	1566	0.1675
SDA-2.0	120	166	34	80	1845	0.185
SDA-2.5	120	166	34	80	1652	0.175
SDA-3.0	119	166	34	81	1792	0.1675
\TheName{}-0.5	171	145	55	29	1686	0.1675
\TheName{}-1.0	151	172	28	49	1718	0.175
\TheName{}-1.5	139	170	30	61	1702	0.165
\TheName{}-2.0	133	168	32	67	1900	0.2675
\TheName{}-2.5	131	167	33	69	1827	0.185
\TheName{}-3.0	129	167	33	71	1727	0.1825
SVM	182	163	37	18	28	0.02
LR	0	200	0	200	2	0.005
Ye-LDA	151	172	28	49	252	0.015
DTree-10	86	152	48	114	4	0.015
DTree-20	95	152	48	105	7	0.0125
RFC-50	112	176	24	88	127	0.0125
RFC-100	115	172	28	85	268	0.0675
NLSVM-0.1	199	19	181	1	24	0.19
NLSVM-1.0	84	187	13	116	20	0.1275
NLSVM-10	81	191	9	119	15	0.1125
LDA	151	160	40	49	459	0.1875
SDA-0.5	148	177	23	52	1640	0.175
SDA-1.0	148	177	23	52	1563	0.1725
SDA-1.5	148	177	23	52	1626	0.1675
SDA-2.0	148	177	23	52	1547	0.165
SDA-2.5	148	177	23	52	1536	0.185
SDA-3.0	148	177	23	52	1538	0.175
\TheName{}-0.5	175	182	18	25	1697	0.1675
\TheName{}-1.0	160	183	17	40	1594	0.17
\TheName{}-1.5	157	180	20	43	1715	0.185
\TheName{}-2.0	155	178	22	45	1701	0.17
\TheName{}-2.5	151	178	22	49	1690	0.1725
\TheName{}-3.0	150	178	22	50	1701	0.1775
SVM	179	177	23	21	28	0.005
LR	0	200	0	200	2	0.005
Ye-LDA	163	184	16	37	240	0.005
DTree-10	92	174	26	108	4	0.005
DTree-20	107	174	26	93	7	0.0075
RFC-50	142	165	35	58	134	0.0225
RFC-100	140	167	33	60	276	0.1475
NLSVM-0.1	200	28	172	0	30	0.245
NLSVM-1.0	194	117	83	6	20	0.1175
NLSVM-10	186	173	27	14	20	0.1025
LDA	149	158	42	51	449	0.19
SDA-0.5	144	164	36	56	1590	0.17
SDA-1.0	141	164	36	59	1530	0.17
SDA-1.5	140	164	36	60	1534	0.17
SDA-2.0	140	165	35	60	1527	0.165
SDA-2.5	139	165	35	61	1579	0.165
SDA-3.0	139	165	35	61	1717	0.185
\TheName{}-0.5	180	168	32	20	1688	0.1625
\TheName{}-1.0	160	168	32	40	1703	0.17
\TheName{}-1.5	152	167	33	48	1708	0.1675
\TheName{}-2.0	150	166	34	50	1666	0.1725
\TheName{}-2.5	148	166	34	52	1698	0.1725
\TheName{}-3.0	147	166	34	53	1691	0.175
SVM	179	162	38	21	19	0.01
LR	200	0	200	0	2	0.005
Ye-LDA	178	161	39	22	237	0.005
DTree-10	80	178	22	120	6	0.005
DTree-20	119	169	31	81	7	0.005
RFC-50	128	168	32	72	32	0.02
RFC-100	134	168	32	66	343	0.0775
NLSVM-0.1	5	199	1	195	24	0.15
NLSVM-1.0	180	91	109	20	19	0.12
NLSVM-10	174	158	42	26	17	0.1075
LDA	173	157	43	27	442	0.19
SDA-0.5	138	171	29	62	1548	0.1675
SDA-1.0	135	168	32	65	1542	0.175
SDA-1.5	135	168	32	65	1718	0.1825
SDA-2.0	135	168	32	65	1764	0.175
SDA-2.5	134	168	32	66	1690	0.165
SDA-3.0	134	168	32	66	1776	0.195
\TheName{}-0.5	186	123	77	14	1783	0.175
\TheName{}-1.0	179	168	32	21	1748	0.19
\TheName{}-1.5	159	169	31	41	1856	0.1675
\TheName{}-2.0	153	170	30	47	1691	0.165
\TheName{}-2.5	148	169	31	52	1700	0.1675
\TheName{}-3.0	145	169	31	55	1715	0.1725
SVM	185	167	33	15	32	0.005
LR	0	200	0	200	2	0.0025
Ye-LDA	178	155	45	22	235	0.005
DTree-10	68	173	27	132	4	0.005
DTree-20	118	164	36	82	7	0.0075
RFC-50	124	166	34	76	111	0.02
RFC-100	128	173	27	72	261	0.09
NLSVM-0.1	200	34	166	0	24	0.1475
NLSVM-1.0	195	98	102	5	19	0.1175
NLSVM-10	91	194	6	109	18	0.1175
LDA	152	146	54	48	433	0.1775
SDA-0.5	150	170	30	50	1636	0.1725
SDA-1.0	148	170	30	52	1635	0.165
SDA-1.5	148	170	30	52	1701	0.19
SDA-2.0	147	170	30	53	1627	0.1675
SDA-2.5	146	170	30	54	1562	0.1825
SDA-3.0	146	170	30	54	1582	0.1675
\TheName{}-0.5	188	142	58	12	1648	0.17
\TheName{}-1.0	168	165	35	32	1675	0.185
\TheName{}-1.5	164	170	30	36	1668	0.1675
\TheName{}-2.0	160	170	30	40	1668	0.1675
\TheName{}-2.5	159	170	30	41	1685	0.17
\TheName{}-3.0	158	170	30	42	1863	0.165
SVM	182	165	35	18	23	0.005
LR	0	200	0	200	2	0.0025
Ye-LDA	162	161	39	38	315	0.01
DTree-10	191	65	135	9	8	0.0125
DTree-20	186	80	120	14	14	0.0075
RFC-50	126	164	36	74	130	0.0225
RFC-100	129	167	33	71	297	0.0525
NLSVM-0.1	200	36	164	0	21	0.155
NLSVM-1.0	185	88	112	15	17	0.1075
NLSVM-10	196	127	73	4	16	0.0975
LDA	160	153	47	40	401	0.17
SDA-0.5	157	176	24	43	1610	0.165
SDA-1.0	155	176	24	45	1601	0.2075
SDA-1.5	155	176	24	45	1590	0.19
SDA-2.0	155	176	24	45	1524	0.1675
SDA-2.5	155	176	24	45	1706	0.1675
SDA-3.0	155	176	24	45	1679	0.2025
\TheName{}-0.5	175	128	72	25	1669	0.17
\TheName{}-1.0	186	171	29	14	1826	0.1825
\TheName{}-1.5	171	176	24	29	1855	0.1775
\TheName{}-2.0	165	176	24	35	1904	0.1725
\TheName{}-2.5	161	178	22	39	1790	0.17
\TheName{}-3.0	161	178	22	39	1773	0.1825
SVM	183	172	28	17	38	0.005
LR	0	200	0	200	2	0.0075
Ye-LDA	168	159	41	32	254	0.005
DTree-10	192	41	159	8	4	0.005
DTree-20	87	186	14	113	9	0.0125
RFC-50	132	179	21	68	116	0.02
RFC-100	130	177	23	70	260	0.055
NLSVM-0.1	200	34	166	0	23	0.165
NLSVM-1.0	200	86	114	0	18	0.13
NLSVM-10	191	137	63	9	17	0.115
LDA	146	171	29	54	422	0.1875
SDA-0.5	132	187	13	68	1693	0.1725
SDA-1.0	130	185	15	70	1728	0.1675
SDA-1.5	128	185	15	72	1665	0.185
SDA-2.0	128	185	15	72	1875	0.1675
SDA-2.5	128	185	15	72	1693	0.1675
SDA-3.0	128	185	15	72	1761	0.1675
\TheName{}-0.5	170	124	76	30	1642	0.1825
\TheName{}-1.0	167	183	17	33	1633	0.165
\TheName{}-1.5	147	187	13	53	1676	0.1625
\TheName{}-2.0	143	187	13	57	1589	0.18
\TheName{}-2.5	141	186	14	59	1533	0.17
\TheName{}-3.0	141	186	14	59	1580	0.17
SVM	175	174	26	25	25	0.0025
LR	0	200	0	200	2	0.005
Ye-LDA	168	174	26	32	231	0.005
DTree-10	185	81	119	15	5	0.01
DTree-20	173	108	92	27	7	0.0125
RFC-50	125	178	22	75	120	0.03
RFC-100	127	182	18	73	247	0.045
NLSVM-0.1	197	33	167	3	26	0.1625
NLSVM-1.0	195	83	117	5	20	0.1175
NLSVM-10	120	194	6	80	16	0.1125
LDA	131	159	41	69	420	0.1825
SDA-0.5	141	173	27	59	1477	0.185
SDA-1.0	139	173	27	61	1587	0.1775
SDA-1.5	139	173	27	61	1626	0.1775
SDA-2.0	138	173	27	62	1539	0.1625
SDA-2.5	138	173	27	62	1597	0.18
SDA-3.0	138	173	27	62	1577	0.1925
\TheName{}-0.5	181	181	19	19	1607	0.165
\TheName{}-1.0	153	178	22	47	1687	0.1725
\TheName{}-1.5	147	176	24	53	1651	0.17
\TheName{}-2.0	144	176	24	56	1665	0.1675
\TheName{}-2.5	143	176	24	57	1655	0.165
\TheName{}-3.0	143	174	26	57	1727	0.18
SVM	180	171	29	20	32	0.0125
LR	0	200	0	200	2	0.005
Ye-LDA	155	172	28	45	239	0.005
DTree-10	67	187	13	133	5	0.005
DTree-20	80	186	14	120	6	0.005
RFC-50	99	177	23	101	135	0.02
RFC-100	106	177	23	94	292	0.045
NLSVM-0.1	198	38	162	2	21	0.1425
NLSVM-1.0	191	90	110	9	23	0.11
NLSVM-10	133	182	18	67	17	0.095
LDA	167	147	53	33	405	0.1675
SDA-0.5	145	172	28	55	1570	0.1675
SDA-1.0	146	172	28	54	1539	0.175
SDA-1.5	146	172	28	54	1488	0.165
SDA-2.0	146	172	28	54	1494	0.1775
SDA-2.5	145	172	28	55	1468	0.175
SDA-3.0	144	172	28	56	1569	0.1625
\TheName{}-0.5	171	137	63	29	1535	0.175
\TheName{}-1.0	172	171	29	28	1641	0.16
\TheName{}-1.5	156	170	30	44	1615	0.1725
\TheName{}-2.0	154	171	29	46	1614	0.17
\TheName{}-2.5	151	172	28	49	1587	0.1725
\TheName{}-3.0	148	172	28	52	1594	0.17
SVM	174	163	37	26	21	0.005
LR	0	200	0	200	1	0.005
Ye-LDA	155	167	33	45	225	0.005
DTree-10	64	171	29	136	4	0.0075
DTree-20	97	172	28	103	6	0.005
RFC-50	122	161	39	78	116	0.02
RFC-100	125	162	38	75	256	0.09
NLSVM-0.1	198	41	159	2	21	0.14
NLSVM-1.0	36	194	6	164	17	0.105
NLSVM-10	145	178	22	55	17	0.0925
LDA	160	132	68	40	400	0.185
SDA-0.5	129	167	33	71	1471	0.175
SDA-1.0	125	167	33	75	1481	0.1725
SDA-1.5	124	166	34	76	1488	0.165
SDA-2.0	124	165	35	76	1463	0.1775
SDA-2.5	124	165	35	76	1533	0.1925
SDA-3.0	124	165	35	76	1453	0.18
\TheName{}-0.5	174	181	19	26	1599	0.1625
\TheName{}-1.0	134	173	27	66	1602	0.1725
\TheName{}-1.5	131	172	28	69	1651	0.165
\TheName{}-2.0	132	169	31	68	1614	0.2
\TheName{}-2.5	130	168	32	70	1630	0.1725
\TheName{}-3.0	130	168	32	70	1573	0.1675
SVM	185	172	28	15	30	0.005
LR	0	200	0	200	1	0.005
Ye-LDA	136	171	29	64	227	0.005
DTree-10	70	168	32	130	5	0.0025
DTree-20	77	171	29	123	7	0.0025
RFC-50	124	165	35	76	114	0.015
RFC-100	125	166	34	75	76	0.035
NLSVM-0.1	199	31	169	1	22	0.13
NLSVM-1.0	191	80	120	9	17	0.105
NLSVM-10	88	189	11	112	17	0.1
LDA	146	156	44	54	422	0.1925
SDA-0.5	125	171	29	75	1471	0.165
SDA-1.0	121	171	29	79	1452	0.1775
SDA-1.5	117	171	29	83	1507	0.175
SDA-2.0	117	171	29	83	1524	0.1925
SDA-2.5	117	171	29	83	1525	0.165
SDA-3.0	117	171	29	83	1517	0.1775
\TheName{}-0.5	184	153	47	16	1571	0.18
\TheName{}-1.0	150	173	27	50	1538	0.165
\TheName{}-1.5	134	172	28	66	1549	0.1775
\TheName{}-2.0	129	171	29	71	1569	0.1625
\TheName{}-2.5	127	170	30	73	1575	0.1625
\TheName{}-3.0	125	171	29	75	1538	0.1775
SVM	184	162	38	16	29	0.005
LR	0	200	0	200	2	0.0025
Ye-LDA	161	170	30	39	229	0.005
DTree-10	86	182	18	114	4	0.005
DTree-20	96	180	20	104	8	0.0025
RFC-50	109	174	26	91	104	0.015
RFC-100	108	174	26	92	233	0.0425
NLSVM-0.1	200	24	176	0	21	0.1425
NLSVM-1.0	196	70	130	4	18	0.1125
NLSVM-10	123	179	21	77	16	0.1175
LDA	153	147	53	47	451	0.1675
SDA-0.5	141	171	29	59	1500	0.1725
SDA-1.0	139	171	29	61	1445	0.165
SDA-1.5	138	171	29	62	1511	0.17
SDA-2.0	138	171	29	62	1527	0.1775
SDA-2.5	138	171	29	62	1469	0.1675
SDA-3.0	136	171	29	64	1566	0.175
\TheName{}-0.5	189	160	40	11	1677	0.175
\TheName{}-1.0	163	173	27	37	1536	0.1775
\TheName{}-1.5	151	171	29	49	1574	0.1775
\TheName{}-2.0	147	171	29	53	1584	0.165
\TheName{}-2.5	144	171	29	56	1545	0.1725
\TheName{}-3.0	143	171	29	57	1571	0.1925
SVM	181	176	24	19	28	0.005
LR	0	200	0	200	2	0.005
Ye-LDA	152	164	36	48	235	0.0075
DTree-10	179	72	128	21	4	0.005
DTree-20	96	163	37	104	6	0.005
RFC-50	130	171	29	70	118	0.015
RFC-100	131	174	26	69	65	0.04
NLSVM-0.1	198	38	162	2	22	0.21
NLSVM-1.0	189	97	103	11	18	0.1225
NLSVM-10	131	181	19	69	17	0.1
LDA	154	149	51	46	418	0.17
SDA-0.5	164	177	23	36	1453	0.1725
SDA-1.0	162	177	23	38	1468	0.175
SDA-1.5	162	176	24	38	1472	0.175
SDA-2.0	162	175	25	38	1464	0.17
SDA-2.5	162	175	25	38	1495	0.1875
SDA-3.0	162	175	25	38	1543	0.1625
\TheName{}-0.5	189	140	60	11	1597	0.1725
\TheName{}-1.0	178	171	29	22	1586	0.1825
\TheName{}-1.5	170	173	27	30	1621	0.1775
\TheName{}-2.0	170	176	24	30	1567	0.175
\TheName{}-2.5	166	176	24	34	1566	0.1775
\TheName{}-3.0	165	175	25	35	1590	0.175
SVM	184	168	32	16	19	0.0025
LR	0	200	0	200	2	0.005
Ye-LDA	168	167	33	32	228	0.0025
DTree-10	194	59	141	6	5	0.0025
DTree-20	103	188	12	97	6	0.005
RFC-50	120	188	12	80	108	0.0225
RFC-100	124	187	13	76	239	0.0175
NLSVM-0.1	7	199	1	193	21	0.155
NLSVM-1.0	42	183	17	158	17	0.1
NLSVM-10	180	166	34	20	16	0.095
LDA	159	163	37	41	412	0.175
SDA-0.5	137	178	22	63	1467	0.18
SDA-1.0	138	178	22	62	1489	0.2175
SDA-1.5	137	178	22	63	1541	0.175
SDA-2.0	137	177	23	63	1507	0.1725
SDA-2.5	137	177	23	63	1496	0.19
SDA-3.0	137	177	23	63	1523	0.175
\TheName{}-0.5	188	164	36	12	1544	0.1825
\TheName{}-1.0	164	181	19	36	1591	0.175
\TheName{}-1.5	150	181	19	50	1648	0.175
\TheName{}-2.0	145	180	20	55	1568	0.175
\TheName{}-2.5	144	179	21	56	1597	0.1775
\TheName{}-3.0	143	178	22	57	1658	0.17
SVM	180	173	27	20	24	0.005
LR	0	200	0	200	1	0.005
Ye-LDA	161	179	21	39	226	0.005
DTree-10	116	154	46	84	5	0.005
DTree-20	130	155	45	70	7	0.005
RFC-50	112	184	16	88	111	0.0175
RFC-100	109	184	16	91	255	0.0175
NLSVM-0.1	199	33	167	1	21	0.1325
NLSVM-1.0	197	85	115	3	17	0.1075
NLSVM-10	165	176	24	35	16	0.09
LDA	144	156	44	56	406	0.1625
SDA-0.5	131	174	26	69	1464	0.175
SDA-1.0	131	170	30	69	1499	0.18
SDA-1.5	131	170	30	69	1525	0.1725
SDA-2.0	130	170	30	70	1506	0.1725
SDA-2.5	130	170	30	70	1479	0.175
SDA-3.0	130	170	30	70	1474	0.195
\TheName{}-0.5	178	141	59	22	1541	0.1725
\TheName{}-1.0	149	177	23	51	1535	0.185
\TheName{}-1.5	140	174	26	60	1544	0.175
\TheName{}-2.0	138	174	26	62	1516	0.1825
\TheName{}-2.5	134	171	29	66	1514	0.19
\TheName{}-3.0	134	171	29	66	1560	0.1775
SVM	176	165	35	24	25	0.005
LR	0	200	0	200	2	0.0075
Ye-LDA	147	171	29	53	226	0.005
DTree-10	75	176	24	125	4	0.005
DTree-20	90	173	27	110	7	0.0025
RFC-50	129	174	26	71	125	0.0175
RFC-100	127	177	23	73	268	0.0375
NLSVM-0.1	199	40	160	1	21	0.135
NLSVM-1.0	35	188	12	165	17	0.1025
NLSVM-10	116	186	14	84	15	0.1225
LDA	139	156	44	61	400	0.165
SDA-0.5	123	183	17	77	1463	0.18
SDA-1.0	119	183	17	81	1475	0.1725
SDA-1.5	119	183	17	81	1458	0.1775
SDA-2.0	119	182	18	81	1516	0.1725
SDA-2.5	118	182	18	82	1563	0.1825
SDA-3.0	119	182	18	81	1552	0.175
\TheName{}-0.5	177	147	53	23	1608	0.1775
\TheName{}-1.0	150	187	13	50	1569	0.1775
\TheName{}-1.5	133	183	17	67	1555	0.18
\TheName{}-2.0	131	183	17	69	1546	0.195
\TheName{}-2.5	128	184	16	72	1584	0.1775
\TheName{}-3.0	127	183	17	73	1594	0.18
SVM	174	170	30	26	25	0.0025
LR	0	200	0	200	2	0.0025
Ye-LDA	145	178	22	55	220	0.0025
DTree-10	80	170	30	120	5	0.0025
DTree-20	124	165	35	76	7	0.005
RFC-50	123	167	33	77	39	0.0175
RFC-100	130	175	25	70	296	0.02
NLSVM-0.1	200	26	174	0	22	0.1425
NLSVM-1.0	197	72	128	3	16	0.105
NLSVM-10	194	106	94	6	15	0.0925
LDA	135	153	47	65	399	0.17
SDA-0.5	139	171	29	61	1543	0.17
SDA-1.0	137	170	30	63	1467	0.18
SDA-1.5	137	170	30	63	1562	0.1725
SDA-2.0	137	170	30	63	1513	0.17
SDA-2.5	137	170	30	63	1564	0.1725
SDA-3.0	137	170	30	63	1670	0.1775
\TheName{}-0.5	170	164	36	30	1596	0.175
\TheName{}-1.0	149	173	27	51	1601	0.18
\TheName{}-1.5	145	172	28	55	1607	0.1775
\TheName{}-2.0	144	173	27	56	1622	0.1925
\TheName{}-2.5	143	173	27	57	1632	0.1775
\TheName{}-3.0	141	173	27	59	1635	0.175
SVM	168	163	37	32	20	0.0075
LR	0	200	0	200	1	0.005
Ye-LDA	133	170	30	67	227	0.005
DTree-10	99	162	38	101	6	0.0025
DTree-20	88	175	25	112	7	0.005
RFC-50	117	174	26	83	118	0.0175
RFC-100	112	170	30	88	280	0.0225
NLSVM-0.1	199	38	162	1	23	0.1425
NLSVM-1.0	192	92	108	8	17	0.13
NLSVM-10	89	191	9	111	16	0.0975
LDA	148	160	40	52	470	0.1925
SDA-0.5	135	175	25	65	1504	0.1725
SDA-1.0	132	172	28	68	1526	0.175
SDA-1.5	129	172	28	71	1539	0.1775
SDA-2.0	129	171	29	71	1514	0.1775
SDA-2.5	129	171	29	71	1585	0.1725
SDA-3.0	129	171	29	71	1549	0.2175
\TheName{}-0.5	176	147	53	24	1619	0.1725
\TheName{}-1.0	172	174	26	28	1647	0.1775
\TheName{}-1.5	154	175	25	46	1634	0.175
\TheName{}-2.0	151	178	22	49	1591	0.175
\TheName{}-2.5	146	177	23	54	1593	0.1775
\TheName{}-3.0	141	176	24	59	1584	0.195
SVM	180	179	21	20	20	0.005
LR	0	200	0	200	1	0.01
Ye-LDA	167	169	31	33	266	0.005
DTree-10	54	192	8	146	5	0.0025
DTree-20	106	176	24	94	7	0.0025
RFC-50	126	184	16	74	121	0.04
RFC-100	127	179	21	73	247	0.015
NLSVM-0.1	199	37	163	1	22	0.1325
NLSVM-1.0	197	82	118	3	17	0.1075
NLSVM-10	135	188	12	65	16	0.0975
LDA	138	156	44	62	386	0.1625
SDA-0.5	136	161	39	64	1468	0.175
SDA-1.0	133	161	39	67	1516	0.1775
SDA-1.5	133	161	39	67	1529	0.17
SDA-2.0	132	161	39	68	1485	0.24
SDA-2.5	132	161	39	68	1476	0.1825
SDA-3.0	132	161	39	68	1494	0.175
\TheName{}-0.5	187	166	34	13	1566	0.1725
\TheName{}-1.0	149	169	31	51	1609	0.175
\TheName{}-1.5	143	167	33	57	1581	0.175
\TheName{}-2.0	140	164	36	60	1634	0.2075
\TheName{}-2.5	140	163	37	60	1655	0.1875
\TheName{}-3.0	140	163	37	60	1607	0.175
SVM	173	175	25	27	32	0.005
LR	0	200	0	200	1	0.0025
Ye-LDA	157	176	24	43	223	0.005
DTree-10	74	178	22	126	5	0.0025
DTree-20	88	178	22	112	7	0.005
RFC-50	137	158	42	63	142	0.02
RFC-100	131	163	37	69	263	0.045
NLSVM-0.1	115	188	12	85	20	0.13
NLSVM-1.0	188	96	104	12	21	0.135
NLSVM-10	98	190	10	102	16	0.095
LDA	148	159	41	52	391	0.1675
SDA-0.5	147	182	18	53	1462	0.1825
SDA-1.0	146	182	18	54	1482	0.175
SDA-1.5	147	182	18	53	1481	0.175
SDA-2.0	147	182	18	53	1474	0.1725
SDA-2.5	146	182	18	54	1519	0.1875
SDA-3.0	146	182	18	54	1462	0.1775
\TheName{}-0.5	179	146	54	21	1627	0.2025
\TheName{}-1.0	170	182	18	30	1626	0.1725
\TheName{}-1.5	165	184	16	35	1676	0.1725
\TheName{}-2.0	162	184	16	38	1639	0.1825
\TheName{}-2.5	157	185	15	43	1625	0.1725
\TheName{}-3.0	154	185	15	46	1574	0.1775
SVM	175	173	27	25	18	0.005
LR	0	200	0	200	2	0.0025
Ye-LDA	150	181	19	50	232	0.005
DTree-10	83	185	15	117	4	0.005
DTree-20	106	179	21	94	6	0.0025
RFC-50	119	182	18	81	101	0.0175
RFC-100	115	184	16	85	241	0.0525
NLSVM-0.1	198	39	161	2	21	0.1325
NLSVM-1.0	194	122	78	6	17	0.1275
NLSVM-10	105	196	4	95	16	0.09
LDA	138	155	45	62	446	0.1725
SDA-0.5	129	177	23	71	1531	0.1725
SDA-1.0	129	176	24	71	1485	0.225
SDA-1.5	128	176	24	72	1516	0.1725
SDA-2.0	128	176	24	72	1499	0.175
SDA-2.5	128	175	25	72	1475	0.1725
SDA-3.0	128	175	25	72	1528	0.175
\TheName{}-0.5	174	131	69	26	1573	0.175
\TheName{}-1.0	162	177	23	38	1561	0.18
\TheName{}-1.5	143	178	22	57	1591	0.1825
\TheName{}-2.0	139	177	23	61	1564	0.175
\TheName{}-2.5	134	177	23	66	1625	0.1725
\TheName{}-3.0	133	177	23	67	1582	0.175
SVM	172	160	40	28	28	0.0325
LR	0	200	0	200	2	0.0075
Ye-LDA	171	163	37	29	221	0.005
DTree-10	66	182	18	134	14	0.0125
DTree-20	109	174	26	91	9	0.005
RFC-50	114	175	25	86	27	0.0125
RFC-100	115	179	21	85	285	0.0275
NLSVM-0.1	199	28	172	1	22	0.1525
NLSVM-1.0	179	94	106	21	18	0.1125
NLSVM-10	114	185	15	86	20	0.095
LDA	157	141	59	43	388	0.165
SDA-0.5	140	178	22	60	1481	0.175
SDA-1.0	139	174	26	61	1481	0.185
SDA-1.5	139	174	26	61	1473	0.2025
SDA-2.0	139	174	26	61	1466	0.175
SDA-2.5	139	174	26	61	1443	0.175
SDA-3.0	139	174	26	61	1438	0.175
\TheName{}-0.5	190	166	34	10	1623	0.175
\TheName{}-1.0	157	182	18	43	1520	0.2
\TheName{}-1.5	152	182	18	48	1552	0.175
\TheName{}-2.0	145	180	20	55	1546	0.175
\TheName{}-2.5	142	179	21	58	1503	0.18
\TheName{}-3.0	140	179	21	60	1591	0.1875
SVM	181	161	39	19	41	0.0025
LR	200	0	200	0	2	0.0025
Ye-LDA	182	154	46	18	222	0.0025
DTree-10	33	184	16	167	5	0.0025
DTree-20	61	175	25	139	11	0.0025
RFC-50	121	173	27	79	38	0.0125
RFC-100	120	167	33	80	276	0.0475
NLSVM-0.1	200	24	176	0	22	0.135
NLSVM-1.0	187	107	93	13	18	0.105
NLSVM-10	154	185	15	46	16	0.1175
LDA	147	164	36	53	392	0.18
SDA-0.5	131	173	27	69	1562	0.1825
SDA-1.0	130	171	29	70	1553	0.18
SDA-1.5	130	171	29	70	1534	0.175
SDA-2.0	129	171	29	71	1523	0.18
SDA-2.5	129	171	29	71	1546	0.1775
SDA-3.0	129	171	29	71	1565	0.175
\TheName{}-0.5	184	171	29	16	1568	0.1725
\TheName{}-1.0	151	179	21	49	1667	0.175
\TheName{}-1.5	142	177	23	58	1663	0.1975
\TheName{}-2.0	137	175	25	63	2003	0.2175
\TheName{}-2.5	135	175	25	65	2230	0.235
\TheName{}-3.0	133	173	27	67	1943	0.1825
SVM	182	169	31	18	29	0.005
LR	0	200	0	200	1	0.0025
Ye-LDA	159	176	24	41	247	0.0175
DTree-10	81	187	13	119	7	0.005
DTree-20	107	175	25	93	10	0.005
RFC-50	130	169	31	70	187	0.045
RFC-100	131	165	35	69	334	0.0725
NLSVM-0.1	200	33	167	0	25	0.1725
NLSVM-1.0	178	99	101	22	20	0.2
NLSVM-10	194	123	77	6	29	0.1575
LDA	145	163	37	55	458	0.21
SDA-0.5	153	179	21	47	1669	0.175
SDA-1.0	151	180	20	49	1544	0.185
SDA-1.5	150	180	20	50	1643	0.195
SDA-2.0	149	180	20	51	1695	0.3075
SDA-2.5	148	179	21	52	1979	0.1975
SDA-3.0	148	179	21	52	1616	0.18
\TheName{}-0.5	186	126	74	14	1669	0.1725
\TheName{}-1.0	179	175	25	21	1574	0.1925
\TheName{}-1.5	164	179	21	36	1656	0.1775
\TheName{}-2.0	160	178	22	40	1686	0.2425
\TheName{}-2.5	160	179	21	40	1876	0.2
\TheName{}-3.0	157	178	22	43	1667	0.2025
SVM	185	169	31	15	20	0.005
LR	0	200	0	200	1	0.005
Ye-LDA	170	155	45	30	274	0.02
DTree-10	185	67	133	15	10	0.02
DTree-20	167	89	111	33	31	0.0025
RFC-50	131	185	15	69	36	0.02
RFC-100	139	186	14	61	329	0.1075
NLSVM-0.1	1	197	3	199	29	0.275
NLSVM-1.0	192	90	110	8	23	0.175
NLSVM-10	188	161	39	12	21	0.145
LDA	153	145	55	47	411	0.1825
SDA-0.5	131	176	24	69	1728	0.1825
SDA-1.0	130	174	26	70	1846	0.1825
SDA-1.5	130	174	26	70	1575	0.195
SDA-2.0	129	174	26	71	1634	0.195
SDA-2.5	128	174	26	72	1718	0.185
SDA-3.0	128	174	26	72	1598	0.1925
\TheName{}-0.5	176	149	51	24	1651	0.1825
\TheName{}-1.0	151	179	21	49	1683	0.18
\TheName{}-1.5	144	177	23	56	1658	0.18
\TheName{}-2.0	140	177	23	60	1678	0.1725
\TheName{}-2.5	136	178	22	64	1667	0.2025
\TheName{}-3.0	134	178	22	66	1702	0.2
SVM	172	168	32	28	28	0.005
LR	0	200	0	200	1	0.0075
Ye-LDA	165	172	28	35	295	0.0225
DTree-10	52	186	14	148	4	0.015
DTree-20	92	178	22	108	9	0.0175
RFC-50	129	172	28	71	129	0.0425
RFC-100	128	172	28	72	272	0.0425
NLSVM-0.1	200	30	170	0	23	0.1725
NLSVM-1.0	186	96	104	14	18	0.1225
NLSVM-10	109	190	10	91	17	0.1075
LDA	135	150	50	65	427	0.175
SDA-0.5	137	174	26	63	1624	0.175
SDA-1.0	135	173	27	65	1545	0.1725
SDA-1.5	134	172	28	66	1615	0.175
SDA-2.0	134	172	28	66	1581	0.175
SDA-2.5	134	171	29	66	1582	0.18
SDA-3.0	134	171	29	66	1661	0.175
\TheName{}-0.5	191	170	30	9	1629	0.1775
\TheName{}-1.0	158	171	29	42	1601	0.1825
\TheName{}-1.5	145	173	27	55	1647	0.18
\TheName{}-2.0	141	173	27	59	1578	0.19
\TheName{}-2.5	140	172	28	60	1618	0.1775
\TheName{}-3.0	139	171	29	61	1706	0.1725
SVM	173	173	27	27	21	0.0025
LR	0	200	0	200	2	0.0025
Ye-LDA	161	175	25	39	226	0.005
DTree-10	42	188	12	158	4	0.005
DTree-20	68	185	15	132	8	0.005
RFC-50	101	186	14	99	35	0.0175
RFC-100	96	183	17	104	243	0.0325
NLSVM-0.1	3	200	0	197	22	0.14
NLSVM-1.0	198	70	130	2	17	0.11
NLSVM-10	157	173	27	43	17	0.1
LDA	155	152	48	45	406	0.1775
SDA-0.5	136	174	26	64	1584	0.1825
SDA-1.0	134	173	27	66	1651	0.185
SDA-1.5	134	172	28	66	1588	0.175
SDA-2.0	134	172	28	66	1648	0.1875
SDA-2.5	134	172	28	66	1517	0.1825
SDA-3.0	134	172	28	66	1555	0.185
\TheName{}-0.5	187	143	57	13	1668	0.1825
\TheName{}-1.0	165	177	23	35	1668	0.18
\TheName{}-1.5	149	177	23	51	1643	0.215
\TheName{}-2.0	146	178	22	54	1645	0.1775
\TheName{}-2.5	143	177	23	57	1667	0.185
\TheName{}-3.0	141	176	24	59	1674	0.175
SVM	176	182	18	24	38	0.005
LR	0	200	0	200	1	0.005
Ye-LDA	164	182	18	36	290	0.005
DTree-10	76	189	11	124	6	0.0025
DTree-20	99	178	22	101	8	0.0
RFC-50	136	170	30	64	135	0.02
RFC-100	135	174	26	65	295	0.065
NLSVM-0.1	200	28	172	0	22	0.15
NLSVM-1.0	179	128	72	21	17	0.12
NLSVM-10	76	197	3	124	18	0.11
LDA	165	149	51	35	409	0.175
SDA-0.5	139	171	29	61	1597	0.175
SDA-1.0	136	171	29	64	1630	0.1725
SDA-1.5	135	171	29	65	1621	0.185
SDA-2.0	135	171	29	65	1610	0.1825
SDA-2.5	135	171	29	65	1561	0.2275
SDA-3.0	134	171	29	66	1593	0.195
\TheName{}-0.5	187	151	49	13	1653	0.185
\TheName{}-1.0	158	176	24	42	1562	0.21
\TheName{}-1.5	149	175	25	51	1676	0.1775
\TheName{}-2.0	146	174	26	54	1732	0.175
\TheName{}-2.5	143	172	28	57	1606	0.19
\TheName{}-3.0	142	171	29	58	1733	0.1875
SVM	169	179	21	31	28	0.005
LR	0	200	0	200	2	0.0025
Ye-LDA	150	176	24	50	240	0.0075
DTree-10	31	189	11	169	4	0.0025
DTree-20	79	175	25	121	7	0.0075
RFC-50	130	166	34	70	133	0.015
RFC-100	135	173	27	65	262	0.055
NLSVM-0.1	199	28	172	1	22	0.1575
NLSVM-1.0	189	98	102	11	18	0.1225
NLSVM-10	156	176	24	44	19	0.1625
LDA	158	151	49	42	399	0.2075
SDA-0.5	140	182	18	60	1629	0.195
SDA-1.0	138	182	18	62	1664	0.1825
SDA-1.5	137	182	18	63	1551	0.175
SDA-2.0	137	182	18	63	1502	0.1825
SDA-2.5	137	182	18	63	1503	0.1825
SDA-3.0	137	182	18	63	1546	0.19
\TheName{}-0.5	168	117	83	32	1638	0.1775
\TheName{}-1.0	171	176	24	29	1680	0.18
\TheName{}-1.5	157	183	17	43	1656	0.19
\TheName{}-2.0	153	183	17	47	1620	0.185
\TheName{}-2.5	149	183	17	51	1594	0.195
\TheName{}-3.0	148	182	18	52	1649	0.175
SVM	180	165	35	20	19	0.005
LR	0	200	0	200	1	0.0025
Ye-LDA	144	169	31	56	218	0.0025
DTree-10	50	195	5	150	5	0.0025
DTree-20	76	180	20	124	7	0.005
RFC-50	119	177	23	81	119	0.02
RFC-100	123	174	26	77	72	0.035
NLSVM-0.1	200	38	162	0	21	0.1475
NLSVM-1.0	187	93	107	13	18	0.1125
NLSVM-10	197	102	98	3	18	0.1125
LDA	153	149	51	47	414	0.18
SDA-0.5	140	180	20	60	1735	0.1775
SDA-1.0	139	180	20	61	1625	0.1875
SDA-1.5	139	181	19	61	1622	0.1875
SDA-2.0	139	181	19	61	1605	0.18
SDA-2.5	137	181	19	63	1581	0.1925
SDA-3.0	137	181	19	63	1565	0.1825
\TheName{}-0.5	179	148	52	21	1696	0.18
\TheName{}-1.0	167	179	21	33	1632	0.1925
\TheName{}-1.5	156	181	19	44	1574	0.2
\TheName{}-2.0	149	181	19	51	1679	0.1825
\TheName{}-2.5	146	180	20	54	1644	0.1775
\TheName{}-3.0	144	179	21	56	1644	0.1775
SVM	170	165	35	30	16	0.005
LR	0	200	0	200	2	0.0025
Ye-LDA	154	179	21	46	231	0.005
DTree-10	38	192	8	162	5	0.005
DTree-20	77	180	20	123	6	0.005
RFC-50	97	186	14	103	122	0.0375
RFC-100	106	186	14	94	89	0.0275
NLSVM-0.1	199	28	172	1	23	0.1925
NLSVM-1.0	184	127	73	16	24	0.205
NLSVM-10	173	173	27	27	23	0.1175
LDA	161	141	59	39	418	0.1825
SDA-0.5	145	171	29	55	1526	0.175
SDA-1.0	145	170	30	55	1579	0.185
SDA-1.5	144	169	31	56	1623	0.195
SDA-2.0	144	168	32	56	1603	0.1825
SDA-2.5	144	168	32	56	1550	0.1825
SDA-3.0	144	168	32	56	1593	0.2075
\TheName{}-0.5	174	171	29	26	1700	0.185
\TheName{}-1.0	153	173	27	47	1623	0.175
\TheName{}-1.5	147	172	28	53	1631	0.1775
\TheName{}-2.0	147	172	28	53	1598	0.1825
\TheName{}-2.5	147	170	30	53	1982	0.1825
\TheName{}-3.0	147	170	30	53	1759	0.185
SVM	160	170	30	40	24	0.005
LR	0	200	0	200	1	0.0075
Ye-LDA	157	176	24	43	228	0.0075
DTree-10	78	178	22	122	5	0.005
DTree-20	95	182	18	105	6	0.005
RFC-50	103	177	23	97	32	0.01
RFC-100	100	174	26	100	223	0.0325
NLSVM-0.1	198	35	165	2	21	0.1375
NLSVM-1.0	188	83	117	12	17	0.105
NLSVM-10	195	100	100	5	16	0.0925
LDA	157	157	43	43	466	0.18
SDA-0.5	120	167	33	80	1647	0.1775
SDA-1.0	121	167	33	79	1735	0.2175
SDA-1.5	121	167	33	79	1776	0.1825
SDA-2.0	120	167	33	80	1702	0.18
SDA-2.5	120	166	34	80	1618	0.175
SDA-3.0	120	166	34	80	1503	0.2125
\TheName{}-0.5	177	143	57	23	1627	0.2375
\TheName{}-1.0	157	177	23	43	1640	0.18
\TheName{}-1.5	139	175	25	61	1661	0.2825
\TheName{}-2.0	129	173	27	71	1668	0.1825
\TheName{}-2.5	127	171	29	73	1715	0.18
\TheName{}-3.0	125	170	30	75	1664	0.19
SVM	179	168	32	21	32	0.01
LR	0	200	0	200	1	0.015
Ye-LDA	160	175	25	40	226	0.005
DTree-10	70	168	32	130	5	0.0025
DTree-20	118	156	44	82	8	0.005
RFC-50	119	168	32	81	114	0.0125
RFC-100	123	163	37	77	249	0.04
NLSVM-0.1	3	200	0	197	24	0.145
NLSVM-1.0	195	78	122	5	18	0.13
NLSVM-10	130	179	21	70	16	0.1275
LDA	153	160	40	47	421	0.19
SDA-0.5	134	184	16	66	1576	0.1875
SDA-1.0	134	184	16	66	1532	0.1875
SDA-1.5	133	183	17	67	1571	0.185
SDA-2.0	133	183	17	67	1620	0.18
SDA-2.5	133	183	17	67	1671	0.2075
SDA-3.0	133	183	17	67	1575	0.18
\TheName{}-0.5	162	189	11	38	1713	0.1925
\TheName{}-1.0	145	183	17	55	1643	0.1825
\TheName{}-1.5	145	184	16	55	1652	0.19
\TheName{}-2.0	138	184	16	62	1623	0.1725
\TheName{}-2.5	136	184	16	64	1739	0.23
\TheName{}-3.0	134	184	16	66	1667	0.1775
SVM	187	174	26	13	30	0.005
LR	0	200	0	200	1	0.005
Ye-LDA	146	181	19	54	224	0.005
DTree-10	49	193	7	151	4	0.005
DTree-20	86	181	19	114	7	0.0025
RFC-50	111	189	11	89	121	0.015
RFC-100	110	188	12	90	258	0.055
NLSVM-0.1	200	48	152	0	22	0.165
NLSVM-1.0	190	105	95	10	18	0.1225
NLSVM-10	183	161	39	17	17	0.1075
LDA	150	168	32	50	468	0.185
SDA-0.5	148	183	17	52	1541	0.1825
SDA-1.0	146	183	17	54	1636	0.1825
SDA-1.5	146	183	17	54	1676	0.185
SDA-2.0	146	183	17	54	1583	0.18
SDA-2.5	146	183	17	54	1604	0.1925
SDA-3.0	146	183	17	54	1559	0.185
\TheName{}-0.5	159	140	60	41	1634	0.19
\TheName{}-1.0	169	184	16	31	1647	0.175
\TheName{}-1.5	160	182	18	40	1589	0.18
\TheName{}-2.0	155	183	17	45	1676	0.1925
\TheName{}-2.5	156	183	17	44	1594	0.1825
\TheName{}-3.0	155	183	17	45	1637	0.1825
SVM	167	179	21	33	22	0.005
LR	0	200	0	200	1	0.0075
Ye-LDA	152	174	26	48	231	0.01
DTree-10	73	178	22	127	4	0.005
DTree-20	85	176	24	115	6	0.015
RFC-50	119	190	10	81	123	0.0125
RFC-100	107	185	15	93	269	0.04
NLSVM-0.1	3	199	1	197	22	0.15
NLSVM-1.0	194	89	111	6	18	0.1325
NLSVM-10	141	191	9	59	17	0.115
LDA	165	132	68	35	412	0.18
SDA-0.5	158	174	26	42	1662	0.1825
SDA-1.0	156	173	27	44	1674	0.18
SDA-1.5	156	172	28	44	1580	0.185
SDA-2.0	155	172	28	45	1581	0.26
SDA-2.5	155	172	28	45	1512	0.18
SDA-3.0	155	172	28	45	1571	0.2475
\TheName{}-0.5	190	159	41	10	1638	0.1875
\TheName{}-1.0	182	167	33	18	1644	0.185
\TheName{}-1.5	169	167	33	31	1716	0.2025
\TheName{}-2.0	162	169	31	38	1672	0.1775
\TheName{}-2.5	162	169	31	38	1770	0.2125
\TheName{}-3.0	161	169	31	39	1735	0.18
SVM	182	175	25	18	22	0.005
LR	0	200	0	200	1	0.0075
Ye-LDA	178	165	35	22	236	0.0075
DTree-10	52	183	17	148	5	0.005
DTree-20	82	181	19	118	7	0.005
RFC-50	123	179	21	77	124	0.025
RFC-100	130	180	20	70	264	0.055
NLSVM-0.1	2	200	0	198	22	0.1575
NLSVM-1.0	193	132	68	7	18	0.1225
NLSVM-10	196	135	65	4	16	0.1125
LDA	152	153	47	48	407	0.18
SDA-0.5	164	178	22	36	1697	0.2
SDA-1.0	164	177	23	36	1608	0.1725
SDA-1.5	163	177	23	37	1575	0.18
SDA-2.0	163	176	24	37	1569	0.1775
SDA-2.5	162	176	24	38	1818	0.25
SDA-3.0	162	176	24	38	1922	0.2525
\TheName{}-0.5	189	174	26	11	2051	0.19
\TheName{}-1.0	174	179	21	26	1954	0.2175
\TheName{}-1.5	170	181	19	30	1779	0.2425
\TheName{}-2.0	166	180	20	34	1937	0.185
\TheName{}-2.5	165	178	22	35	1686	0.1825
\TheName{}-3.0	165	178	22	35	1796	0.1825
SVM	179	173	27	21	31	0.0025
LR	0	200	0	200	3	0.0025
Ye-LDA	160	177	23	40	251	0.0075
DTree-10	99	172	28	101	4	0.005
DTree-20	98	177	23	102	7	0.0075
RFC-50	134	169	31	66	136	0.03
RFC-100	133	166	34	67	263	0.05
NLSVM-0.1	198	43	157	2	23	0.185
NLSVM-1.0	194	116	84	6	18	0.1325
NLSVM-10	197	67	133	3	18	0.11
LDA	160	163	37	40	429	0.2025
SDA-0.5	142	173	27	58	1730	0.1875
SDA-1.0	140	172	28	60	1601	0.1825
SDA-1.5	140	172	28	60	1857	0.2175
SDA-2.0	140	172	28	60	1932	0.2325
SDA-2.5	140	172	28	60	1828	0.1875
SDA-3.0	140	172	28	60	1617	0.1775
\TheName{}-0.5	183	153	47	17	1627	0.1825
\TheName{}-1.0	164	180	20	36	1689	0.1775
\TheName{}-1.5	155	176	24	45	1662	0.1775
\TheName{}-2.0	150	175	25	50	1654	0.1875
\TheName{}-2.5	148	173	27	52	1705	0.18
\TheName{}-3.0	146	173	27	54	1623	0.18
SVM	189	162	38	11	21	0.005
LR	0	200	0	200	2	0.0075
Ye-LDA	142	182	18	58	220	0.005
DTree-10	68	186	14	132	4	0.005
DTree-20	86	188	12	114	6	0.005
RFC-50	133	172	28	67	134	0.0275
RFC-100	138	173	27	62	259	0.0575
NLSVM-0.1	200	35	165	0	22	0.1925
NLSVM-1.0	196	75	125	4	22	0.145
NLSVM-10	135	190	10	65	19	0.125
LDA	142	152	48	58	432	0.23
SDA-0.5	159	175	25	41	1690	0.1825
SDA-1.0	160	175	25	40	1598	0.18
SDA-1.5	160	175	25	40	1629	0.175
SDA-2.0	160	175	25	40	1620	0.2075
SDA-2.5	160	175	25	40	1526	0.185
SDA-3.0	160	175	25	40	1609	0.1875
\TheName{}-0.5	178	157	43	22	1694	0.1775
\TheName{}-1.0	168	173	27	32	1615	0.185
\TheName{}-1.5	162	174	26	38	1694	0.1825
\TheName{}-2.0	162	176	24	38	1723	0.1925
\TheName{}-2.5	161	175	25	39	1632	0.1725
\TheName{}-3.0	161	175	25	39	1802	0.185
SVM	172	183	17	28	31	0.015
LR	0	200	0	200	1	0.0225
Ye-LDA	150	174	26	50	288	0.005
DTree-10	44	190	10	156	4	0.005
DTree-20	95	177	23	105	8	0.005
RFC-50	122	172	28	78	166	0.03
RFC-100	120	174	26	80	256	0.0525
NLSVM-0.1	199	34	166	1	25	0.165
NLSVM-1.0	173	128	72	27	19	0.1225
NLSVM-10	184	157	43	16	17	0.125
LDA	152	154	46	48	419	0.18
SDA-0.5	123	170	30	77	1529	0.2125
SDA-1.0	123	169	31	77	1616	0.175
SDA-1.5	122	168	32	78	1664	0.19
SDA-2.0	122	168	32	78	1651	0.185
SDA-2.5	122	168	32	78	1668	0.1975
SDA-3.0	122	168	32	78	1513	0.18
\TheName{}-0.5	167	187	13	33	1576	0.18
\TheName{}-1.0	141	174	26	59	1646	0.185
\TheName{}-1.5	134	172	28	66	1642	0.175
\TheName{}-2.0	134	171	29	66	1643	0.175
\TheName{}-2.5	128	171	29	72	1652	0.1775
\TheName{}-3.0	124	171	29	76	1687	0.185
SVM	174	173	27	26	19	0.0075
LR	0	200	0	200	2	0.0075
Ye-LDA	138	171	29	62	386	0.08
DTree-10	59	192	8	141	17	0.0175
DTree-20	85	179	21	115	39	0.0075
RFC-50	126	176	24	74	157	0.035
RFC-100	125	175	25	75	380	0.08
NLSVM-0.1	200	39	161	0	26	0.1725
NLSVM-1.0	181	104	96	19	21	0.135
NLSVM-10	104	186	14	96	19	0.2575
LDA	137	148	52	63	511	0.2275
SDA-0.5	146	169	31	54	1957	0.1875
SDA-1.0	146	167	33	54	1652	0.17
SDA-1.5	147	167	33	53	1633	0.1825
SDA-2.0	147	167	33	53	1590	0.17
SDA-2.5	147	167	33	53	1820	0.2375
SDA-3.0	147	167	33	53	2123	0.18
\TheName{}-0.5	157	182	18	43	1703	0.19
\TheName{}-1.0	152	173	27	48	1671	0.21
\TheName{}-1.5	149	172	28	51	1858	0.225
\TheName{}-2.0	149	169	31	51	1697	0.185
\TheName{}-2.5	149	169	31	51	1719	0.175
\TheName{}-3.0	148	169	31	52	1592	0.185
SVM	171	175	25	29	25	0.005
LR	0	200	0	200	1	0.005
Ye-LDA	156	176	24	44	227	0.005
DTree-10	75	190	10	125	4	0.0025
DTree-20	108	172	28	92	8	0.0025
RFC-50	123	170	30	77	36	0.015
RFC-100	128	169	31	72	265	0.0525
NLSVM-0.1	200	31	169	0	25	0.1775
NLSVM-1.0	177	89	111	23	20	0.1325
NLSVM-10	153	172	28	47	16	0.1125
LDA	136	145	55	64	401	0.175
SDA-0.5	159	175	25	41	1486	0.185
SDA-1.0	160	173	27	40	1565	0.18
SDA-1.5	158	173	27	42	1649	0.185
SDA-2.0	158	173	27	42	1596	0.1875
SDA-2.5	158	173	27	42	1642	0.185
SDA-3.0	158	173	27	42	1773	0.1775
\TheName{}-0.5	183	173	27	17	1693	0.185
\TheName{}-1.0	171	175	25	29	1708	0.1825
\TheName{}-1.5	166	175	25	34	1788	0.1875
\TheName{}-2.0	165	174	26	35	2076	0.2025
\TheName{}-2.5	163	174	26	37	2054	0.19
\TheName{}-3.0	162	172	28	38	1726	0.18
SVM	167	179	21	33	22	0.005
LR	0	200	0	200	1	0.005
Ye-LDA	165	173	27	35	243	0.005
DTree-10	184	106	94	16	4	0.0075
DTree-20	178	141	59	22	6	0.0125
RFC-50	121	180	20	79	121	0.025
RFC-100	126	181	19	74	267	0.0475
NLSVM-0.1	200	35	165	0	23	0.175
NLSVM-1.0	196	81	119	4	22	0.1375
NLSVM-10	193	134	66	7	23	0.105
LDA	152	140	60	48	493	0.21
SDA-0.5	156	161	39	44	1652	0.195
SDA-1.0	154	160	40	46	1691	0.18
SDA-1.5	154	160	40	46	2688	0.18
SDA-2.0	154	161	39	46	2260	0.195
SDA-2.5	154	161	39	46	1877	0.2
SDA-3.0	154	161	39	46	1629	0.1775
\TheName{}-0.5	185	150	50	15	1656	0.2225
\TheName{}-1.0	177	166	34	23	1926	0.2225
\TheName{}-1.5	165	161	39	35	1748	0.225
\TheName{}-2.0	160	160	40	40	1640	0.1775
\TheName{}-2.5	159	159	41	41	1609	0.1775
\TheName{}-3.0	158	159	41	42	1793	0.185
SVM	180	171	29	20	23	0.005
LR	200	0	200	0	1	0.005
Ye-LDA	184	148	52	16	234	0.0175
DTree-10	70	184	16	130	4	0.025
DTree-20	103	178	22	97	6	0.0125
RFC-50	130	164	36	70	191	0.03
RFC-100	136	163	37	64	281	0.0275
NLSVM-0.1	7	198	2	193	22	0.1775
NLSVM-1.0	195	82	118	5	18	0.1525
NLSVM-10	167	169	31	33	18	0.135
LDA	157	161	39	43	446	0.2
SDA-0.5	146	175	25	54	1587	0.18
SDA-1.0	145	174	26	55	1596	0.18
SDA-1.5	144	174	26	56	1512	0.1925
SDA-2.0	144	174	26	56	1691	0.2325
SDA-2.5	144	173	27	56	1748	0.1725
SDA-3.0	144	173	27	56	1648	0.1875
\TheName{}-0.5	185	155	45	15	1640	0.1725
\TheName{}-1.0	167	178	22	33	1668	0.175
\TheName{}-1.5	161	175	25	39	1596	0.1725
\TheName{}-2.0	156	175	25	44	1557	0.175
\TheName{}-2.5	152	174	26	48	1591	0.215
\TheName{}-3.0	150	174	26	50	1644	0.175
SVM	183	175	25	17	19	0.0025
LR	200	0	200	0	2	0.0025
Ye-LDA	175	161	39	25	229	0.005
DTree-10	67	188	12	133	4	0.005
DTree-20	96	185	15	104	6	0.005
RFC-50	124	183	17	76	114	0.0175
RFC-100	127	184	16	73	276	0.0675
NLSVM-0.1	200	37	163	0	26	0.1575
NLSVM-1.0	180	114	86	20	19	0.1075
NLSVM-10	132	194	6	68	28	0.1
LDA	160	158	42	40	394	0.1675
SDA-0.5	113	179	21	87	1489	0.1725
SDA-1.0	112	178	22	88	1510	0.1725
SDA-1.5	110	178	22	90	1475	0.17
SDA-2.0	108	178	22	92	1527	0.18
SDA-2.5	108	178	22	92	1766	0.195
SDA-3.0	108	178	22	92	1865	0.175
\TheName{}-0.5	171	114	86	29	1761	0.175
\TheName{}-1.0	151	179	21	49	1947	0.1925
\TheName{}-1.5	128	180	20	72	1707	0.2075
\TheName{}-2.0	123	179	21	77	1734	0.1875
\TheName{}-2.5	119	180	20	81	1851	0.185
\TheName{}-3.0	118	180	20	82	1655	0.1825
SVM	181	172	28	19	17	0.005
LR	0	200	0	200	1	0.01
Ye-LDA	152	179	21	48	223	0.005
DTree-10	42	178	22	158	7	0.0025
DTree-20	172	92	108	28	7	0.005
RFC-50	113	181	19	87	122	0.0225
RFC-100	114	182	18	86	265	0.0325
NLSVM-0.1	199	47	153	1	23	0.1375
NLSVM-1.0	190	125	75	10	17	0.105
NLSVM-10	99	191	9	101	15	0.095
LDA	166	146	54	34	421	0.2525
SDA-0.5	158	173	27	42	1536	0.18
SDA-1.0	156	173	27	44	1466	0.205
SDA-1.5	156	173	27	44	1610	0.18
SDA-2.0	156	173	27	44	1529	0.1725
SDA-2.5	156	173	27	44	1462	0.185
SDA-3.0	156	173	27	44	1555	0.18
\TheName{}-0.5	185	176	24	15	1838	0.175
\TheName{}-1.0	168	178	22	32	1982	0.2025
\TheName{}-1.5	161	176	24	39	1784	0.175
\TheName{}-2.0	161	177	23	39	1901	0.185
\TheName{}-2.5	161	175	25	39	1989	0.1825
\TheName{}-3.0	160	174	26	40	1942	0.1875
SVM	180	177	23	20	23	0.005
LR	0	200	0	200	2	0.005
Ye-LDA	171	179	21	29	294	0.005
DTree-10	68	174	26	132	5	0.0025
DTree-20	99	168	32	101	7	0.01
RFC-50	130	168	32	70	38	0.0075
RFC-100	126	172	28	74	260	0.0325
NLSVM-0.1	4	199	1	196	24	0.1425
NLSVM-1.0	192	94	106	8	20	0.13
NLSVM-10	158	179	21	42	16	0.1025
LDA	152	161	39	48	405	0.1925
SDA-0.5	122	172	28	78	1550	0.1875
SDA-1.0	121	171	29	79	1555	0.1775
SDA-1.5	120	171	29	80	1440	0.18
SDA-2.0	120	171	29	80	1535	0.1925
SDA-2.5	120	171	29	80	1548	0.1825
SDA-3.0	120	171	29	80	1435	0.185
\TheName{}-0.5	185	155	45	15	1598	0.18
\TheName{}-1.0	148	176	24	52	1726	0.1775
\TheName{}-1.5	131	173	27	69	1567	0.185
\TheName{}-2.0	128	171	29	72	1624	0.1825
\TheName{}-2.5	125	171	29	75	1644	0.1775
\TheName{}-3.0	124	171	29	76	1823	0.2375
SVM	169	175	25	31	78	0.005
LR	0	200	0	200	2	0.0025
Ye-LDA	161	163	37	39	227	0.005
DTree-10	55	185	15	145	4	0.005
DTree-20	84	181	19	116	7	0.005
RFC-50	114	176	24	86	135	0.0175
RFC-100	119	177	23	81	273	0.0575
NLSVM-0.1	199	23	177	1	24	0.15
NLSVM-1.0	184	99	101	16	18	0.12
NLSVM-10	107	181	19	93	18	0.11
LDA	136	168	32	64	581	0.4725
SDA-0.5	140	179	21	60	2045	0.2175
SDA-1.0	139	179	21	61	1751	0.18
SDA-1.5	138	177	23	62	1609	0.185
SDA-2.0	138	177	23	62	1468	0.175
SDA-2.5	138	177	23	62	1506	0.1825
SDA-3.0	138	177	23	62	1541	0.18
\TheName{}-0.5	180	148	52	20	1590	0.19
\TheName{}-1.0	163	181	19	37	1597	0.18
\TheName{}-1.5	154	182	18	46	1704	0.18
\TheName{}-2.0	151	178	22	49	1638	0.1775
\TheName{}-2.5	150	180	20	50	1607	0.175
\TheName{}-3.0	149	179	21	51	1663	0.18
SVM	161	177	23	39	27	0.005
LR	0	200	0	200	2	0.005
Ye-LDA	157	174	26	43	257	0.005
DTree-10	51	193	7	149	5	0.0025
DTree-20	95	181	19	105	9	0.0025
RFC-50	119	178	22	81	126	0.02
RFC-100	110	176	24	90	276	0.0375
NLSVM-0.1	200	26	174	0	23	0.1425
NLSVM-1.0	192	80	120	8	18	0.11
NLSVM-10	98	196	4	102	16	0.0925
LDA	142	144	56	58	462	0.1875
SDA-0.5	138	162	38	62	1526	0.1925
SDA-1.0	136	161	39	64	1598	0.1775
SDA-1.5	136	159	41	64	1531	0.185
SDA-2.0	133	159	41	67	1531	0.185
SDA-2.5	132	159	41	68	1548	0.18
SDA-3.0	132	159	41	68	1562	0.1725
\TheName{}-0.5	183	150	50	17	1590	0.1775
\TheName{}-1.0	165	171	29	35	1594	0.1725
\TheName{}-1.5	154	168	32	46	1631	0.18
\TheName{}-2.0	149	168	32	51	1629	0.17
\TheName{}-2.5	145	164	36	55	1602	0.1725
\TheName{}-3.0	143	162	38	57	1667	0.1775
SVM	186	166	34	14	16	0.005
LR	0	200	0	200	1	0.005
Ye-LDA	170	167	33	30	216	0.0025
DTree-10	59	192	8	141	5	0.0025
DTree-20	84	178	22	116	8	0.005
RFC-50	136	168	32	64	126	0.0175
RFC-100	128	169	31	72	248	0.0475
NLSVM-0.1	200	35	165	0	22	0.14
NLSVM-1.0	197	95	105	3	19	0.12
NLSVM-10	105	194	6	95	15	0.1
LDA	149	146	54	51	397	0.1775
SDA-0.5	142	174	26	58	1549	0.175
SDA-1.0	138	175	25	62	1563	0.175
SDA-1.5	136	175	25	64	1502	0.175
SDA-2.0	136	175	25	64	1527	0.175
SDA-2.5	136	175	25	64	1497	0.1775
SDA-3.0	136	175	25	64	1530	0.18
\TheName{}-0.5	175	171	29	25	1683	0.18
\TheName{}-1.0	156	175	25	44	1607	0.1825
\TheName{}-1.5	150	173	27	50	1617	0.19
\TheName{}-2.0	148	174	26	52	1659	0.19
\TheName{}-2.5	145	174	26	55	1649	0.1875
\TheName{}-3.0	145	174	26	55	1597	0.1775
SVM	175	172	28	25	17	0.005
LR	0	200	0	200	1	0.005
Ye-LDA	140	171	29	60	221	0.0075
DTree-10	180	106	94	20	4	0.005
DTree-20	90	173	27	110	6	0.005
RFC-50	111	177	23	89	120	0.0125
RFC-100	119	180	20	81	253	0.04
NLSVM-0.1	199	44	156	1	24	0.185
NLSVM-1.0	196	92	108	4	17	0.1125
NLSVM-10	113	190	10	87	16	0.1
LDA	153	152	48	47	500	0.205
SDA-0.5	150	174	26	50	1538	0.1775
SDA-1.0	144	175	25	56	1513	0.1825
SDA-1.5	144	173	27	56	1563	0.21
SDA-2.0	144	172	28	56	1553	0.18
SDA-2.5	144	172	28	56	1437	0.18
SDA-3.0	144	172	28	56	1462	0.18
\TheName{}-0.5	178	170	30	22	1545	0.1775
\TheName{}-1.0	161	173	27	39	1613	0.1775
\TheName{}-1.5	155	176	24	45	1518	0.1775
\TheName{}-2.0	151	174	26	49	1539	0.18
\TheName{}-2.5	148	174	26	52	1540	0.1725
\TheName{}-3.0	148	175	25	52	1585	0.175
SVM	180	168	32	20	23	0.005
LR	200	0	200	0	1	0.005
Ye-LDA	178	158	42	22	229	0.005
DTree-10	193	60	140	7	4	0.005
DTree-20	107	167	33	93	10	0.0025
RFC-50	124	183	17	76	141	0.0175
RFC-100	124	180	20	76	253	0.0525
NLSVM-0.1	199	34	166	1	23	0.1375
NLSVM-1.0	185	110	90	15	20	0.13
NLSVM-10	109	193	7	91	18	0.1
LDA	147	156	44	53	396	0.1775
SDA-0.5	145	164	36	55	1558	0.1775
SDA-1.0	141	164	36	59	1606	0.1925
SDA-1.5	141	164	36	59	1594	0.1875
SDA-2.0	140	164	36	60	1569	0.185
SDA-2.5	140	164	36	60	1575	0.1825
SDA-3.0	140	164	36	60	1614	0.18
\TheName{}-0.5	187	154	46	13	1655	0.1825
\TheName{}-1.0	159	170	30	41	1640	0.18
\TheName{}-1.5	152	167	33	48	1589	0.18
\TheName{}-2.0	149	166	34	51	1578	0.18
\TheName{}-2.5	146	166	34	54	1588	0.1775
\TheName{}-3.0	145	165	35	55	1569	0.175
SVM	178	157	43	22	22	0.005
LR	200	0	200	0	1	0.005
Ye-LDA	176	162	38	24	274	0.0075
DTree-10	48	185	15	152	5	0.0025
DTree-20	75	177	23	125	9	0.005
RFC-50	118	182	18	82	39	0.02
RFC-100	118	179	21	82	76	0.0325
NLSVM-0.1	200	38	162	0	22	0.195
NLSVM-1.0	197	83	117	3	19	0.155
NLSVM-10	156	171	29	44	18	0.0975
LDA	157	172	28	43	396	0.175
SDA-0.5	150	169	31	50	1576	0.175
SDA-1.0	150	168	32	50	1504	0.205
SDA-1.5	151	167	33	49	1521	0.175
SDA-2.0	149	167	33	51	1539	0.1775
SDA-2.5	149	167	33	51	1620	0.1925
SDA-3.0	148	167	33	52	1527	0.1775
\TheName{}-0.5	185	178	22	15	1616	0.1775
\TheName{}-1.0	159	176	24	41	1630	0.1775
\TheName{}-1.5	155	173	27	45	1552	0.1775
\TheName{}-2.0	153	172	28	47	1608	0.175
\TheName{}-2.5	152	172	28	48	1610	0.18
\TheName{}-3.0	150	170	30	50	1561	0.1925
SVM	176	177	23	24	23	0.005
LR	0	200	0	200	3	0.0025
Ye-LDA	164	177	23	36	276	0.005
DTree-10	70	174	26	130	7	0.0025
DTree-20	94	170	30	106	7	0.0025
RFC-50	130	179	21	70	127	0.025
RFC-100	128	170	30	72	72	0.065
NLSVM-0.1	93	194	6	107	30	0.41
NLSVM-1.0	185	90	110	15	21	0.1875
NLSVM-10	196	134	66	4	17	0.1075
LDA	152	149	51	48	476	0.205
SDA-0.5	136	175	25	64	1679	0.2025
SDA-1.0	136	175	25	64	1821	0.1775
SDA-1.5	137	175	25	63	1564	0.1875
SDA-2.0	137	175	25	63	1594	0.18
SDA-2.5	137	175	25	63	1520	0.185
SDA-3.0	137	175	25	63	1650	0.1925
\TheName{}-0.5	179	160	40	21	1770	0.2225
\TheName{}-1.0	153	176	24	47	1721	0.1975
\TheName{}-1.5	147	177	23	53	1712	0.175
\TheName{}-2.0	139	175	25	61	1641	0.1775
\TheName{}-2.5	139	175	25	61	1661	0.1825
\TheName{}-3.0	137	175	25	63	1555	0.17
SVM	171	164	36	29	25	0.005
LR	0	200	0	200	1	0.005
Ye-LDA	149	182	18	51	221	0.005
DTree-10	194	40	160	6	4	0.005
DTree-20	85	182	18	115	6	0.005
RFC-50	111	184	16	89	30	0.015
RFC-100	114	181	19	86	233	0.0275
NLSVM-0.1	199	33	167	1	22	0.1475
NLSVM-1.0	198	62	138	2	17	0.1125
NLSVM-10	114	183	17	86	16	0.1025
LDA	147	129	71	53	394	0.17
SDA-0.5	130	183	17	70	1473	0.175
SDA-1.0	131	182	18	69	1494	0.1825
SDA-1.5	130	182	18	70	1455	0.185
SDA-2.0	130	182	18	70	1416	0.1775
SDA-2.5	130	182	18	70	1501	0.18
SDA-3.0	130	182	18	70	1462	0.175
\TheName{}-0.5	167	141	59	33	1505	0.1725
\TheName{}-1.0	161	180	20	39	1571	0.17
\TheName{}-1.5	142	180	20	58	1624	0.18
\TheName{}-2.0	140	181	19	60	1558	0.1725
\TheName{}-2.5	136	180	20	64	1562	0.1775
\TheName{}-3.0	136	180	20	64	1559	0.1775
SVM	175	172	28	25	26	0.005
LR	0	200	0	200	1	0.005
Ye-LDA	155	170	30	45	232	0.005
DTree-10	47	186	14	153	5	0.0025
DTree-20	74	181	19	126	7	0.0025
RFC-50	105	185	15	95	35	0.02
RFC-100	101	189	11	99	251	0.045
NLSVM-0.1	2	200	0	198	22	0.1375
NLSVM-1.0	51	197	3	149	17	0.105
NLSVM-10	187	144	56	13	16	0.0875
LDA	145	147	53	55	388	0.1675
SDA-0.5	129	171	29	71	1511	0.1725
SDA-1.0	129	170	30	71	1548	0.17
SDA-1.5	128	170	30	72	1502	0.1725
SDA-2.0	128	170	30	72	1500	0.19
SDA-2.5	128	170	30	72	1577	0.1775
SDA-3.0	128	170	30	72	1462	0.1775
\TheName{}-0.5	176	168	32	24	1549	0.18
\TheName{}-1.0	148	176	24	52	1563	0.175
\TheName{}-1.5	139	173	27	61	1549	0.1725
\TheName{}-2.0	133	173	27	67	1556	0.1825
\TheName{}-2.5	133	173	27	67	1650	0.1775
\TheName{}-3.0	132	173	27	68	1625	0.17
SVM	177	172	28	23	19	0.005
LR	0	200	0	200	1	0.005
Ye-LDA	141	177	23	59	219	0.005
DTree-10	77	180	20	123	5	0.0025
DTree-20	87	176	24	113	8	0.0025
RFC-50	120	176	24	80	32	0.01
RFC-100	122	179	21	78	234	0.025
NLSVM-0.1	2	199	1	198	21	0.1325
NLSVM-1.0	195	77	123	5	17	0.1025
NLSVM-10	192	130	70	8	16	0.095
LDA	170	143	57	30	384	0.165
SDA-0.5	123	178	22	77	1569	0.1825
SDA-1.0	122	176	24	78	1531	0.18
SDA-1.5	122	175	25	78	1501	0.1975
SDA-2.0	123	175	25	77	1447	0.1775
SDA-2.5	123	175	25	77	1468	0.175
SDA-3.0	123	175	25	77	1437	0.175
\TheName{}-0.5	143	95	105	57	1526	0.175
\TheName{}-1.0	165	175	25	35	1543	0.18
\TheName{}-1.5	140	177	23	60	1590	0.175
\TheName{}-2.0	135	178	22	65	1551	0.1875
\TheName{}-2.5	133	176	24	67	1544	0.1775
\TheName{}-3.0	132	175	25	68	1578	0.1775
SVM	167	177	23	33	25	0.005
LR	0	200	0	200	1	0.0025
Ye-LDA	151	169	31	49	221	0.005
DTree-10	86	168	32	114	4	0.0025
DTree-20	92	165	35	108	7	0.0025
RFC-50	99	177	23	101	97	0.015
RFC-100	106	177	23	94	217	0.02
NLSVM-0.1	2	199	1	198	22	0.1525
NLSVM-1.0	180	95	105	20	18	0.1175
NLSVM-10	189	131	69	11	17	0.0975
LDA	167	164	36	33	388	0.17
SDA-0.5	137	167	33	63	1465	0.1725
SDA-1.0	134	166	34	66	1447	0.175
SDA-1.5	133	167	33	67	1445	0.18
SDA-2.0	132	167	33	68	1508	0.175
SDA-2.5	132	167	33	68	1560	0.1775
SDA-3.0	132	167	33	68	1487	0.175
\TheName{}-0.5	189	179	21	11	1556	0.18
\TheName{}-1.0	154	173	27	46	1560	0.175
\TheName{}-1.5	144	170	30	56	1490	0.195
\TheName{}-2.0	143	169	31	57	1524	0.1775
\TheName{}-2.5	142	169	31	58	1550	0.175
\TheName{}-3.0	139	168	32	61	1516	0.175
SVM	182	173	27	18	19	0.005
LR	0	200	0	200	1	0.005
Ye-LDA	154	173	27	46	217	0.0025
DTree-10	194	87	113	6	7	0.0025
DTree-20	80	177	23	120	8	0.0025
RFC-50	129	179	21	71	115	0.015
RFC-100	122	178	22	78	230	0.0875
NLSVM-0.1	200	25	175	0	33	0.1725
NLSVM-1.0	193	89	111	7	18	0.1175
NLSVM-10	147	178	22	53	17	0.105
LDA	156	150	50	44	393	0.18
SDA-0.5	142	174	26	58	1485	0.175
SDA-1.0	141	172	28	59	1448	0.17
SDA-1.5	140	172	28	60	1479	0.17
SDA-2.0	138	172	28	62	1516	0.175
SDA-2.5	138	172	28	62	1572	0.185
SDA-3.0	138	172	28	62	1595	0.1725
\TheName{}-0.5	169	129	71	31	1600	0.1875
\TheName{}-1.0	170	177	23	30	1535	0.1725
\TheName{}-1.5	156	176	24	44	1582	0.1775
\TheName{}-2.0	151	174	26	49	1550	0.1725
\TheName{}-2.5	148	173	27	52	1513	0.1775
\TheName{}-3.0	146	173	27	54	1551	0.17
SVM	185	170	30	15	22	0.005
LR	0	200	0	200	1	0.0025
Ye-LDA	161	172	28	39	248	0.005
DTree-10	103	166	34	97	5	0.0025
DTree-20	114	176	24	86	7	0.005
RFC-50	132	185	15	68	109	0.015
RFC-100	133	179	21	67	266	0.055
NLSVM-0.1	0	200	0	200	22	0.1425
NLSVM-1.0	196	83	117	4	16	0.1075
NLSVM-10	128	189	11	72	15	0.0925
LDA	143	157	43	57	396	0.17
SDA-0.5	155	179	21	45	1478	0.17
SDA-1.0	154	179	21	46	1393	0.1775
SDA-1.5	154	178	22	46	1441	0.175
SDA-2.0	154	178	22	46	1468	0.17
SDA-2.5	153	178	22	47	1447	0.17
SDA-3.0	153	178	22	47	1503	0.1725
\TheName{}-0.5	188	148	52	12	1598	0.2025
\TheName{}-1.0	179	174	26	21	1505	0.1725
\TheName{}-1.5	169	176	24	31	1519	0.185
\TheName{}-2.0	169	177	23	31	1525	0.1725
\TheName{}-2.5	163	178	22	37	1480	0.1775
\TheName{}-3.0	163	178	22	37	1502	0.175
SVM	182	171	29	18	33	0.005
LR	0	200	0	200	1	0.0025
Ye-LDA	168	175	25	32	231	0.005
DTree-10	196	40	160	4	5	0.0025
DTree-20	99	171	29	101	7	0.0025
RFC-50	129	179	21	71	110	0.025
RFC-100	129	184	16	71	227	0.0425
NLSVM-0.1	200	31	169	0	22	0.1325
NLSVM-1.0	197	85	115	3	17	0.1075
NLSVM-10	190	160	40	10	16	0.1
LDA	131	153	47	69	464	0.185
SDA-0.5	105	183	17	95	1451	0.1725
SDA-1.0	103	183	17	97	1455	0.175
SDA-1.5	102	182	18	98	1472	0.175
SDA-2.0	102	181	19	98	1485	0.1725
SDA-2.5	102	181	19	98	1524	0.175
SDA-3.0	101	181	19	99	1547	0.1725
\TheName{}-0.5	161	122	78	39	1582	0.175
\TheName{}-1.0	146	185	15	54	1533	0.175
\TheName{}-1.5	125	186	14	75	1584	0.1925
\TheName{}-2.0	116	183	17	84	1555	0.175
\TheName{}-2.5	111	183	17	89	1527	0.19
\TheName{}-3.0	110	183	17	90	1578	0.175
SVM	159	174	26	41	13	0.005
LR	0	200	0	200	2	0.0025
Ye-LDA	139	180	20	61	231	0.0025
DTree-10	61	185	15	139	5	0.0025
DTree-20	99	179	21	101	7	0.005
RFC-50	99	185	15	101	97	0.015
RFC-100	96	186	14	104	223	0.045
NLSVM-0.1	200	27	173	0	22	0.2025
NLSVM-1.0	194	97	103	6	19	0.1125
NLSVM-10	103	190	10	97	16	0.145
LDA	149	150	50	51	392	0.17
SDA-0.5	144	169	31	56	1435	0.1725
SDA-1.0	145	166	34	55	1493	0.175
SDA-1.5	144	166	34	56	1518	0.175
SDA-2.0	144	166	34	56	1490	0.1725
SDA-2.5	144	166	34	56	1506	0.19
SDA-3.0	144	166	34	56	1518	0.185
\TheName{}-0.5	185	121	79	15	1545	0.1775
\TheName{}-1.0	179	163	37	21	1548	0.175
\TheName{}-1.5	166	167	33	34	1564	0.1725
\TheName{}-2.0	156	167	33	44	1524	0.1725
\TheName{}-2.5	151	167	33	49	1542	0.24
\TheName{}-3.0	150	165	35	50	1512	0.1825
SVM	180	171	29	20	18	0.005
LR	0	200	0	200	2	0.005
Ye-LDA	170	162	38	30	221	0.0025
DTree-10	65	191	9	135	5	0.005
DTree-20	79	185	15	121	6	0.005
RFC-50	131	169	31	69	123	0.02
RFC-100	129	177	23	71	229	0.0325
NLSVM-0.1	138	160	40	62	21	0.1325
NLSVM-1.0	193	82	118	7	17	0.11
NLSVM-10	186	154	46	14	19	0.1075
LDA	148	163	37	52	384	0.1825
SDA-0.5	124	181	19	76	1423	0.1775
SDA-1.0	126	180	20	74	1444	0.175
SDA-1.5	127	180	20	73	1435	0.175
SDA-2.0	127	180	20	73	1419	0.165
SDA-2.5	127	180	20	73	1447	0.165
SDA-3.0	127	180	20	73	1497	0.17
\TheName{}-0.5	180	156	44	20	1468	0.1725
\TheName{}-1.0	160	184	16	40	1509	0.175
\TheName{}-1.5	147	183	17	53	1507	0.175
\TheName{}-2.0	141	182	18	59	1480	0.18
\TheName{}-2.5	137	181	19	63	1522	0.1775
\TheName{}-3.0	135	181	19	65	1613	0.1725
SVM	183	172	28	17	27	0.005
LR	0	200	0	200	1	0.005
Ye-LDA	145	182	18	55	220	0.005
DTree-10	56	183	17	144	4	0.005
DTree-20	94	174	26	106	7	0.0025
RFC-50	123	176	24	77	110	0.0175
RFC-100	125	174	26	75	249	0.025
NLSVM-0.1	1	198	2	199	21	0.1325
NLSVM-1.0	195	85	115	5	18	0.1025
NLSVM-10	186	171	29	14	16	0.09
LDA	155	159	41	45	401	0.1675
SDA-0.5	140	183	17	60	1481	0.175
SDA-1.0	136	183	17	64	1501	0.175
SDA-1.5	135	183	17	65	1475	0.1775
SDA-2.0	135	183	17	65	1467	0.165
SDA-2.5	135	183	17	65	1515	0.1625
SDA-3.0	135	183	17	65	1484	0.1725
\TheName{}-0.5	178	144	56	22	1531	0.175
\TheName{}-1.0	167	187	13	33	1563	0.1775
\TheName{}-1.5	153	183	17	47	1638	0.175
\TheName{}-2.0	150	183	17	50	1572	0.1775
\TheName{}-2.5	149	183	17	51	1562	0.1775
\TheName{}-3.0	148	183	17	52	1582	0.17
SVM	172	174	26	28	18	0.015
LR	0	200	0	200	1	0.005
Ye-LDA	149	181	19	51	230	0.005
DTree-10	52	175	25	148	6	0.005
DTree-20	81	170	30	119	10	0.0025
RFC-50	109	187	13	91	105	0.0175
RFC-100	103	183	17	97	224	0.0425
NLSVM-0.1	200	37	163	0	21	0.1375
NLSVM-1.0	189	99	101	11	17	0.1075
NLSVM-10	169	180	20	31	20	0.095
LDA	147	153	47	53	387	0.165
SDA-0.5	136	182	18	64	1513	0.17
SDA-1.0	137	182	18	63	1566	0.175
SDA-1.5	135	183	17	65	1525	0.1775
SDA-2.0	135	183	17	65	1576	0.2
SDA-2.5	135	183	17	65	1551	0.165
SDA-3.0	134	183	17	66	1500	0.175
\TheName{}-0.5	171	157	43	29	1653	0.2425
\TheName{}-1.0	155	186	14	45	1764	0.1925
\TheName{}-1.5	144	185	15	56	1646	0.1775
\TheName{}-2.0	141	186	14	59	1660	0.185
\TheName{}-2.5	136	185	15	64	1623	0.175
\TheName{}-3.0	137	184	16	63	1596	0.1975
SVM	170	169	31	30	19	0.005
LR	0	200	0	200	1	0.005
Ye-LDA	145	183	17	55	227	0.005
DTree-10	87	181	19	113	4	0.0075
DTree-20	70	187	13	130	7	0.005
RFC-50	111	181	19	89	108	0.02
RFC-100	114	176	24	86	265	0.055
NLSVM-0.1	200	38	162	0	23	0.155
NLSVM-1.0	189	80	120	11	20	0.115
NLSVM-10	175	172	28	25	17	0.11
LDA	165	147	53	35	407	0.1675
SDA-0.5	135	177	23	65	1558	0.1725
SDA-1.0	132	177	23	68	1547	0.17
SDA-1.5	132	177	23	68	1613	0.1775
SDA-2.0	132	177	23	68	1588	0.18
SDA-2.5	131	176	24	69	1524	0.175
SDA-3.0	131	176	24	69	1546	0.18
\TheName{}-0.5	189	131	69	11	1613	0.18
\TheName{}-1.0	164	170	30	36	1563	0.175
\TheName{}-1.5	150	171	29	50	1616	0.1925
\TheName{}-2.0	144	172	28	56	1627	0.1825
\TheName{}-2.5	141	175	25	59	1652	0.175
\TheName{}-3.0	140	175	25	60	1639	0.195
SVM	179	164	36	21	30	0.005
LR	0	200	0	200	1	0.005
Ye-LDA	169	154	46	31	240	0.005
DTree-10	55	189	11	145	5	0.0025
DTree-20	80	189	11	120	8	0.005
RFC-50	117	176	24	83	136	0.0175
RFC-100	119	185	15	81	246	0.05
NLSVM-0.1	5	197	3	195	22	0.14
NLSVM-1.0	194	78	122	6	19	0.1125
NLSVM-10	143	178	22	57	18	0.1025
LDA	142	163	37	58	408	0.185
SDA-0.5	163	180	20	37	1581	0.1725
SDA-1.0	160	181	19	40	1609	0.185
SDA-1.5	160	181	19	40	1559	0.1825
SDA-2.0	160	181	19	40	1529	0.165
SDA-2.5	160	181	19	40	1561	0.1825
SDA-3.0	160	181	19	40	1582	0.1825
\TheName{}-0.5	188	158	42	12	1586	0.1775
\TheName{}-1.0	178	173	27	22	1647	0.18
\TheName{}-1.5	172	177	23	28	1630	0.1775
\TheName{}-2.0	167	178	22	33	1556	0.1825
\TheName{}-2.5	164	178	22	36	1681	0.1775
\TheName{}-3.0	163	179	21	37	1716	0.18
SVM	188	174	26	12	19	0.005
LR	0	200	0	200	1	0.005
Ye-LDA	174	166	34	26	222	0.0075
DTree-10	179	75	125	21	5	0.0025
DTree-20	72	193	7	128	8	0.0025
RFC-50	123	184	16	77	120	0.0175
RFC-100	126	184	16	74	292	0.0525
NLSVM-0.1	5	199	1	195	23	0.145
NLSVM-1.0	196	79	121	4	17	0.1125
NLSVM-10	193	161	39	7	17	0.11
LDA	141	162	38	59	401	0.17
SDA-0.5	134	175	25	66	1598	0.18
SDA-1.0	133	174	26	67	1601	0.1825
SDA-1.5	131	172	28	69	1559	0.2275
SDA-2.0	131	172	28	69	1609	0.1725
SDA-2.5	131	172	28	69	1624	0.18
SDA-3.0	131	172	28	69	1563	0.185
\TheName{}-0.5	180	156	44	20	1625	0.18
\TheName{}-1.0	151	177	23	49	1608	0.175
\TheName{}-1.5	142	177	23	58	1546	0.195
\TheName{}-2.0	137	177	23	63	1608	0.165
\TheName{}-2.5	135	176	24	65	1624	0.1725
\TheName{}-3.0	135	175	25	65	1613	0.1825
SVM	180	171	29	20	19	0.0075
LR	0	200	0	200	1	0.0025
Ye-LDA	139	170	30	61	232	0.0075
DTree-10	77	186	14	123	4	0.005
DTree-20	107	167	33	93	7	0.005
RFC-50	123	169	31	77	116	0.04
RFC-100	116	171	29	84	220	0.045
NLSVM-0.1	4	200	0	196	23	0.155
NLSVM-1.0	195	116	84	5	18	0.1125
NLSVM-10	119	185	15	81	17	0.1025
LDA	151	156	44	49	420	0.1725
SDA-0.5	145	178	22	55	1536	0.1625
SDA-1.0	142	177	23	58	1511	0.175
SDA-1.5	142	177	23	58	1543	0.1725
SDA-2.0	142	177	23	58	1521	0.1675
SDA-2.5	141	177	23	59	1483	0.18
SDA-3.0	141	177	23	59	1556	0.1775
\TheName{}-0.5	183	162	38	17	1571	0.1875
\TheName{}-1.0	161	175	25	39	1546	0.1725
\TheName{}-1.5	155	176	24	45	1612	0.1875
\TheName{}-2.0	152	176	24	48	1569	0.185
\TheName{}-2.5	150	177	23	50	1571	0.1825
\TheName{}-3.0	148	178	22	52	1577	0.18
SVM	168	176	24	32	27	0.0025
LR	0	200	0	200	2	0.005
Ye-LDA	162	173	27	38	224	0.005
DTree-10	94	177	23	106	6	0.0025
DTree-20	97	167	33	103	7	0.005
RFC-50	119	175	25	81	115	0.015
RFC-100	119	176	24	81	271	0.0475
NLSVM-0.1	199	36	164	1	23	0.15
NLSVM-1.0	189	98	102	11	19	0.1175
NLSVM-10	145	188	12	55	19	0.1075
LDA	164	151	49	36	410	0.1825
SDA-0.5	141	160	40	59	1540	0.1775
SDA-1.0	140	160	40	60	1528	0.17
SDA-1.5	140	160	40	60	1535	0.18
SDA-2.0	138	160	40	62	1516	0.1775
SDA-2.5	138	160	40	62	1554	0.1775
SDA-3.0	137	160	40	63	1583	0.17
\TheName{}-0.5	182	163	37	18	1666	0.1775
\TheName{}-1.0	153	161	39	47	1619	0.1775
\TheName{}-1.5	148	162	38	52	1630	0.1775
\TheName{}-2.0	147	161	39	53	1574	0.18
\TheName{}-2.5	145	161	39	55	1649	0.165
\TheName{}-3.0	144	160	40	56	1577	0.17
SVM	174	167	33	26	21	0.0025
LR	200	0	200	0	2	0.0025
Ye-LDA	174	155	45	26	215	0.0025
DTree-10	31	184	16	169	5	0.0025
DTree-20	84	178	22	116	8	0.0025
RFC-50	119	172	28	81	133	0.02
RFC-100	112	169	31	88	287	0.0525
NLSVM-0.1	1	200	0	199	22	0.1425
NLSVM-1.0	179	93	107	21	19	0.1225
NLSVM-10	136	168	32	64	24	0.1075
LDA	157	160	40	43	404	0.1975
SDA-0.5	146	175	25	54	1494	0.165
SDA-1.0	145	175	25	55	1537	0.1825
SDA-1.5	144	175	25	56	1504	0.175
SDA-2.0	144	175	25	56	1567	0.165
SDA-2.5	143	175	25	57	1524	0.165
SDA-3.0	143	175	25	57	1565	0.1725
\TheName{}-0.5	185	149	51	15	1660	0.1825
\TheName{}-1.0	161	174	26	39	1649	0.1775
\TheName{}-1.5	152	176	24	48	1594	0.1675
\TheName{}-2.0	151	176	24	49	1598	0.19
\TheName{}-2.5	149	175	25	51	1602	0.1825
\TheName{}-3.0	148	174	26	52	1585	0.1775
SVM	181	173	27	19	18	0.005
LR	0	200	0	200	1	0.005
Ye-LDA	153	175	25	47	225	0.005
DTree-10	55	183	17	145	4	0.01
DTree-20	86	175	25	114	11	0.0125
RFC-50	106	178	22	94	116	0.0175
RFC-100	105	179	21	95	231	0.0475
NLSVM-0.1	4	200	0	196	22	0.14
NLSVM-1.0	190	83	117	10	18	0.11
NLSVM-10	191	135	65	9	17	0.0975
LDA	158	148	52	42	420	0.18
SDA-0.5	129	175	25	71	1558	0.1825
SDA-1.0	127	175	25	73	1523	0.175
SDA-1.5	126	175	25	74	1473	0.17
SDA-2.0	126	175	25	74	1520	0.1775
SDA-2.5	126	174	26	74	1557	0.18
SDA-3.0	126	174	26	74	1497	0.1675
\TheName{}-0.5	183	148	52	17	1697	0.175
\TheName{}-1.0	155	181	19	45	1699	0.1775
\TheName{}-1.5	143	178	22	57	1575	0.18
\TheName{}-2.0	136	176	24	64	1624	0.18
\TheName{}-2.5	133	177	23	67	1603	0.1675
\TheName{}-3.0	131	176	24	69	1558	0.18
SVM	180	168	32	20	22	0.005
LR	0	200	0	200	1	0.005
Ye-LDA	151	179	21	49	226	0.0025
DTree-10	193	45	155	7	5	0.0025
DTree-20	89	179	21	111	7	0.0025
RFC-50	111	176	24	89	115	0.0175
RFC-100	113	179	21	87	240	0.0425
NLSVM-0.1	2	198	2	198	23	0.1375
NLSVM-1.0	190	94	106	10	17	0.115
NLSVM-10	129	183	17	71	16	0.1025
LDA	139	155	45	61	411	0.1925
SDA-0.5	128	176	24	72	1534	0.1725
SDA-1.0	128	176	24	72	1550	0.175
SDA-1.5	128	176	24	72	1527	0.165
SDA-2.0	128	176	24	72	1596	0.165
SDA-2.5	128	175	25	72	1583	0.195
SDA-3.0	128	175	25	72	1582	0.1675
\TheName{}-0.5	172	160	40	28	1647	0.1775
\TheName{}-1.0	147	184	16	53	1578	0.1825
\TheName{}-1.5	139	180	20	61	1615	0.1775
\TheName{}-2.0	135	178	22	65	1591	0.1725
\TheName{}-2.5	130	178	22	70	1550	0.1725
\TheName{}-3.0	130	177	23	70	1572	0.18
SVM	168	175	25	32	14	0.0025
LR	0	200	0	200	2	0.0025
Ye-LDA	143	179	21	57	229	0.005
DTree-10	96	176	24	104	5	0.0025
DTree-20	111	170	30	89	7	0.005
RFC-50	139	167	33	61	133	0.03
RFC-100	138	168	32	62	248	0.0475
NLSVM-0.1	2	200	0	198	22	0.14
NLSVM-1.0	182	87	113	18	17	0.115
NLSVM-10	111	193	7	89	17	0.125
LDA	155	165	35	45	409	0.1925
SDA-0.5	140	177	23	60	1511	0.165
SDA-1.0	140	177	23	60	1520	0.175
SDA-1.5	140	177	23	60	1523	0.165
SDA-2.0	140	176	24	60	1523	0.1775
SDA-2.5	140	176	24	60	1608	0.1775
SDA-3.0	140	176	24	60	1634	0.1825
\TheName{}-0.5	182	175	25	18	1625	0.1775
\TheName{}-1.0	155	179	21	45	1650	0.1825
\TheName{}-1.5	150	179	21	50	1699	0.1775
\TheName{}-2.0	148	178	22	52	1550	0.1825
\TheName{}-2.5	145	177	23	55	1636	0.1775
\TheName{}-3.0	144	177	23	56	1610	0.18
SVM	179	178	22	21	27	0.0075
LR	0	200	0	200	1	0.0025
Ye-LDA	164	175	25	36	230	0.01
DTree-10	51	182	18	149	4	0.0025
DTree-20	82	173	27	118	7	0.0025
RFC-50	122	171	29	78	125	0.0125
RFC-100	116	173	27	84	257	0.055
NLSVM-0.1	199	32	168	1	23	0.145
NLSVM-1.0	181	103	97	19	19	0.1125
NLSVM-10	106	195	5	94	17	0.1
LDA	159	161	39	41	462	0.17
SDA-0.5	159	169	31	41	1479	0.175
SDA-1.0	158	168	32	42	1505	0.19
SDA-1.5	157	168	32	43	1455	0.17
SDA-2.0	154	167	33	46	1552	0.1875
SDA-2.5	154	167	33	46	1576	0.165
SDA-3.0	154	167	33	46	1571	0.1975
\TheName{}-0.5	179	156	44	21	1635	0.185
\TheName{}-1.0	175	165	35	25	1600	0.17
\TheName{}-1.5	169	164	36	31	1578	0.1775
\TheName{}-2.0	164	163	37	36	1579	0.18
\TheName{}-2.5	161	166	34	39	1581	0.1825
\TheName{}-3.0	160	166	34	40	1621	0.1675
SVM	175	174	26	25	22	0.005
LR	200	0	200	0	1	0.005
Ye-LDA	171	148	52	29	215	0.0075
DTree-10	55	182	18	145	3	0.005
DTree-20	98	174	26	102	7	0.005
RFC-50	124	167	33	76	41	0.01
RFC-100	127	164	36	73	234	0.0475
NLSVM-0.1	2	199	1	198	23	0.145
NLSVM-1.0	196	74	126	4	18	0.11
NLSVM-10	114	191	9	86	16	0.0975
LDA	154	169	31	46	409	0.165
SDA-0.5	155	173	27	45	1539	0.1775
SDA-1.0	154	173	27	46	1563	0.1675
SDA-1.5	154	172	28	46	1528	0.165
SDA-2.0	155	172	28	45	1582	0.175
SDA-2.5	155	172	28	45	1549	0.1675
SDA-3.0	155	172	28	45	1575	0.18
\TheName{}-0.5	188	180	20	12	1690	0.1775
\TheName{}-1.0	166	181	19	34	1673	0.165
\TheName{}-1.5	159	175	25	41	1692	0.165
\TheName{}-2.0	157	174	26	43	1645	0.175
\TheName{}-2.5	156	174	26	44	1616	0.185
\TheName{}-3.0	156	174	26	44	1582	0.1775
SVM	182	182	18	18	21	0.0075
LR	0	200	0	200	2	0.005
Ye-LDA	174	173	27	26	228	0.0075
DTree-10	83	181	19	117	4	0.005
DTree-20	68	188	12	132	6	0.0025
RFC-50	136	172	28	64	110	0.015
RFC-100	132	174	26	68	221	0.0475
NLSVM-0.1	4	200	0	196	22	0.1425
NLSVM-1.0	195	90	110	5	18	0.105
NLSVM-10	167	179	21	33	16	0.095
LDA	163	160	40	37	411	0.1825
SDA-0.5	133	180	20	67	1541	0.1675
SDA-1.0	134	178	22	66	1505	0.1725
SDA-1.5	132	177	23	68	1482	0.165
SDA-2.0	132	177	23	68	1505	0.1775
SDA-2.5	132	177	23	68	1484	0.17
SDA-3.0	132	177	23	68	1536	0.1825
\TheName{}-0.5	183	163	37	17	1576	0.1825
\TheName{}-1.0	153	180	20	47	1567	0.17
\TheName{}-1.5	141	180	20	59	1583	0.1775
\TheName{}-2.0	136	178	22	64	1617	0.18
\TheName{}-2.5	135	178	22	65	1575	0.1675
\TheName{}-3.0	135	178	22	65	1572	0.1825
SVM	175	170	30	25	21	0.005
LR	0	200	0	200	2	0.005
Ye-LDA	163	178	22	37	232	0.0075
DTree-10	49	190	10	151	4	0.005
DTree-20	94	169	31	106	6	0.005
RFC-50	113	181	19	87	107	0.0175
RFC-100	108	185	15	92	217	0.05
NLSVM-0.1	200	35	165	0	24	0.14
NLSVM-1.0	198	88	112	2	18	0.1025
NLSVM-10	149	179	21	51	17	0.09
LDA	174	154	46	26	394	0.1675
SDA-0.5	120	178	22	80	1456	0.1825
SDA-1.0	119	178	22	81	1507	0.17
SDA-1.5	118	178	22	82	1539	0.185
SDA-2.0	118	178	22	82	1493	0.1675
SDA-2.5	118	178	22	82	1502	0.175
SDA-3.0	118	178	22	82	1520	0.17
\TheName{}-0.5	182	146	54	18	1549	0.175
\TheName{}-1.0	156	182	18	44	1610	0.1825
\TheName{}-1.5	135	180	20	65	1565	0.165
\TheName{}-2.0	128	181	19	72	1630	0.175
\TheName{}-2.5	127	181	19	73	1601	0.1825
\TheName{}-3.0	124	181	19	76	1579	0.1675
SVM	184	168	32	16	22	0.005
LR	0	200	0	200	2	0.0025
Ye-LDA	149	180	20	51	224	0.005
DTree-10	85	174	26	115	6	0.0025
DTree-20	109	169	31	91	7	0.0075
RFC-50	116	175	25	84	106	0.02
RFC-100	116	173	27	84	56	0.045
NLSVM-0.1	200	36	164	0	23	0.1475
NLSVM-1.0	195	88	112	5	17	0.11
NLSVM-10	122	186	14	78	16	0.0925
LDA	154	145	55	46	409	0.17
SDA-0.5	137	177	23	63	1526	0.185
SDA-1.0	134	176	24	66	1518	0.17
SDA-1.5	134	176	24	66	1509	0.18
SDA-2.0	132	176	24	68	1523	0.18
SDA-2.5	132	176	24	68	1522	0.1675
SDA-3.0	132	176	24	68	1486	0.1775
\TheName{}-0.5	179	127	73	21	1550	0.165
\TheName{}-1.0	161	176	24	39	1709	0.1925
\TheName{}-1.5	152	181	19	48	1701	0.175
\TheName{}-2.0	145	180	20	55	1614	0.17
\TheName{}-2.5	142	179	21	58	1730	0.1675
\TheName{}-3.0	141	178	22	59	1615	0.2
SVM	175	165	35	25	38	0.0025
LR	0	200	0	200	3	0.005
Ye-LDA	156	173	27	44	222	0.005
DTree-10	57	169	31	143	5	0.0025
DTree-20	82	163	37	118	8	0.0025
RFC-50	117	162	38	83	130	0.0175
RFC-100	117	162	38	83	267	0.06
NLSVM-0.1	199	33	167	1	23	0.1475
NLSVM-1.0	187	84	116	13	19	0.1125
NLSVM-10	196	92	108	4	18	0.0975
