LDA	92	156	44	108	452	0.2375
SDA-0.5	132	175	25	68	1535	0.2
SDA-1.0	133	175	25	67	1311	0.1675
SDA-1.5	134	175	25	66	1230	0.1725
SDA-2.0	134	175	25	66	1278	0.175
SDA-2.5	134	175	25	66	1221	0.17
SDA-3.0	134	175	25	66	1193	0.32
\TheName{}-0.5	118	104	96	82	1569	0.2975
\TheName{}-1.0	125	176	24	75	1329	0.175
\TheName{}-1.5	127	176	24	73	1363	0.165
\TheName{}-2.0	127	178	22	73	1217	0.17
\TheName{}-2.5	128	177	23	72	1249	0.185
\TheName{}-3.0	128	177	23	72	1374	0.1825
SVM	110	161	39	90	67	0.105
LR	0	200	0	200	42	0.055
Ye-LDA	97	183	17	103	305	0.01
DTree-10	87	178	22	113	63	0.0125
DTree-20	96	171	29	104	9	0.005
RFC-50	59	190	10	141	53	0.0275
RFC-100	34	196	4	166	20	0.025
NLSVM-0.1	0	200	0	200	12	0.055
NLSVM-1.0	169	72	128	31	1	0.06
NLSVM-10	98	184	16	102	1	0.1425
LDA	117	152	48	83	289	0.175
SDA-0.5	78	179	21	122	1204	0.165
SDA-1.0	79	179	21	121	1212	0.175
SDA-1.5	79	179	21	121	1182	0.1675
SDA-2.0	79	179	21	121	1173	0.17
SDA-2.5	79	179	21	121	1203	0.175
SDA-3.0	79	179	21	121	1174	0.175
\TheName{}-0.5	84	178	22	116	1327	0.17
\TheName{}-1.0	95	180	20	105	1526	0.225
\TheName{}-1.5	95	185	15	105	1386	0.185
\TheName{}-2.0	93	185	15	107	1266	0.17
\TheName{}-2.5	89	177	23	111	1294	0.2075
\TheName{}-3.0	88	178	22	112	1494	0.1975
SVM	115	153	47	85	2	0.0025
LR	0	200	0	200	3	0.005
Ye-LDA	62	187	13	138	147	0.1225
DTree-10	70	162	38	130	29	0.245
DTree-20	70	162	38	130	16	0.005
RFC-50	21	199	1	179	10	0.0125
RFC-100	20	200	0	180	16	0.02
NLSVM-0.1	2	200	0	198	1	0.02
NLSVM-1.0	10	198	2	190	0	0.015
NLSVM-10	200	0	200	0	1	0.015
LDA	197	110	90	3	260	0.2575
SDA-0.5	181	129	71	19	1180	0.1675
SDA-1.0	182	129	71	18	1171	0.1675
SDA-1.5	182	129	71	18	1214	0.17
SDA-2.0	182	129	71	18	1224	0.175
SDA-2.5	182	129	71	18	1222	0.1775
SDA-3.0	182	129	71	18	1203	0.17
\TheName{}-0.5	99	134	66	101	1416	0.1675
\TheName{}-1.0	188	138	62	12	1287	0.1825
\TheName{}-1.5	193	135	65	7	1292	0.1675
\TheName{}-2.0	182	138	62	18	1208	0.1625
\TheName{}-2.5	182	136	64	18	1241	0.27
\TheName{}-3.0	182	135	65	18	1250	0.21
SVM	193	115	85	7	2	0.005
LR	0	200	0	200	2	0.0125
Ye-LDA	142	133	67	58	183	0.005
DTree-10	106	133	67	94	4	0.0175
DTree-20	106	133	67	94	10	0.005
RFC-50	64	180	20	136	9	0.01
RFC-100	65	179	21	135	29	0.025
NLSVM-0.1	200	8	192	0	1	0.02
NLSVM-1.0	200	21	179	0	1	0.015
NLSVM-10	200	0	200	0	0	0.0175
LDA	124	168	32	76	230	0.175
SDA-0.5	104	186	14	96	1250	0.165
SDA-1.0	101	185	15	99	1222	0.17
SDA-1.5	101	184	16	99	1183	0.1675
SDA-2.0	98	183	17	102	1196	0.17
SDA-2.5	98	183	17	102	1201	0.17
SDA-3.0	98	183	17	102	1209	0.1675
\TheName{}-0.5	134	38	162	66	1260	0.1725
\TheName{}-1.0	162	147	53	38	1263	0.1725
\TheName{}-1.5	133	182	18	67	1262	0.175
\TheName{}-2.0	123	186	14	77	1248	0.1725
\TheName{}-2.5	114	187	13	86	1234	0.1675
\TheName{}-3.0	110	187	13	90	1249	0.1675
SVM	127	164	36	73	1	0.005
LR	0	200	0	200	2	0.005
Ye-LDA	71	189	11	129	115	0.0025
DTree-10	108	160	40	92	7	0.0025
DTree-20	108	160	40	92	3	0.0025
RFC-50	59	192	8	141	8	0.01
RFC-100	48	196	4	152	12	0.0125
NLSVM-0.1	13	200	0	187	0	0.0175
NLSVM-1.0	0	200	0	200	0	0.0125
NLSVM-10	29	198	2	171	0	0.015
LDA	126	170	30	74	285	0.165
SDA-0.5	106	171	29	94	1146	0.17
SDA-1.0	106	171	29	94	1164	0.1725
SDA-1.5	106	170	30	94	1160	0.165
SDA-2.0	106	170	30	94	1168	0.165
SDA-2.5	107	170	30	93	1159	0.1675
SDA-3.0	107	170	30	93	1151	0.1675
\TheName{}-0.5	124	37	163	76	1243	0.165
\TheName{}-1.0	176	95	105	24	1226	0.1675
\TheName{}-1.5	142	165	35	58	1220	0.1675
\TheName{}-2.0	121	169	31	79	1214	0.1675
\TheName{}-2.5	113	171	29	87	1220	0.1625
\TheName{}-3.0	112	171	29	88	1225	0.1725
SVM	145	156	44	55	1	0.0025
LR	0	200	0	200	2	0.0025
Ye-LDA	91	172	28	109	94	0.0025
DTree-10	96	174	26	104	2	0.0025
DTree-20	96	174	26	104	2	0.0025
RFC-50	50	186	14	150	7	0.005
RFC-100	53	190	10	147	14	0.0075
NLSVM-0.1	0	200	0	200	0	0.02
NLSVM-1.0	163	75	125	37	0	0.0125
NLSVM-10	200	0	200	0	1	0.0125
LDA	102	161	39	98	234	0.17
SDA-0.5	113	177	23	87	1177	0.17
SDA-1.0	113	178	22	87	1147	0.17
SDA-1.5	108	178	22	92	1139	0.1725
SDA-2.0	108	178	22	92	1142	0.165
SDA-2.5	108	178	22	92	1156	0.165
SDA-3.0	108	178	22	92	1149	0.1675
\TheName{}-0.5	122	168	32	78	1200	0.165
\TheName{}-1.0	115	177	23	85	1207	0.1675
\TheName{}-1.5	109	177	23	91	1229	0.1675
\TheName{}-2.0	109	177	23	91	1201	0.165
\TheName{}-2.5	110	177	23	90	1201	0.165
\TheName{}-3.0	109	177	23	91	1200	0.1675
SVM	109	160	40	91	1	0.005
LR	0	200	0	200	1	0.005
Ye-LDA	88	171	29	112	88	0.005
DTree-10	91	162	38	109	4	0.0
DTree-20	91	162	38	109	2	0.0
RFC-50	49	183	17	151	9	0.005
RFC-100	58	185	15	142	12	0.01
NLSVM-0.1	0	200	0	200	1	0.0175
NLSVM-1.0	172	46	154	28	0	0.0125
NLSVM-10	200	0	200	0	0	0.0125
LDA	102	172	28	98	195	0.17
SDA-0.5	75	184	16	125	1142	0.165
SDA-1.0	74	183	17	126	1165	0.1675
SDA-1.5	74	183	17	126	1184	0.1625
SDA-2.0	74	183	17	126	1153	0.1675
SDA-2.5	72	184	16	128	1165	0.17
SDA-3.0	72	184	16	128	1230	0.1975
\TheName{}-0.5	152	26	174	48	1552	0.175
\TheName{}-1.0	157	149	51	43	1288	0.195
\TheName{}-1.5	89	183	17	111	1307	0.17
\TheName{}-2.0	87	185	15	113	1281	0.1775
\TheName{}-2.5	82	186	14	118	1242	0.1675
\TheName{}-3.0	82	186	14	118	1218	0.1675
SVM	114	170	30	86	1	0.005
LR	0	200	0	200	1	0.0025
Ye-LDA	57	175	25	143	97	0.0025
DTree-10	68	167	33	132	2	0.0025
DTree-20	68	167	33	132	2	0.0025
RFC-50	29	194	6	171	3	0.0075
RFC-100	39	189	11	161	9	0.01
NLSVM-0.1	0	200	0	200	1	0.02
NLSVM-1.0	165	82	118	35	0	0.015
NLSVM-10	200	23	177	0	0	0.015
LDA	124	151	49	76	219	0.1675
SDA-0.5	134	152	48	66	1147	0.1725
SDA-1.0	133	151	49	67	1149	0.2
SDA-1.5	133	150	50	67	1211	0.185
SDA-2.0	133	150	50	67	1235	0.1675
SDA-2.5	133	150	50	67	1144	0.165
SDA-3.0	133	150	50	67	1199	0.1675
\TheName{}-0.5	138	149	51	62	1289	0.1675
\TheName{}-1.0	135	150	50	65	1342	0.1675
\TheName{}-1.5	134	150	50	66	1375	0.1675
\TheName{}-2.0	134	150	50	66	1247	0.1675
\TheName{}-2.5	133	151	49	67	1345	0.1975
\TheName{}-3.0	133	151	49	67	1480	0.27
SVM	127	150	50	73	1	0.0125
LR	0	200	0	200	1	0.01
Ye-LDA	115	156	44	85	126	0.005
DTree-10	69	175	25	131	3	0.005
DTree-20	87	166	34	113	3	0.005
RFC-50	75	170	30	125	10	0.015
RFC-100	76	166	34	124	17	0.015
NLSVM-0.1	200	8	192	0	2	0.0275
NLSVM-1.0	157	63	137	43	1	0.0175
NLSVM-10	0	200	0	200	0	0.0125
LDA	183	78	122	17	218	0.165
SDA-0.5	144	160	40	56	1167	0.165
SDA-1.0	144	159	41	56	1177	0.1725
SDA-1.5	144	159	41	56	1165	0.17
SDA-2.0	144	158	42	56	1167	0.1675
SDA-2.5	144	158	42	56	1171	0.1675
SDA-3.0	144	158	42	56	1166	0.165
\TheName{}-0.5	183	100	100	17	1215	0.1675
\TheName{}-1.0	171	149	51	29	1222	0.1675
\TheName{}-1.5	160	156	44	40	1236	0.1625
\TheName{}-2.0	155	158	42	45	1226	0.165
\TheName{}-2.5	155	158	42	45	1221	0.17
\TheName{}-3.0	153	158	42	47	1215	0.17
SVM	185	100	100	15	0	0.005
LR	0	200	0	200	1	0.005
Ye-LDA	136	155	45	64	88	0.005
DTree-10	103	132	68	97	2	0.005
DTree-20	103	132	68	97	3	0.005
RFC-50	72	179	21	128	3	0.0075
RFC-100	80	175	25	120	15	0.01
NLSVM-0.1	200	2	198	0	0	0.015
NLSVM-1.0	26	179	21	174	0	0.0125
NLSVM-10	197	89	111	3	0	0.0125
LDA	143	142	58	57	221	0.1675
SDA-0.5	152	166	34	48	1149	0.1675
SDA-1.0	149	167	33	51	1155	0.17
SDA-1.5	148	166	34	52	1163	0.1675
SDA-2.0	148	166	34	52	1179	0.165
SDA-2.5	148	166	34	52	1160	0.17
SDA-3.0	148	166	34	52	1171	0.1725
\TheName{}-0.5	144	169	31	56	1223	0.1675
\TheName{}-1.0	151	165	35	49	1243	0.165
\TheName{}-1.5	152	166	34	48	1226	0.1675
\TheName{}-2.0	148	166	34	52	1251	0.17
\TheName{}-2.5	148	166	34	52	1232	0.1825
\TheName{}-3.0	148	167	33	52	1251	0.1675
SVM	147	151	49	53	1	0.005
LR	0	200	0	200	0	0.005
Ye-LDA	115	175	25	85	86	0.005
DTree-10	96	160	40	104	1	0.005
DTree-20	96	160	40	104	1	0.005
RFC-50	53	193	7	147	2	0.005
RFC-100	66	186	14	134	6	0.0075
NLSVM-0.1	199	7	193	1	1	0.015
NLSVM-1.0	7	197	3	193	0	0.0125
NLSVM-10	199	28	172	1	0	0.0125
LDA	91	161	39	109	222	0.1725
SDA-0.5	137	170	30	63	1179	0.1675
SDA-1.0	130	170	30	70	1183	0.1675
SDA-1.5	125	168	32	75	1187	0.1675
SDA-2.0	125	168	32	75	1182	0.1675
SDA-2.5	125	168	32	75	1177	0.165
SDA-3.0	125	168	32	75	1181	0.17
\TheName{}-0.5	19	183	17	181	1263	0.1675
\TheName{}-1.0	80	188	12	120	1301	0.1775
\TheName{}-1.5	109	187	13	91	1286	0.1675
\TheName{}-2.0	116	182	18	84	1371	0.165
\TheName{}-2.5	120	178	22	80	1272	0.2025
\TheName{}-3.0	121	178	22	79	1303	0.1625
SVM	101	153	47	99	1	0.005
LR	0	200	0	200	0	0.005
Ye-LDA	115	175	25	85	94	0.0025
DTree-10	98	160	40	102	3	0.0025
DTree-20	98	160	40	102	2	0.0025
RFC-50	65	191	9	135	7	0.005
RFC-100	53	192	8	147	6	0.01
NLSVM-0.1	0	200	0	200	0	0.0175
NLSVM-1.0	133	80	120	67	0	0.0125
NLSVM-10	39	198	2	161	1	0.01
LDA	115	121	79	85	174	0.165
SDA-0.5	123	149	51	77	1132	0.1725
SDA-1.0	122	150	50	78	1173	0.1725
SDA-1.5	122	150	50	78	1190	0.165
SDA-2.0	122	149	51	78	1153	0.165
SDA-2.5	122	149	51	78	1150	0.17
SDA-3.0	122	149	51	78	1326	0.2275
\TheName{}-0.5	177	95	105	23	1299	0.1775
\TheName{}-1.0	137	144	56	63	1275	0.165
\TheName{}-1.5	127	145	55	73	1292	0.1625
\TheName{}-2.0	125	147	53	75	1324	0.17
\TheName{}-2.5	126	147	53	74	1303	0.19
\TheName{}-3.0	123	148	52	77	1321	0.165
SVM	113	123	77	87	1	0.005
LR	0	200	0	200	0	0.005
Ye-LDA	120	153	47	80	89	0.005
DTree-10	81	148	52	119	4	0.0025
DTree-20	81	148	52	119	3	0.0025
RFC-50	75	175	25	125	3	0.005
RFC-100	61	184	16	139	5	0.01
NLSVM-0.1	1	200	0	199	0	0.015
NLSVM-1.0	182	61	139	18	0	0.0125
NLSVM-10	64	189	11	136	1	0.0125
LDA	159	122	78	41	184	0.17
SDA-0.5	112	172	28	88	1190	0.165
SDA-1.0	113	172	28	87	1197	0.185
SDA-1.5	113	172	28	87	1233	0.165
SDA-2.0	113	172	28	87	1206	0.17
SDA-2.5	113	172	28	87	1228	0.1675
SDA-3.0	113	172	28	87	1192	0.1725
\TheName{}-0.5	152	31	169	48	1236	0.1675
\TheName{}-1.0	173	93	107	27	1231	0.17
\TheName{}-1.5	169	114	86	31	1264	0.1625
\TheName{}-2.0	156	128	72	44	1226	0.165
\TheName{}-2.5	151	140	60	49	1217	0.1675
\TheName{}-3.0	147	152	48	53	1228	0.1675
SVM	156	125	75	44	1	0.0025
LR	200	0	200	0	1	0.0025
Ye-LDA	172	70	130	28	92	0.0025
DTree-10	80	169	31	120	2	0.005
DTree-20	80	169	31	120	2	0.0025
RFC-50	57	186	14	143	2	0.005
RFC-100	52	181	19	148	12	0.01
NLSVM-0.1	1	200	0	199	0	0.015
NLSVM-1.0	194	37	163	6	1	0.01
NLSVM-10	134	154	46	66	1	0.01
LDA	163	99	101	37	221	0.165
SDA-0.5	148	135	65	52	1173	0.17
SDA-1.0	146	138	62	54	1154	0.1675
SDA-1.5	140	141	59	60	1176	0.1725
SDA-2.0	130	142	58	70	1182	0.1725
SDA-2.5	130	142	58	70	1192	0.18
SDA-3.0	130	142	58	70	1150	0.1675
\TheName{}-0.5	123	136	64	77	1233	0.17
\TheName{}-1.0	142	135	65	58	1246	0.1675
\TheName{}-1.5	141	134	66	59	1210	0.165
\TheName{}-2.0	138	138	62	62	1260	0.1675
\TheName{}-2.5	138	139	61	62	1228	0.1675
\TheName{}-3.0	137	140	60	63	1233	0.1625
SVM	166	101	99	34	1	0.0025
LR	200	0	200	0	1	0.005
Ye-LDA	173	81	119	27	90	0.005
DTree-10	107	128	72	93	2	0.0025
DTree-20	110	127	73	90	3	0.0025
RFC-50	62	168	32	138	6	0.005
RFC-100	52	179	21	148	5	0.01
NLSVM-0.1	0	200	0	200	0	0.015
NLSVM-1.0	200	20	180	0	0	0.0125
NLSVM-10	28	193	7	172	0	0.0125
LDA	142	117	83	58	226	0.1675
SDA-0.5	93	180	20	107	1210	0.17
SDA-1.0	93	180	20	107	1221	0.165
SDA-1.5	93	179	21	107	1157	0.165
SDA-2.0	95	179	21	105	1176	0.1675
SDA-2.5	95	179	21	105	1172	0.165
SDA-3.0	96	179	21	104	1160	0.165
\TheName{}-0.5	135	62	138	65	1427	0.1675
\TheName{}-1.0	132	165	35	68	1287	0.165
\TheName{}-1.5	109	178	22	91	1235	0.17
\TheName{}-2.0	102	181	19	98	1253	0.1675
\TheName{}-2.5	100	181	19	100	1226	0.17
\TheName{}-3.0	99	181	19	101	1211	0.175
SVM	137	131	69	63	1	0.0025
LR	200	0	200	0	1	0.005
Ye-LDA	116	171	29	84	93	0.0025
DTree-10	87	170	30	113	2	0.0025
DTree-20	87	170	30	113	2	0.0025
RFC-50	39	187	13	161	3	0.0075
RFC-100	44	194	6	156	7	0.0125
NLSVM-0.1	120	104	96	80	0	0.015
NLSVM-1.0	41	151	49	159	1	0.0125
NLSVM-10	164	138	62	36	0	0.01
LDA	136	119	81	64	220	0.165
SDA-0.5	158	153	47	42	1170	0.1675
SDA-1.0	157	152	48	43	1216	0.17
SDA-1.5	155	152	48	45	1135	0.1675
SDA-2.0	153	152	48	47	1241	0.1775
SDA-2.5	153	152	48	47	1143	0.1675
SDA-3.0	153	152	48	47	1221	0.17
\TheName{}-0.5	152	120	80	48	1213	0.165
\TheName{}-1.0	166	126	74	34	1187	0.1725
\TheName{}-1.5	167	137	63	33	1218	0.165
\TheName{}-2.0	167	138	62	33	1256	0.1675
\TheName{}-2.5	165	137	63	35	1237	0.1675
\TheName{}-3.0	163	137	63	37	1278	0.17
SVM	139	125	75	61	1	0.005
LR	0	200	0	200	0	0.005
Ye-LDA	108	172	28	92	91	0.005
DTree-10	121	134	66	79	2	0.0025
DTree-20	121	134	66	79	2	0.0025
RFC-50	47	189	11	153	2	0.005
RFC-100	53	192	8	147	11	0.0075
NLSVM-0.1	200	0	200	0	0	0.015
NLSVM-1.0	60	138	62	140	0	0.0125
NLSVM-10	200	0	200	0	0	0.0125
LDA	109	159	41	91	225	0.17
SDA-0.5	98	176	24	102	1204	0.17
SDA-1.0	98	176	24	102	1198	0.17
SDA-1.5	98	176	24	102	1245	0.17
SDA-2.0	98	176	24	102	1293	0.165
SDA-2.5	98	176	24	102	1172	0.165
SDA-3.0	98	176	24	102	1163	0.17
\TheName{}-0.5	138	29	171	62	1220	0.165
\TheName{}-1.0	158	77	123	42	1243	0.1875
\TheName{}-1.5	160	126	74	40	1337	0.165
\TheName{}-2.0	144	156	44	56	1247	0.1675
\TheName{}-2.5	134	166	34	66	1273	0.1675
\TheName{}-3.0	129	174	26	71	1214	0.17
SVM	115	160	40	85	0	0.005
LR	0	200	0	200	1	0.0025
Ye-LDA	82	159	41	118	91	0.005
DTree-10	100	150	50	100	2	0.0025
DTree-20	107	140	60	93	2	0.005
RFC-50	31	191	9	169	6	0.005
RFC-100	34	193	7	166	11	0.0075
NLSVM-0.1	0	200	0	200	1	0.015
NLSVM-1.0	0	200	0	200	0	0.0125
NLSVM-10	13	199	1	187	0	0.0125
LDA	109	183	17	91	223	0.1725
SDA-0.5	140	185	15	60	1174	0.17
SDA-1.0	136	186	14	64	1181	0.17
SDA-1.5	135	186	14	65	1187	0.1725
SDA-2.0	135	185	15	65	1219	0.1875
SDA-2.5	135	184	16	65	1183	0.17
SDA-3.0	135	184	16	65	1210	0.1675
\TheName{}-0.5	89	186	14	111	1222	0.165
\TheName{}-1.0	122	187	13	78	1285	0.165
\TheName{}-1.5	126	186	14	74	1262	0.1675
\TheName{}-2.0	130	185	15	70	1271	0.1625
\TheName{}-2.5	131	185	15	69	1260	0.1625
\TheName{}-3.0	131	185	15	69	1257	0.1675
SVM	114	186	14	86	0	0.005
LR	0	200	0	200	1	0.0025
Ye-LDA	113	185	15	87	97	0.0025
DTree-10	73	161	39	127	2	0.0025
DTree-20	73	161	39	127	2	0.005
RFC-50	46	196	4	154	3	0.005
RFC-100	64	196	4	136	14	0.01
NLSVM-0.1	200	4	196	0	1	0.015
NLSVM-1.0	156	56	144	44	0	0.015
NLSVM-10	200	0	200	0	0	0.0125
LDA	107	156	44	93	180	0.1625
SDA-0.5	98	183	17	102	1155	0.1675
SDA-1.0	98	183	17	102	1230	0.1675
SDA-1.5	98	184	16	102	1232	0.1675
SDA-2.0	97	184	16	103	1165	0.17
SDA-2.5	95	184	16	105	1210	0.1675
SDA-3.0	94	184	16	106	1242	0.1675
\TheName{}-0.5	164	136	64	36	1204	0.17
\TheName{}-1.0	113	183	17	87	1255	0.17
\TheName{}-1.5	102	183	17	98	1238	0.1775
\TheName{}-2.0	99	182	18	101	1362	0.1675
\TheName{}-2.5	99	182	18	101	1348	0.165
\TheName{}-3.0	99	182	18	101	1204	0.17
SVM	115	158	42	85	1	0.0025
LR	0	200	0	200	1	0.0025
Ye-LDA	74	189	11	126	89	0.005
DTree-10	97	159	41	103	1	0.005
DTree-20	97	159	41	103	2	0.0025
RFC-50	51	194	6	149	6	0.005
RFC-100	61	188	12	139	13	0.01
NLSVM-0.1	200	5	195	0	0	0.015
NLSVM-1.0	164	55	145	36	1	0.0125
NLSVM-10	29	199	1	171	0	0.01
LDA	142	114	86	58	217	0.1675
SDA-0.5	178	121	79	22	1155	0.1675
SDA-1.0	178	119	81	22	1174	0.17
SDA-1.5	177	113	87	23	1146	0.1775
SDA-2.0	177	110	90	23	1146	0.1725
SDA-2.5	177	110	90	23	1160	0.1675
SDA-3.0	177	110	90	23	1164	0.1675
\TheName{}-0.5	111	115	85	89	1249	0.1775
\TheName{}-1.0	172	121	79	28	1204	0.1675
\TheName{}-1.5	171	124	76	29	1275	0.1675
\TheName{}-2.0	172	121	79	28	1227	0.1675
\TheName{}-2.5	173	122	78	27	1338	0.1725
\TheName{}-3.0	174	120	80	26	1235	0.1725
SVM	150	117	83	50	0	0.005
LR	200	0	200	0	1	0.0025
Ye-LDA	146	86	114	54	88	0.0025
DTree-10	76	166	34	124	2	0.005
DTree-20	76	166	34	124	1	0.005
RFC-50	10	197	3	190	5	0.005
RFC-100	24	195	5	176	5	0.0075
NLSVM-0.1	1	199	1	199	0	0.0175
NLSVM-1.0	59	155	45	141	0	0.0125
NLSVM-10	194	59	141	6	0	0.0125
LDA	131	130	70	69	219	0.1675
SDA-0.5	134	160	40	66	1207	0.1675
SDA-1.0	133	160	40	67	1182	0.165
SDA-1.5	132	160	40	68	1244	0.165
SDA-2.0	132	160	40	68	1164	0.17
SDA-2.5	132	160	40	68	1249	0.1675
SDA-3.0	132	160	40	68	1218	0.1675
\TheName{}-0.5	122	31	169	78	1269	0.1625
\TheName{}-1.0	173	75	125	27	1214	0.1675
\TheName{}-1.5	181	109	91	19	1203	0.1675
\TheName{}-2.0	174	120	80	26	1225	0.1675
\TheName{}-2.5	171	133	67	29	1236	0.1675
\TheName{}-3.0	167	143	57	33	1266	0.17
SVM	155	147	53	45	0	0.005
LR	0	200	0	200	1	0.0025
Ye-LDA	125	160	40	75	90	0.005
DTree-10	168	74	126	32	2	0.005
DTree-20	120	118	82	80	2	0.0025
RFC-50	70	183	17	130	3	0.005
RFC-100	80	184	16	120	11	0.0075
NLSVM-0.1	0	200	0	200	1	0.015
NLSVM-1.0	171	47	153	29	0	0.01
NLSVM-10	0	200	0	200	1	0.01
LDA	112	159	41	88	220	0.1625
SDA-0.5	135	159	41	65	1183	0.1675
SDA-1.0	134	158	42	66	1173	0.18
SDA-1.5	134	157	43	66	1203	0.17
SDA-2.0	135	155	45	65	1193	0.1675
SDA-2.5	135	155	45	65	1215	0.1725
SDA-3.0	135	155	45	65	1180	0.165
\TheName{}-0.5	146	149	51	54	1205	0.165
\TheName{}-1.0	136	162	38	64	1215	0.1675
\TheName{}-1.5	135	161	39	65	1227	0.1675
\TheName{}-2.0	134	160	40	66	1207	0.165
\TheName{}-2.5	134	160	40	66	1305	0.165
\TheName{}-3.0	132	160	40	68	1282	0.165
SVM	130	152	48	70	0	0.005
LR	0	200	0	200	1	0.005
Ye-LDA	124	160	40	76	95	0.0025
DTree-10	116	143	57	84	3	0.0025
DTree-20	116	143	57	84	2	0.0025
RFC-50	61	188	12	139	3	0.005
RFC-100	79	183	17	121	5	0.01
NLSVM-0.1	0	200	0	200	0	0.015
NLSVM-1.0	165	84	116	35	1	0.01
NLSVM-10	84	185	15	116	0	0.0125
LDA	146	154	46	54	220	0.1675
SDA-0.5	169	146	54	31	1227	0.1675
SDA-1.0	169	146	54	31	1176	0.165
SDA-1.5	169	146	54	31	1181	0.165
SDA-2.0	169	146	54	31	1202	0.17
SDA-2.5	169	146	54	31	1153	0.1675
SDA-3.0	169	145	55	31	1240	0.165
\TheName{}-0.5	171	146	54	29	1238	0.19
\TheName{}-1.0	166	147	53	34	1239	0.1675
\TheName{}-1.5	166	148	52	34	1242	0.1675
\TheName{}-2.0	166	148	52	34	1266	0.17
\TheName{}-2.5	168	148	52	32	1239	0.1725
\TheName{}-3.0	168	148	52	32	1267	0.1725
SVM	145	154	46	55	1	0.005
LR	0	200	0	200	0	0.0075
Ye-LDA	118	154	46	82	87	0.005
DTree-10	175	116	84	25	2	0.005
DTree-20	147	119	81	53	2	0.0025
RFC-50	72	190	10	128	3	0.005
RFC-100	61	191	9	139	13	0.01
NLSVM-0.1	1	200	0	199	0	0.015
NLSVM-1.0	37	165	35	163	0	0.0125
NLSVM-10	108	190	10	92	1	0.01
LDA	144	105	95	56	191	0.1675
SDA-0.5	144	149	51	56	1181	0.165
SDA-1.0	144	148	52	56	1211	0.1675
SDA-1.5	144	148	52	56	1203	0.165
SDA-2.0	144	148	52	56	1193	0.1675
SDA-2.5	144	148	52	56	1153	0.1675
SDA-3.0	144	148	52	56	1165	0.1675
\TheName{}-0.5	163	120	80	37	1254	0.235
\TheName{}-1.0	166	125	75	34	1347	0.17
\TheName{}-1.5	164	131	69	36	1282	0.1675
\TheName{}-2.0	163	140	60	37	1192	0.1675
\TheName{}-2.5	143	148	52	57	1184	0.165
\TheName{}-3.0	143	148	52	57	1215	0.1825
SVM	142	112	88	58	0	0.0075
LR	0	200	0	200	1	0.0025
Ye-LDA	120	153	47	80	94	0.0025
DTree-10	111	145	55	89	2	0.0025
DTree-20	111	145	55	89	2	0.0025
RFC-50	80	164	36	120	3	0.005
RFC-100	60	179	21	140	11	0.0075
NLSVM-0.1	0	200	0	200	1	0.02
NLSVM-1.0	46	149	51	154	0	0.0125
NLSVM-10	0	200	0	200	0	0.0125
LDA	161	110	90	39	234	0.19
SDA-0.5	168	88	112	32	1282	0.165
SDA-1.0	166	88	112	34	1247	0.17
SDA-1.5	162	88	112	38	1210	0.165
SDA-2.0	161	88	112	39	1238	0.17
SDA-2.5	160	88	112	40	1265	0.1825
SDA-3.0	160	88	112	40	1228	0.1825
\TheName{}-0.5	103	159	41	97	1338	0.175
\TheName{}-1.0	176	113	87	24	1376	0.17
\TheName{}-1.5	174	106	94	26	1335	0.17
\TheName{}-2.0	173	96	104	27	1281	0.1675
\TheName{}-2.5	171	95	105	29	1348	0.165
\TheName{}-3.0	169	94	106	31	1304	0.17
SVM	170	101	99	30	0	0.005
LR	0	200	0	200	1	0.0025
Ye-LDA	179	101	99	21	94	0.0025
DTree-10	74	179	21	126	2	0.0025
DTree-20	83	178	22	117	2	0.005
RFC-50	46	195	5	154	3	0.0075
RFC-100	36	198	2	164	6	0.01
NLSVM-0.1	200	1	199	0	0	0.0175
NLSVM-1.0	200	21	179	0	0	0.0125
NLSVM-10	171	64	136	29	0	0.0125
LDA	112	145	55	88	181	0.165
SDA-0.5	92	174	26	108	1147	0.165
SDA-1.0	91	173	27	109	1164	0.165
SDA-1.5	89	173	27	111	1222	0.1675
SDA-2.0	89	173	27	111	1198	0.165
SDA-2.5	89	173	27	111	1169	0.165
SDA-3.0	89	173	27	111	1159	0.175
\TheName{}-0.5	148	29	171	52	1268	0.1625
\TheName{}-1.0	172	51	149	28	1233	0.1625
\TheName{}-1.5	132	147	53	68	1240	0.165
\TheName{}-2.0	110	168	32	90	1227	0.165
\TheName{}-2.5	101	169	31	99	1242	0.1625
\TheName{}-3.0	96	170	30	104	1216	0.1675
SVM	115	140	60	85	0	0.005
LR	0	200	0	200	0	0.005
Ye-LDA	71	179	21	129	94	0.005
DTree-10	92	151	49	108	1	0.005
DTree-20	92	151	49	108	1	0.0025
RFC-50	48	186	14	152	4	0.005
RFC-100	49	187	13	151	5	0.01
NLSVM-0.1	200	5	195	0	0	0.015
NLSVM-1.0	183	37	163	17	1	0.01
NLSVM-10	0	200	0	200	1	0.01
LDA	152	143	57	48	181	0.1625
SDA-0.5	116	168	32	84	1187	0.17
SDA-1.0	116	168	32	84	1191	0.165
SDA-1.5	116	168	32	84	1207	0.17
SDA-2.0	116	168	32	84	1173	0.17
SDA-2.5	116	168	32	84	1185	0.1675
SDA-3.0	116	168	32	84	1177	0.165
\TheName{}-0.5	132	50	150	68	1253	0.1675
\TheName{}-1.0	162	120	80	38	1251	0.165
\TheName{}-1.5	133	152	48	67	1242	0.1675
\TheName{}-2.0	130	158	42	70	1396	0.17
\TheName{}-2.5	126	163	37	74	1243	0.17
\TheName{}-3.0	126	165	35	74	1290	0.1775
SVM	151	144	56	49	1	0.005
LR	0	200	0	200	0	0.005
Ye-LDA	111	163	37	89	90	0.0075
DTree-10	109	138	62	91	1	0.0025
DTree-20	109	138	62	91	2	0.005
RFC-50	65	187	13	135	8	0.0075
RFC-100	80	184	16	120	7	0.01
NLSVM-0.1	198	6	194	2	0	0.0175
NLSVM-1.0	164	85	115	36	0	0.0125
NLSVM-10	0	200	0	200	0	0.0125
LDA	127	135	65	73	186	0.1675
SDA-0.5	88	172	28	112	1151	0.1675
SDA-1.0	89	172	28	111	1151	0.1625
SDA-1.5	88	172	28	112	1139	0.1675
SDA-2.0	88	172	28	112	1264	0.1675
SDA-2.5	88	172	28	112	1195	0.17
SDA-3.0	88	172	28	112	1188	0.1725
\TheName{}-0.5	128	36	164	72	1232	0.1675
\TheName{}-1.0	125	152	48	75	1219	0.165
\TheName{}-1.5	95	175	25	105	1259	0.17
\TheName{}-2.0	92	174	26	108	1259	0.1675
\TheName{}-2.5	92	174	26	108	1232	0.18
\TheName{}-3.0	92	173	27	108	1240	0.1725
SVM	137	140	60	63	0	0.005
LR	0	200	0	200	1	0.005
Ye-LDA	78	172	28	122	92	0.005
DTree-10	125	113	87	75	1	0.005
DTree-20	125	113	87	75	1	0.0025
RFC-50	69	174	26	131	4	0.005
RFC-100	62	180	20	138	7	0.01
NLSVM-0.1	2	199	1	198	0	0.0175
NLSVM-1.0	192	32	168	8	0	0.0125
NLSVM-10	26	200	0	174	0	0.0125
LDA	176	84	116	24	226	0.165
SDA-0.5	99	175	25	101	1224	0.165
SDA-1.0	99	176	24	101	1191	0.1725
SDA-1.5	99	176	24	101	1319	0.1675
SDA-2.0	99	176	24	101	1193	0.1675
SDA-2.5	99	176	24	101	1205	0.1675
SDA-3.0	98	176	24	102	1192	0.17
\TheName{}-0.5	129	40	160	71	1255	0.165
\TheName{}-1.0	154	70	130	46	1242	0.1675
\TheName{}-1.5	181	138	62	19	1228	0.1675
\TheName{}-2.0	126	171	29	74	1238	0.1675
\TheName{}-2.5	113	177	23	87	1241	0.1675
\TheName{}-3.0	110	175	25	90	1247	0.17
SVM	178	91	109	22	0	0.005
LR	0	200	0	200	1	0.0025
Ye-LDA	74	180	20	126	98	0.0025
DTree-10	67	174	26	133	2	0.0025
DTree-20	67	174	26	133	1	0.005
RFC-50	33	194	6	167	4	0.005
RFC-100	46	192	8	154	7	0.01
NLSVM-0.1	200	5	195	0	1	0.0175
NLSVM-1.0	200	11	189	0	0	0.01
NLSVM-10	10	200	0	190	1	0.0125
LDA	155	137	63	45	219	0.17
SDA-0.5	163	168	32	37	1179	0.17
SDA-1.0	162	168	32	38	1185	0.1725
SDA-1.5	162	168	32	38	1241	0.17
SDA-2.0	162	168	32	38	1262	0.1775
SDA-2.5	162	168	32	38	1270	0.1625
SDA-3.0	162	168	32	38	1268	0.1625
\TheName{}-0.5	138	114	86	62	1299	0.1675
\TheName{}-1.0	173	148	52	27	1286	0.1675
\TheName{}-1.5	175	152	48	25	1262	0.1675
\TheName{}-2.0	173	159	41	27	1250	0.1675
\TheName{}-2.5	172	159	41	28	1287	0.17
\TheName{}-3.0	172	159	41	28	1273	0.1625
SVM	159	138	62	41	1	0.005
LR	0	200	0	200	1	0.005
Ye-LDA	117	166	34	83	91	0.005
DTree-10	82	158	42	118	2	0.0025
DTree-20	82	158	42	118	2	0.0025
RFC-50	32	195	5	168	4	0.005
RFC-100	36	197	3	164	12	0.0075
NLSVM-0.1	3	200	0	197	1	0.015
NLSVM-1.0	50	154	46	150	0	0.0125
NLSVM-10	0	200	0	200	0	0.0125
LDA	160	160	40	40	220	0.1675
SDA-0.5	110	174	26	90	1202	0.1625
SDA-1.0	108	175	25	92	1183	0.1675
SDA-1.5	108	175	25	92	1177	0.1625
SDA-2.0	108	175	25	92	1153	0.17
SDA-2.5	107	175	25	93	1232	0.1675
SDA-3.0	107	175	25	93	1197	0.1725
\TheName{}-0.5	136	69	131	64	1239	0.165
\TheName{}-1.0	144	180	20	56	1285	0.17
\TheName{}-1.5	125	179	21	75	1240	0.175
\TheName{}-2.0	117	179	21	83	1259	0.165
\TheName{}-2.5	114	177	23	86	1240	0.165
\TheName{}-3.0	111	175	25	89	1217	0.165
SVM	162	157	43	38	0	0.005
LR	0	200	0	200	0	0.005
Ye-LDA	102	177	23	98	92	0.0025
DTree-10	112	165	35	88	2	0.0025
DTree-20	112	165	35	88	1	0.005
RFC-50	63	191	9	137	7	0.005
RFC-100	61	193	7	139	15	0.0075
NLSVM-0.1	200	5	195	0	1	0.015
NLSVM-1.0	196	34	166	4	0	0.0125
NLSVM-10	106	178	22	94	0	0.01
LDA	127	168	32	73	219	0.1725
SDA-0.5	132	179	21	68	1174	0.17
SDA-1.0	129	179	21	71	1180	0.17
SDA-1.5	126	179	21	74	1180	0.165
SDA-2.0	126	179	21	74	1176	0.165
SDA-2.5	125	179	21	75	1284	0.1675
SDA-3.0	125	179	21	75	1187	0.17
\TheName{}-0.5	136	180	20	64	1204	0.1675
\TheName{}-1.0	133	183	17	67	1191	0.1625
\TheName{}-1.5	131	180	20	69	1231	0.1675
\TheName{}-2.0	130	180	20	70	1258	0.17
\TheName{}-2.5	130	180	20	70	1221	0.165
\TheName{}-3.0	130	180	20	70	1204	0.165
SVM	133	169	31	67	1	0.0025
LR	200	0	200	0	1	0.0075
Ye-LDA	146	157	43	54	85	0.0025
DTree-10	180	106	94	20	1	0.005
DTree-20	177	106	94	23	2	0.005
RFC-50	76	198	2	124	4	0.005
RFC-100	59	193	7	141	15	0.01
NLSVM-0.1	0	200	0	200	0	0.015
NLSVM-1.0	183	29	171	17	0	0.0125
NLSVM-10	19	200	0	181	0	0.0125
LDA	102	176	24	98	226	0.165
SDA-0.5	106	173	27	94	1214	0.1725
SDA-1.0	102	173	27	98	1222	0.1675
SDA-1.5	101	173	27	99	1227	0.1675
SDA-2.0	101	172	28	99	1231	0.1725
SDA-2.5	101	172	28	99	1221	0.1725
SDA-3.0	101	172	28	99	1195	0.17
\TheName{}-0.5	118	120	80	82	1258	0.1675
\TheName{}-1.0	110	177	23	90	1272	0.165
\TheName{}-1.5	108	176	24	92	1276	0.165
\TheName{}-2.0	107	176	24	93	1315	0.17
\TheName{}-2.5	105	175	25	95	1315	0.1675
\TheName{}-3.0	103	174	26	97	1283	0.1675
SVM	110	176	24	90	0	0.005
LR	0	200	0	200	0	0.005
Ye-LDA	97	171	29	103	92	0.01
DTree-10	59	161	39	141	1	0.005
DTree-20	59	161	39	141	1	0.0025
RFC-50	50	180	20	150	3	0.005
RFC-100	50	174	26	150	9	0.01
NLSVM-0.1	200	6	194	0	1	0.015
NLSVM-1.0	170	52	148	30	0	0.0125
NLSVM-10	0	200	0	200	1	0.01
LDA	145	131	69	55	232	0.175
SDA-0.5	86	188	12	114	1168	0.165
SDA-1.0	84	188	12	116	1211	0.1625
SDA-1.5	84	188	12	116	1194	0.17
SDA-2.0	83	188	12	117	1174	0.175
SDA-2.5	83	188	12	117	1179	0.175
SDA-3.0	83	188	12	117	1199	0.1675
\TheName{}-0.5	153	17	183	47	1222	0.17
\TheName{}-1.0	169	81	119	31	1254	0.165
\TheName{}-1.5	144	157	43	56	1263	0.17
\TheName{}-2.0	104	174	26	96	1255	0.165
\TheName{}-2.5	97	180	20	103	1239	0.1775
\TheName{}-3.0	94	182	18	106	1262	0.165
SVM	148	141	59	52	0	0.005
LR	0	200	0	200	0	0.005
Ye-LDA	66	187	13	134	95	0.005
DTree-10	76	168	32	124	2	0.0025
DTree-20	76	168	32	124	1	0.005
RFC-50	42	193	7	158	3	0.005
RFC-100	31	195	5	169	6	0.01
NLSVM-0.1	199	5	195	1	0	0.015
NLSVM-1.0	193	38	162	7	0	0.0125
NLSVM-10	198	49	151	2	0	0.0125
LDA	116	165	35	84	225	0.1675
SDA-0.5	130	154	46	70	1231	0.1675
SDA-1.0	127	154	46	73	1190	0.17
SDA-1.5	128	154	46	72	1182	0.175
SDA-2.0	128	152	48	72	1197	0.1725
SDA-2.5	128	152	48	72	1203	0.165
SDA-3.0	128	151	49	72	1212	0.17
\TheName{}-0.5	120	156	44	80	1292	0.1775
\TheName{}-1.0	127	155	45	73	1251	0.17
\TheName{}-1.5	130	155	45	70	1274	0.175
\TheName{}-2.0	130	155	45	70	1281	0.165
\TheName{}-2.5	128	155	45	72	1291	0.1675
\TheName{}-3.0	128	155	45	72	1287	0.1775
SVM	115	164	36	85	0	0.005
LR	200	0	200	0	1	0.005
Ye-LDA	166	112	88	34	90	0.005
DTree-10	121	135	65	79	2	0.0025
DTree-20	126	133	67	74	2	0.005
RFC-50	47	189	11	153	7	0.005
RFC-100	67	181	19	133	8	0.01
NLSVM-0.1	1	199	1	199	1	0.0175
NLSVM-1.0	159	73	127	41	0	0.0125
NLSVM-10	102	164	36	98	0	0.015
LDA	182	105	95	18	225	0.165
SDA-0.5	134	171	29	66	1164	0.17
SDA-1.0	132	172	28	68	1223	0.17
SDA-1.5	125	173	27	75	1202	0.1675
SDA-2.0	125	173	27	75	1222	0.1675
SDA-2.5	125	173	27	75	1265	0.1725
SDA-3.0	125	173	27	75	1163	0.1675
\TheName{}-0.5	169	101	99	31	1262	0.1625
\TheName{}-1.0	186	156	44	14	1378	0.17
\TheName{}-1.5	161	166	34	39	1303	0.175
\TheName{}-2.0	150	167	33	50	1276	0.165
\TheName{}-2.5	149	169	31	51	1264	0.165
\TheName{}-3.0	143	170	30	57	1266	0.1725
SVM	186	112	88	14	1	0.005
LR	0	200	0	200	0	0.005
Ye-LDA	94	182	18	106	92	0.005
DTree-10	82	176	24	118	1	0.005
DTree-20	82	176	24	118	1	0.005
RFC-50	47	191	9	153	4	0.005
RFC-100	138	166	34	62	24	0.01
NLSVM-0.1	200	12	188	0	0	0.0175
NLSVM-1.0	200	35	165	0	0	0.0125
NLSVM-10	83	192	8	117	0	0.01
LDA	74	183	17	126	233	0.17
SDA-0.5	45	188	12	155	1227	0.1675
SDA-1.0	46	187	13	154	1182	0.17
SDA-1.5	46	187	13	154	1220	0.18
SDA-2.0	46	187	13	154	1218	0.1675
SDA-2.5	46	187	13	154	1244	0.1675
SDA-3.0	46	187	13	154	1211	0.1675
\TheName{}-0.5	158	17	183	42	1327	0.165
\TheName{}-1.0	155	20	180	45	1286	0.1675
\TheName{}-1.5	156	125	75	44	1282	0.17
\TheName{}-2.0	63	189	11	137	1395	0.1775
\TheName{}-2.5	49	188	12	151	1255	0.1625
\TheName{}-3.0	44	186	14	156	1238	0.1675
SVM	94	180	20	106	0	0.005
LR	0	200	0	200	1	0.0025
Ye-LDA	44	185	15	156	100	0.005
DTree-10	70	175	25	130	1	0.0025
DTree-20	70	175	25	130	2	0.0025
RFC-50	45	180	20	155	7	0.005
RFC-100	48	180	20	152	6	0.0075
NLSVM-0.1	200	4	196	0	0	0.0175
NLSVM-1.0	125	115	85	75	0	0.01
NLSVM-10	5	200	0	195	1	0.0125
LDA	152	148	52	48	216	0.1725
SDA-0.5	118	152	48	82	1127	0.1675
SDA-1.0	119	152	48	81	1143	0.1725
SDA-1.5	120	151	49	80	1136	0.1675
SDA-2.0	122	149	51	78	1135	0.1675
SDA-2.5	122	149	51	78	1155	0.17
SDA-3.0	122	149	51	78	1175	0.175
\TheName{}-0.5	145	97	103	55	1186	0.1675
\TheName{}-1.0	140	146	54	60	1202	0.1725
\TheName{}-1.5	126	151	49	74	1198	0.175
\TheName{}-2.0	124	149	51	76	1217	0.1675
\TheName{}-2.5	126	151	49	74	1196	0.18
\TheName{}-3.0	125	148	52	75	1191	0.1675
SVM	152	134	66	48	1	0.005
LR	0	200	0	200	0	0.005
Ye-LDA	119	151	49	81	93	0.005
DTree-10	109	136	64	91	1	0.0025
DTree-20	109	136	64	91	1	0.0025
RFC-50	68	188	12	132	4	0.0075
RFC-100	62	192	8	138	14	0.0075
NLSVM-0.1	200	4	196	0	0	0.0175
NLSVM-1.0	197	12	188	3	1	0.0125
NLSVM-10	1	200	0	199	0	0.01
LDA	123	134	66	77	184	0.1675
SDA-0.5	100	185	15	100	1152	0.1725
SDA-1.0	101	182	18	99	1174	0.17
SDA-1.5	101	182	18	99	1224	0.1675
SDA-2.0	102	182	18	98	1248	0.165
SDA-2.5	102	182	18	98	1142	0.17
SDA-3.0	102	181	19	98	1204	0.17
\TheName{}-0.5	144	141	59	56	1199	0.1675
\TheName{}-1.0	108	185	15	92	1310	0.165
\TheName{}-1.5	104	184	16	96	1273	0.1675
\TheName{}-2.0	102	182	18	98	1231	0.1675
\TheName{}-2.5	101	182	18	99	1184	0.17
\TheName{}-3.0	101	182	18	99	1252	0.1775
SVM	91	171	29	109	1	0.005
LR	200	0	200	0	0	0.005
Ye-LDA	130	150	50	70	86	0.005
DTree-10	83	151	49	117	1	0.0025
DTree-20	83	151	49	117	1	0.005
RFC-50	35	195	5	165	4	0.005
RFC-100	35	196	4	165	13	0.0075
NLSVM-0.1	200	3	197	0	1	0.0175
NLSVM-1.0	192	24	176	8	0	0.0125
NLSVM-10	56	193	7	144	0	0.0125
LDA	185	97	103	15	187	0.1675
SDA-0.5	145	152	48	55	1182	0.165
SDA-1.0	144	152	48	56	1172	0.17
SDA-1.5	143	151	49	57	1179	0.1675
SDA-2.0	143	151	49	57	1208	0.17
SDA-2.5	143	151	49	57	1233	0.17
SDA-3.0	143	151	49	57	1210	0.1675
\TheName{}-0.5	177	116	84	23	1226	0.165
\TheName{}-1.0	173	140	60	27	1215	0.1675
\TheName{}-1.5	145	151	49	55	1226	0.1625
\TheName{}-2.0	144	153	47	56	1213	0.1675
\TheName{}-2.5	142	153	47	58	1241	0.17
\TheName{}-3.0	142	153	47	58	1225	0.165
SVM	186	99	101	14	0	0.005
LR	200	0	200	0	0	0.005
Ye-LDA	162	121	79	38	89	0.005
DTree-10	72	166	34	128	1	0.005
DTree-20	72	166	34	128	1	0.0025
RFC-50	60	187	13	140	5	0.005
RFC-100	68	185	15	132	9	0.01
NLSVM-0.1	200	25	175	0	1	0.015
NLSVM-1.0	18	177	23	182	0	0.0125
NLSVM-10	101	175	25	99	0	0.0125
LDA	155	142	58	45	222	0.165
SDA-0.5	192	130	70	8	1166	0.1625
SDA-1.0	192	130	70	8	1139	0.165
SDA-1.5	192	130	70	8	1169	0.1675
SDA-2.0	192	128	72	8	1167	0.1675
SDA-2.5	192	128	72	8	1167	0.17
SDA-3.0	192	128	72	8	1196	0.17
\TheName{}-0.5	185	126	74	15	1268	0.17
\TheName{}-1.0	190	124	76	10	1243	0.1675
\TheName{}-1.5	191	123	77	9	1248	0.1725
\TheName{}-2.0	191	126	74	9	1213	0.1675
\TheName{}-2.5	192	126	74	8	1249	0.17
\TheName{}-3.0	192	126	74	8	1250	0.18
SVM	160	146	54	40	0	0.005
LR	0	200	0	200	1	0.0025
Ye-LDA	176	140	60	24	90	0.0025
DTree-10	176	121	79	24	1	0.005
DTree-20	176	121	79	24	1	0.0025
RFC-50	103	168	32	97	9	0.005
RFC-100	108	174	26	92	20	0.01
NLSVM-0.1	200	10	190	0	0	0.0175
NLSVM-1.0	169	66	134	31	0	0.0125
NLSVM-10	126	181	19	74	0	0.0125
LDA	126	148	52	74	227	0.1675
SDA-0.5	99	189	11	101	1212	0.1675
SDA-1.0	98	189	11	102	1219	0.165
SDA-1.5	98	189	11	102	1197	0.1625
SDA-2.0	98	189	11	102	1195	0.1675
SDA-2.5	99	189	11	101	1297	0.165
SDA-3.0	99	189	11	101	1207	0.17
\TheName{}-0.5	126	22	178	74	1264	0.1675
\TheName{}-1.0	146	142	58	54	1277	0.17
\TheName{}-1.5	127	182	18	73	1274	0.1725
\TheName{}-2.0	112	188	12	88	1258	0.1675
\TheName{}-2.5	111	188	12	89	1308	0.175
\TheName{}-3.0	108	188	12	92	1245	0.17
SVM	125	161	39	75	0	0.005
LR	0	200	0	200	1	0.005
Ye-LDA	105	188	12	95	96	0.0025
DTree-10	78	167	33	122	2	0.0025
DTree-20	78	167	33	122	1	0.005
RFC-50	58	188	12	142	4	0.005
RFC-100	53	191	9	147	16	0.01
NLSVM-0.1	200	12	188	0	0	0.0175
NLSVM-1.0	29	178	22	171	0	0.0125
NLSVM-10	0	200	0	200	0	0.0125
LDA	143	127	73	57	182	0.17
SDA-0.5	134	145	55	66	1253	0.1675
SDA-1.0	130	148	52	70	1208	0.1675
SDA-1.5	131	148	52	69	1163	0.1725
SDA-2.0	131	148	52	69	1235	0.165
SDA-2.5	131	148	52	69	1203	0.165
SDA-3.0	131	148	52	69	1217	0.17
\TheName{}-0.5	150	121	79	50	1233	0.1675
\TheName{}-1.0	161	133	67	39	1277	0.1725
\TheName{}-1.5	128	134	66	72	1252	0.1825
\TheName{}-2.0	128	136	64	72	1304	0.1675
\TheName{}-2.5	128	146	54	72	1242	0.17
\TheName{}-3.0	128	148	52	72	1257	0.165
SVM	150	128	72	50	1	0.0025
LR	0	200	0	200	1	0.0025
Ye-LDA	105	163	37	95	89	0.0025
DTree-10	104	120	80	96	2	0.0025
DTree-20	104	120	80	96	2	0.0025
RFC-50	68	189	11	132	4	0.005
RFC-100	76	182	18	124	9	0.01
NLSVM-0.1	200	11	189	0	0	0.015
NLSVM-1.0	45	154	46	155	0	0.015
NLSVM-10	130	151	49	70	0	0.015
LDA	141	129	71	59	218	0.175
SDA-0.5	138	154	46	62	1241	0.165
SDA-1.0	135	153	47	65	1140	0.175
SDA-1.5	135	153	47	65	1156	0.165
SDA-2.0	135	153	47	65	1169	0.1675
SDA-2.5	135	153	47	65	1212	0.1675
SDA-3.0	135	153	47	65	1203	0.1675
\TheName{}-0.5	99	94	106	101	1243	0.1725
\TheName{}-1.0	150	157	43	50	1226	0.1725
\TheName{}-1.5	140	154	46	60	1264	0.1625
\TheName{}-2.0	140	152	48	60	1268	0.1675
\TheName{}-2.5	135	152	48	65	1243	0.17
\TheName{}-3.0	136	152	48	64	1199	0.1675
SVM	139	148	52	61	0	0.005
LR	0	200	0	200	0	0.005
Ye-LDA	153	148	52	47	89	0.005
DTree-10	101	144	56	99	1	0.005
DTree-20	101	144	56	99	1	0.005
RFC-50	63	184	16	137	4	0.005
RFC-100	67	177	23	133	12	0.01
NLSVM-0.1	0	200	0	200	0	0.015
NLSVM-1.0	166	68	132	34	0	0.015
NLSVM-10	200	0	200	0	0	0.0125
LDA	159	118	82	41	232	0.165
SDA-0.5	133	166	34	67	1199	0.17
SDA-1.0	132	166	34	68	1179	0.1675
SDA-1.5	132	166	34	68	1170	0.1675
SDA-2.0	132	166	34	68	1192	0.1825
SDA-2.5	129	167	33	71	1294	0.18
SDA-3.0	126	167	33	74	1211	0.18
\TheName{}-0.5	149	121	79	51	1303	0.17
\TheName{}-1.0	151	160	40	49	1400	0.1675
\TheName{}-1.5	136	162	38	64	1248	0.17
\TheName{}-2.0	135	165	35	65	1228	0.17
\TheName{}-2.5	135	165	35	65	1234	0.1675
\TheName{}-3.0	132	164	36	68	1288	0.1675
SVM	157	118	82	43	1	0.005
LR	0	200	0	200	0	0.005
Ye-LDA	122	154	46	78	93	0.005
DTree-10	85	160	40	115	1	0.005
DTree-20	85	160	40	115	1	0.005
RFC-50	81	181	19	119	4	0.005
RFC-100	58	187	13	142	17	0.01
NLSVM-0.1	200	12	188	0	0	0.015
NLSVM-1.0	34	176	24	166	0	0.015
NLSVM-10	95	181	19	105	0	0.0125
LDA	134	153	47	66	222	0.165
SDA-0.5	128	162	38	72	1179	0.1675
SDA-1.0	126	162	38	74	1221	0.1775
SDA-1.5	123	162	38	77	1285	0.1725
SDA-2.0	123	162	38	77	1332	0.165
SDA-2.5	123	162	38	77	1183	0.17
SDA-3.0	123	162	38	77	1201	0.1875
\TheName{}-0.5	137	49	151	63	1265	0.1675
\TheName{}-1.0	163	137	63	37	1268	0.17
\TheName{}-1.5	146	152	48	54	1264	0.1675
\TheName{}-2.0	141	157	43	59	1242	0.165
\TheName{}-2.5	136	158	42	64	1246	0.1775
\TheName{}-3.0	133	158	42	67	1280	0.185
SVM	134	153	47	66	1	0.005
LR	200	0	200	0	0	0.0025
Ye-LDA	146	125	75	54	92	0.005
DTree-10	113	142	58	87	1	0.0025
DTree-20	113	142	58	87	1	0.005
RFC-50	66	182	18	134	4	0.005
RFC-100	67	179	21	133	13	0.0125
NLSVM-0.1	200	4	196	0	1	0.015
NLSVM-1.0	192	24	176	8	0	0.0125
NLSVM-10	0	200	0	200	0	0.0125
LDA	111	156	44	89	224	0.1925
SDA-0.5	144	154	46	56	1221	0.1675
SDA-1.0	143	154	46	57	1162	0.165
SDA-1.5	143	154	46	57	1215	0.1675
SDA-2.0	143	155	45	57	1156	0.165
SDA-2.5	143	155	45	57	1155	0.165
SDA-3.0	143	155	45	57	1222	0.1675
\TheName{}-0.5	110	169	31	90	1253	0.175
\TheName{}-1.0	135	158	42	65	1242	0.1775
\TheName{}-1.5	140	156	44	60	1254	0.1625
\TheName{}-2.0	142	155	45	58	1203	0.1675
\TheName{}-2.5	143	155	45	57	1196	0.165
\TheName{}-3.0	143	155	45	57	1197	0.1725
SVM	120	151	49	80	0	0.005
LR	0	200	0	200	1	0.0025
Ye-LDA	121	161	39	79	94	0.005
DTree-10	55	182	18	145	2	0.0025
DTree-20	66	176	24	134	2	0.0025
RFC-50	71	184	16	129	7	0.0075
RFC-100	57	190	10	143	6	0.0125
NLSVM-0.1	199	10	190	1	1	0.015
NLSVM-1.0	161	56	144	39	1	0.01
NLSVM-10	0	200	0	200	1	0.0125
LDA	174	106	94	26	212	0.1675
SDA-0.5	137	158	42	63	1331	0.175
SDA-1.0	136	158	42	64	1191	0.17
SDA-1.5	136	158	42	64	1144	0.1675
SDA-2.0	136	156	44	64	1153	0.1675
SDA-2.5	136	156	44	64	1152	0.1725
SDA-3.0	136	155	45	64	1160	0.1675
\TheName{}-0.5	175	110	90	25	1231	0.1725
\TheName{}-1.0	143	153	47	57	1208	0.1675
\TheName{}-1.5	139	157	43	61	1262	0.17
\TheName{}-2.0	137	156	44	63	1257	0.1675
\TheName{}-2.5	136	156	44	64	1241	0.1675
\TheName{}-3.0	136	155	45	64	1233	0.165
SVM	181	121	79	19	1	0.005
LR	0	200	0	200	1	0.0025
Ye-LDA	120	153	47	80	89	0.0025
DTree-10	117	140	60	83	2	0.0025
DTree-20	117	140	60	83	1	0.005
RFC-50	60	185	15	140	5	0.005
RFC-100	65	179	21	135	5	0.0075
NLSVM-0.1	200	10	190	0	0	0.015
NLSVM-1.0	200	34	166	0	0	0.0125
NLSVM-10	200	0	200	0	0	0.0125
LDA	135	133	67	65	223	0.1625
SDA-0.5	149	124	76	51	1151	0.17
SDA-1.0	150	122	78	50	1229	0.1625
SDA-1.5	150	121	79	50	1267	0.1625
SDA-2.0	150	120	80	50	1145	0.1675
SDA-2.5	151	119	81	49	1207	0.17
SDA-3.0	151	119	81	49	1196	0.165
\TheName{}-0.5	140	137	63	60	1254	0.165
\TheName{}-1.0	144	128	72	56	1278	0.17
\TheName{}-1.5	146	123	77	54	1226	0.175
\TheName{}-2.0	149	122	78	51	1234	0.1675
\TheName{}-2.5	149	122	78	51	1248	0.1675
\TheName{}-3.0	149	121	79	51	1266	0.1675
SVM	138	135	65	62	0	0.005
LR	0	200	0	200	0	0.005
Ye-LDA	124	152	48	76	87	0.0025
DTree-10	106	142	58	94	2	0.0025
DTree-20	121	128	72	79	2	0.005
RFC-50	70	194	6	130	8	0.005
RFC-100	63	192	8	137	14	0.01
NLSVM-0.1	200	2	198	0	0	0.0175
NLSVM-1.0	17	186	14	183	0	0.0125
NLSVM-10	176	95	105	24	0	0.0125
LDA	169	122	78	31	218	0.1675
SDA-0.5	157	170	30	43	1187	0.1675
SDA-1.0	148	169	31	52	1198	0.1975
SDA-1.5	147	169	31	53	1272	0.1625
SDA-2.0	147	169	31	53	1229	0.18
SDA-2.5	147	169	31	53	1210	0.17
SDA-3.0	147	169	31	53	1217	0.165
\TheName{}-0.5	149	169	31	51	1255	0.165
\TheName{}-1.0	153	172	28	47	1253	0.165
\TheName{}-1.5	154	171	29	46	1256	0.165
\TheName{}-2.0	151	172	28	49	1244	0.1675
\TheName{}-2.5	148	171	29	52	1279	0.1725
\TheName{}-3.0	148	169	31	52	1265	0.1675
SVM	163	145	55	37	0	0.005
LR	0	200	0	200	1	0.0025
Ye-LDA	120	178	22	80	92	0.0025
DTree-10	103	158	42	97	2	0.005
DTree-20	103	153	47	97	2	0.0025
RFC-50	62	190	10	138	4	0.005
RFC-100	55	192	8	145	8	0.0125
NLSVM-0.1	200	14	186	0	0	0.015
NLSVM-1.0	33	176	24	167	1	0.01
NLSVM-10	199	67	133	1	0	0.0125
LDA	134	147	53	66	200	0.165
SDA-0.5	118	164	36	82	1174	0.1675
SDA-1.0	118	163	37	82	1150	0.1625
SDA-1.5	116	163	37	84	1143	0.165
SDA-2.0	116	164	36	84	1200	0.1675
SDA-2.5	116	164	36	84	1146	0.1725
SDA-3.0	116	164	36	84	1170	0.17
\TheName{}-0.5	175	115	85	25	1258	0.175
\TheName{}-1.0	128	157	43	72	1327	0.175
\TheName{}-1.5	120	161	39	80	1249	0.1675
\TheName{}-2.0	119	163	37	81	1240	0.1625
\TheName{}-2.5	119	163	37	81	1223	0.17
\TheName{}-3.0	119	163	37	81	1209	0.1675
SVM	140	145	55	60	0	0.005
LR	0	200	0	200	1	0.005
Ye-LDA	118	154	46	82	91	0.005
DTree-10	113	153	47	87	1	0.0025
DTree-20	113	153	47	87	1	0.005
RFC-50	67	182	18	133	3	0.005
RFC-100	50	187	13	150	12	0.01
NLSVM-0.1	1	200	0	199	0	0.015
NLSVM-1.0	161	70	130	39	0	0.0125
NLSVM-10	200	0	200	0	0	0.0125
LDA	174	132	68	26	180	0.1625
SDA-0.5	117	150	50	83	1157	0.1775
SDA-1.0	113	150	50	87	1141	0.1725
SDA-1.5	113	150	50	87	1192	0.1725
SDA-2.0	113	150	50	87	1171	0.1675
SDA-2.5	113	150	50	87	1175	0.17
SDA-3.0	113	150	50	87	1171	0.175
\TheName{}-0.5	146	62	138	54	1239	0.165
\TheName{}-1.0	173	120	80	27	1235	0.1775
\TheName{}-1.5	146	153	47	54	1218	0.165
\TheName{}-2.0	135	154	46	65	1259	0.1625
\TheName{}-2.5	129	153	47	71	1237	0.1675
\TheName{}-3.0	127	152	48	73	1229	0.1675
SVM	173	134	66	27	1	0.0025
LR	200	0	200	0	1	0.005
Ye-LDA	120	154	46	80	87	0.005
DTree-10	79	165	35	121	2	0.0025
DTree-20	79	165	35	121	2	0.0025
RFC-50	36	185	15	164	4	0.005
RFC-100	45	184	16	155	14	0.01
NLSVM-0.1	200	7	193	0	0	0.015
NLSVM-1.0	5	198	2	195	0	0.0125
NLSVM-10	200	0	200	0	0	0.01
LDA	183	88	112	17	222	0.1675
SDA-0.5	115	178	22	85	1174	0.165
SDA-1.0	113	178	22	87	1181	0.175
SDA-1.5	113	178	22	87	1176	0.165
SDA-2.0	112	178	22	88	1202	0.1625
SDA-2.5	112	178	22	88	1197	0.1675
SDA-3.0	112	178	22	88	1162	0.1675
\TheName{}-0.5	130	31	169	70	1239	0.1625
\TheName{}-1.0	184	108	92	16	1241	0.1925
\TheName{}-1.5	148	164	36	52	1236	0.1675
\TheName{}-2.0	133	171	29	67	1240	0.1725
\TheName{}-2.5	127	176	24	73	1252	0.1725
\TheName{}-3.0	122	175	25	78	1262	0.1675
SVM	186	92	108	14	0	0.005
LR	0	200	0	200	0	0.005
Ye-LDA	109	174	26	91	93	0.0025
DTree-10	192	81	119	8	2	0.0025
DTree-20	192	81	119	8	1	0.005
RFC-50	48	195	5	152	3	0.0075
RFC-100	43	192	8	157	7	0.0075
NLSVM-0.1	133	92	108	67	0	0.015
NLSVM-1.0	200	28	172	0	1	0.01
NLSVM-10	200	11	189	0	1	0.01
LDA	93	177	23	107	228	0.1675
SDA-0.5	136	174	26	64	1223	0.1675
SDA-1.0	138	174	26	62	1167	0.1725
SDA-1.5	139	174	26	61	1193	0.1675
SDA-2.0	140	174	26	60	1284	0.1675
SDA-2.5	140	174	26	60	1160	0.17
SDA-3.0	140	174	26	60	1165	0.1675
\TheName{}-0.5	126	176	24	74	1255	0.165
\TheName{}-1.0	138	177	23	62	1275	0.1875
\TheName{}-1.5	140	177	23	60	1245	0.1675
\TheName{}-2.0	139	176	24	61	1242	0.1675
\TheName{}-2.5	140	174	26	60	1223	0.1675
\TheName{}-3.0	140	174	26	60	1222	0.17
SVM	101	175	25	99	0	0.005
LR	0	200	0	200	1	0.0025
Ye-LDA	102	174	26	98	90	0.005
DTree-10	94	169	31	106	2	0.0025
DTree-20	94	169	31	106	2	0.0025
RFC-50	35	194	6	165	4	0.005
RFC-100	55	185	15	145	13	0.01
NLSVM-0.1	0	200	0	200	1	0.015
NLSVM-1.0	111	130	70	89	0	0.0125
NLSVM-10	90	183	17	110	0	0.0125
LDA	108	171	29	92	216	0.17
SDA-0.5	139	166	34	61	1140	0.165
SDA-1.0	142	165	35	58	1165	0.17
SDA-1.5	143	164	36	57	1160	0.17
SDA-2.0	143	164	36	57	1149	0.175
SDA-2.5	143	164	36	57	1168	0.1725
SDA-3.0	143	164	36	57	1151	0.1675
\TheName{}-0.5	129	175	25	71	1208	0.1775
\TheName{}-1.0	134	170	30	66	1205	0.1725
\TheName{}-1.5	134	170	30	66	1207	0.1675
\TheName{}-2.0	137	169	31	63	1184	0.1675
\TheName{}-2.5	138	167	33	62	1195	0.17
\TheName{}-3.0	140	166	34	60	1187	0.195
SVM	102	172	28	98	1	0.0025
LR	0	200	0	200	1	0.0025
Ye-LDA	118	170	30	82	88	0.005
DTree-10	104	125	75	96	1	0.0025
DTree-20	104	125	75	96	2	0.0025
RFC-50	79	175	25	121	4	0.005
RFC-100	71	180	20	129	14	0.0125
NLSVM-0.1	199	6	194	1	1	0.015
NLSVM-1.0	168	44	156	32	0	0.0125
NLSVM-10	200	0	200	0	0	0.0125
LDA	177	113	87	23	220	0.175
SDA-0.5	156	161	39	44	1159	0.165
SDA-1.0	155	161	39	45	1155	0.165
SDA-1.5	154	161	39	46	1160	0.1675
SDA-2.0	154	162	38	46	1164	0.17
SDA-2.5	154	162	38	46	1212	0.1825
SDA-3.0	154	162	38	46	1182	0.1675
\TheName{}-0.5	163	144	56	37	1272	0.165
\TheName{}-1.0	162	148	52	38	1251	0.1675
\TheName{}-1.5	160	149	51	40	1351	0.1825
\TheName{}-2.0	160	159	41	40	1273	0.1625
\TheName{}-2.5	158	160	40	42	1269	0.1675
\TheName{}-3.0	157	160	40	43	1262	0.1725
SVM	175	122	78	25	1	0.005
LR	200	0	200	0	0	0.005
Ye-LDA	172	126	74	28	93	0.005
DTree-10	93	155	45	107	1	0.005
DTree-20	93	155	45	107	1	0.005
RFC-50	32	198	2	168	4	0.005
RFC-100	40	197	3	160	15	0.0125
NLSVM-0.1	112	122	78	88	0	0.015
NLSVM-1.0	199	35	165	1	0	0.0125
NLSVM-10	178	128	72	22	0	0.0125
LDA	94	177	23	106	200	0.1675
SDA-0.5	97	181	19	103	1155	0.1775
SDA-1.0	96	182	18	104	1146	0.165
SDA-1.5	94	182	18	106	1167	0.17
SDA-2.0	93	182	18	107	1199	0.1675
SDA-2.5	91	182	18	109	1145	0.1675
SDA-3.0	91	182	18	109	1159	0.175
\TheName{}-0.5	135	79	121	65	1223	0.1675
\TheName{}-1.0	103	181	19	97	1226	0.1675
\TheName{}-1.5	94	182	18	106	1261	0.165
\TheName{}-2.0	93	181	19	107	1293	0.165
\TheName{}-2.5	93	181	19	107	1180	0.1725
\TheName{}-3.0	92	180	20	108	1199	0.1675
SVM	107	172	28	93	1	0.005
LR	200	0	200	0	0	0.005
Ye-LDA	96	177	23	104	88	0.005
DTree-10	77	163	37	123	1	0.005
DTree-20	77	163	37	123	1	0.005
RFC-50	32	196	4	168	7	0.005
RFC-100	36	194	6	164	8	0.0075
NLSVM-0.1	25	198	2	175	0	0.015
NLSVM-1.0	2	200	0	198	0	0.0125
NLSVM-10	0	200	0	200	0	0.0125
LDA	174	92	108	26	216	0.1725
SDA-0.5	188	104	96	12	1154	0.17
SDA-1.0	187	103	97	13	1160	0.165
SDA-1.5	187	103	97	13	1156	0.1625
SDA-2.0	187	103	97	13	1159	0.17
SDA-2.5	187	103	97	13	1162	0.1675
SDA-3.0	187	103	97	13	1157	0.17
\TheName{}-0.5	166	88	112	34	1231	0.175
\TheName{}-1.0	186	104	96	14	1216	0.1675
\TheName{}-1.5	187	104	96	13	1220	0.1675
\TheName{}-2.0	187	107	93	13	1217	0.165
\TheName{}-2.5	187	106	94	13	1222	0.175
\TheName{}-3.0	187	106	94	13	1222	0.165
SVM	174	103	97	26	1	0.0025
LR	0	200	0	200	1	0.005
Ye-LDA	172	149	51	28	89	0.005
DTree-10	93	165	35	107	1	0.005
DTree-20	99	153	47	101	2	0.0025
RFC-50	72	187	13	128	8	0.005
RFC-100	66	180	20	134	17	0.0125
NLSVM-0.1	200	7	193	0	0	0.015
NLSVM-1.0	55	120	80	145	0	0.0125
NLSVM-10	0	200	0	200	0	0.0125
LDA	169	104	96	31	215	0.17
SDA-0.5	173	132	68	27	1124	0.1675
SDA-1.0	171	132	68	29	1138	0.1775
SDA-1.5	171	131	69	29	1139	0.165
SDA-2.0	171	131	69	29	1137	0.1675
SDA-2.5	171	131	69	29	1146	0.1675
SDA-3.0	171	131	69	29	1149	0.1775
\TheName{}-0.5	174	100	100	26	1193	0.1675
\TheName{}-1.0	172	122	78	28	1198	0.165
\TheName{}-1.5	173	122	78	27	1196	0.165
\TheName{}-2.0	171	130	70	29	1202	0.1775
\TheName{}-2.5	171	131	69	29	1199	0.1675
\TheName{}-3.0	171	131	69	29	1204	0.1675
SVM	164	120	80	36	1	0.0025
LR	0	200	0	200	1	0.0025
Ye-LDA	151	141	59	49	88	0.0025
DTree-10	86	164	36	114	2	0.005
DTree-20	86	164	36	114	1	0.0025
RFC-50	82	173	27	118	7	0.005
RFC-100	60	188	12	140	7	0.01
NLSVM-0.1	5	182	18	195	0	0.015
NLSVM-1.0	29	162	38	171	0	0.0125
NLSVM-10	169	133	67	31	0	0.01
LDA	126	158	42	74	222	0.17
SDA-0.5	86	180	20	114	1150	0.1675
SDA-1.0	85	180	20	115	1163	0.1675
SDA-1.5	83	180	20	117	1164	0.1675
SDA-2.0	83	180	20	117	1159	0.175
SDA-2.5	83	180	20	117	1158	0.1675
SDA-3.0	83	180	20	117	1158	0.1675
\TheName{}-0.5	129	30	170	71	1216	0.1675
\TheName{}-1.0	151	89	111	49	1211	0.1775
\TheName{}-1.5	132	164	36	68	1205	0.1725
\TheName{}-2.0	103	175	25	97	1221	0.1725
\TheName{}-2.5	95	180	20	105	1213	0.1775
\TheName{}-3.0	90	180	20	110	1214	0.1675
SVM	126	164	36	74	0	0.005
LR	0	200	0	200	0	0.005
Ye-LDA	75	163	37	125	93	0.005
DTree-10	102	152	48	98	1	0.0025
DTree-20	102	152	48	98	2	0.0025
RFC-50	43	192	8	157	4	0.005
RFC-100	50	187	13	150	15	0.01
NLSVM-0.1	200	6	194	0	0	0.015
NLSVM-1.0	1	200	0	199	1	0.0125
NLSVM-10	0	200	0	200	0	0.01
LDA	157	106	94	43	187	0.1625
SDA-0.5	116	177	23	84	1175	0.1775
SDA-1.0	115	173	27	85	1218	0.165
SDA-1.5	113	173	27	87	1157	0.1625
SDA-2.0	113	172	28	87	1191	0.1625
SDA-2.5	113	172	28	87	1206	0.175
SDA-3.0	113	172	28	87	1170	0.1675
\TheName{}-0.5	165	110	90	35	1253	0.1675
\TheName{}-1.0	139	173	27	61	1262	0.1825
\TheName{}-1.5	122	173	27	78	1325	0.1725
\TheName{}-2.0	120	172	28	80	1252	0.175
\TheName{}-2.5	120	172	28	80	1225	0.175
\TheName{}-3.0	116	172	28	84	1262	0.1675
SVM	160	116	84	40	1	0.0025
LR	200	0	200	0	0	0.0075
Ye-LDA	163	147	53	37	93	0.0025
DTree-10	86	177	23	114	2	0.0025
DTree-20	86	177	23	114	1	0.005
RFC-50	60	194	6	140	6	0.005
RFC-100	45	196	4	155	7	0.01
NLSVM-0.1	200	6	194	0	0	0.0175
NLSVM-1.0	48	147	53	152	0	0.0125
NLSVM-10	158	145	55	42	0	0.01
LDA	154	114	86	46	213	0.165
SDA-0.5	178	117	83	22	1144	0.175
SDA-1.0	177	117	83	23	1159	0.165
SDA-1.5	177	117	83	23	1178	0.165
SDA-2.0	177	117	83	23	1120	0.175
SDA-2.5	177	117	83	23	1127	0.165
SDA-3.0	176	117	83	24	1167	0.165
\TheName{}-0.5	182	100	100	18	1242	0.175
\TheName{}-1.0	180	110	90	20	1233	0.1675
\TheName{}-1.5	179	110	90	21	1296	0.1675
\TheName{}-2.0	180	113	87	20	1176	0.1775
\TheName{}-2.5	179	114	86	21	1193	0.1675
\TheName{}-3.0	178	115	85	22	1174	0.1675
SVM	161	109	91	39	1	0.005
LR	0	200	0	200	0	0.005
Ye-LDA	161	129	71	39	87	0.0025
DTree-10	102	155	45	98	2	0.0025
DTree-20	102	155	45	98	2	0.005
RFC-50	72	176	24	128	3	0.005
RFC-100	59	194	6	141	8	0.0075
NLSVM-0.1	0	200	0	200	1	0.0125
NLSVM-1.0	199	16	184	1	1	0.01
NLSVM-10	195	51	149	5	0	0.0125
LDA	130	162	38	70	219	0.1675
SDA-0.5	103	178	22	97	1135	0.1675
SDA-1.0	101	179	21	99	1148	0.17
SDA-1.5	101	179	21	99	1160	0.1725
SDA-2.0	101	179	21	99	1164	0.1675
SDA-2.5	100	179	21	100	1251	0.165
SDA-3.0	100	179	21	100	1265	0.1725
\TheName{}-0.5	153	74	126	47	1346	0.17
\TheName{}-1.0	133	177	23	67	1268	0.1725
\TheName{}-1.5	120	179	21	80	1222	0.17
\TheName{}-2.0	109	180	20	91	1226	0.175
\TheName{}-2.5	106	180	20	94	1297	0.1675
\TheName{}-3.0	104	180	20	96	1214	0.1675
SVM	129	163	37	71	0	0.005
LR	0	200	0	200	1	0.005
Ye-LDA	108	184	16	92	106	0.0025
DTree-10	78	162	38	122	2	0.0025
DTree-20	78	162	38	122	2	0.0025
RFC-50	41	192	8	159	4	0.005
RFC-100	38	192	8	162	15	0.0075
NLSVM-0.1	0	200	0	200	1	0.0125
NLSVM-1.0	174	50	150	26	1	0.0125
NLSVM-10	50	198	2	150	0	0.0125
LDA	136	174	26	64	221	0.165
SDA-0.5	186	119	81	14	1284	0.1725
SDA-1.0	183	119	81	17	1173	0.1775
SDA-1.5	182	119	81	18	1174	0.1675
SDA-2.0	181	119	81	19	1281	0.1825
SDA-2.5	181	119	81	19	1253	0.1725
SDA-3.0	181	119	81	19	1276	0.165
\TheName{}-0.5	109	156	44	91	1260	0.18
\TheName{}-1.0	170	133	67	30	1273	0.17
\TheName{}-1.5	176	130	70	24	1249	0.1825
\TheName{}-2.0	176	125	75	24	1293	0.165
\TheName{}-2.5	177	123	77	23	1271	0.175
\TheName{}-3.0	177	122	78	23	1303	0.1675
SVM	138	171	29	62	0	0.005
LR	0	200	0	200	1	0.005
Ye-LDA	180	116	84	20	89	0.0075
DTree-10	101	178	22	99	1	0.005
DTree-20	101	178	22	99	1	0.005
RFC-50	86	188	12	114	4	0.0075
RFC-100	89	184	16	111	16	0.0125
NLSVM-0.1	200	5	195	0	0	0.015
NLSVM-1.0	0	200	0	200	1	0.01
NLSVM-10	135	175	25	65	1	0.0125
LDA	162	125	75	38	224	0.165
SDA-0.5	155	168	32	45	1186	0.165
SDA-1.0	152	169	31	48	1266	0.17
SDA-1.5	151	169	31	49	1183	0.18
SDA-2.0	151	169	31	49	1176	0.17
SDA-2.5	151	169	31	49	1174	0.18
SDA-3.0	151	169	31	49	1187	0.1675
\TheName{}-0.5	171	126	74	29	1271	0.1775
\TheName{}-1.0	164	164	36	36	1245	0.165
\TheName{}-1.5	163	166	34	37	1318	0.18
\TheName{}-2.0	158	165	35	42	1234	0.17
\TheName{}-2.5	158	165	35	42	1221	0.1775
\TheName{}-3.0	158	167	33	42	1225	0.1675
SVM	164	126	74	36	1	0.0025
LR	0	200	0	200	1	0.0025
Ye-LDA	117	175	25	83	92	0.0025
DTree-10	117	134	66	83	2	0.0025
DTree-20	117	134	66	83	2	0.005
RFC-50	63	181	19	137	4	0.005
RFC-100	78	178	22	122	8	0.01
NLSVM-0.1	200	0	200	0	0	0.015
NLSVM-1.0	80	133	67	120	0	0.0125
NLSVM-10	0	200	0	200	0	0.01
LDA	172	116	84	28	220	0.1675
SDA-0.5	142	173	27	58	1150	0.1675
SDA-1.0	142	171	29	58	1218	0.18
SDA-1.5	141	171	29	59	1181	0.165
SDA-2.0	141	171	29	59	1170	0.175
SDA-2.5	141	171	29	59	1224	0.165
SDA-3.0	141	171	29	59	1192	0.1825
\TheName{}-0.5	164	101	99	36	1263	0.1675
\TheName{}-1.0	161	166	34	39	1277	0.17
\TheName{}-1.5	148	167	33	52	1232	0.1725
\TheName{}-2.0	144	167	33	56	1236	0.17
\TheName{}-2.5	144	169	31	56	1236	0.1775
\TheName{}-3.0	144	170	30	56	1269	0.1725
SVM	173	120	80	27	0	0.005
LR	0	200	0	200	0	0.005
Ye-LDA	125	172	28	75	93	0.005
DTree-10	91	163	37	109	2	0.0025
DTree-20	91	163	37	109	2	0.0025
RFC-50	63	192	8	137	5	0.005
RFC-100	76	189	11	124	15	0.0075
NLSVM-0.1	200	2	198	0	0	0.015
NLSVM-1.0	195	37	163	5	0	0.0125
NLSVM-10	65	199	1	135	0	0.0125
LDA	144	121	79	56	223	0.1675
SDA-0.5	132	156	44	68	1182	0.1875
SDA-1.0	131	156	44	69	1183	0.17
SDA-1.5	131	156	44	69	1153	0.1825
SDA-2.0	131	156	44	69	1188	0.1725
SDA-2.5	131	155	45	69	1185	0.18
SDA-3.0	131	155	45	69	1222	0.1625
\TheName{}-0.5	147	158	42	53	1233	0.1725
\TheName{}-1.0	131	158	42	69	1366	0.18
\TheName{}-1.5	132	158	42	68	1241	0.1725
\TheName{}-2.0	132	156	44	68	1215	0.1675
\TheName{}-2.5	132	157	43	68	1206	0.1725
\TheName{}-3.0	132	157	43	68	1213	0.1775
SVM	147	126	74	53	1	0.0025
LR	0	200	0	200	1	0.0025
Ye-LDA	106	155	45	94	91	0.0025
DTree-10	74	167	33	126	2	0.005
DTree-20	74	167	33	126	1	0.005
RFC-50	62	185	15	138	4	0.005
RFC-100	70	188	12	130	9	0.0125
NLSVM-0.1	200	7	193	0	0	0.015
NLSVM-1.0	198	26	174	2	0	0.0125
NLSVM-10	81	191	9	119	0	0.0125
LDA	98	171	29	102	218	0.1675
SDA-0.5	99	162	38	101	1183	0.1725
SDA-1.0	98	161	39	102	1189	0.1725
SDA-1.5	97	161	39	103	1193	0.165
SDA-2.0	96	161	39	104	1200	0.1725
SDA-2.5	96	161	39	104	1181	0.18
SDA-3.0	96	161	39	104	1250	0.1725
\TheName{}-0.5	99	72	128	101	1314	0.175
\TheName{}-1.0	94	182	18	106	1259	0.175
\TheName{}-1.5	96	173	27	104	1244	0.18
\TheName{}-2.0	99	169	31	101	1247	0.175
\TheName{}-2.5	101	166	34	99	1250	0.175
\TheName{}-3.0	97	165	35	103	1243	0.1775
SVM	112	168	32	88	0	0.005
LR	200	0	200	0	1	0.005
Ye-LDA	100	165	35	100	84	0.0025
DTree-10	135	128	72	65	1	0.005
DTree-20	135	128	72	65	1	0.0025
RFC-50	65	177	23	135	4	0.005
RFC-100	63	176	24	137	13	0.01
NLSVM-0.1	200	4	196	0	0	0.015
NLSVM-1.0	173	58	142	27	0	0.0125
NLSVM-10	0	200	0	200	0	0.0125
LDA	106	171	29	94	221	0.1625
SDA-0.5	101	168	32	99	1148	0.175
SDA-1.0	100	169	31	100	1152	0.1775
SDA-1.5	99	169	31	101	1146	0.1675
SDA-2.0	99	169	31	101	1141	0.1825
SDA-2.5	99	169	31	101	1176	0.1775
SDA-3.0	99	169	31	101	1152	0.17
\TheName{}-0.5	155	93	107	45	1209	0.175
\TheName{}-1.0	118	167	33	82	1211	0.175
\TheName{}-1.5	109	169	31	91	1207	0.1775
\TheName{}-2.0	105	170	30	95	1202	0.175
\TheName{}-2.5	103	171	29	97	1203	0.1775
\TheName{}-3.0	101	171	29	99	1204	0.1675
SVM	126	158	42	74	1	0.0075
LR	0	200	0	200	0	0.005
Ye-LDA	89	172	28	111	89	0.005
DTree-10	97	148	52	103	1	0.0025
DTree-20	97	148	52	103	1	0.005
RFC-50	60	183	17	140	4	0.0025
RFC-100	59	180	20	141	8	0.0075
NLSVM-0.1	200	6	194	0	1	0.015
NLSVM-1.0	181	40	160	19	0	0.0125
NLSVM-10	200	0	200	0	0	0.0125
LDA	134	163	37	66	214	0.1675
SDA-0.5	136	164	36	64	1145	0.18
SDA-1.0	130	162	38	70	1188	0.175
SDA-1.5	130	159	41	70	1180	0.165
SDA-2.0	130	159	41	70	1198	0.1675
SDA-2.5	130	159	41	70	1234	0.18
SDA-3.0	130	159	41	70	1214	0.1775
\TheName{}-0.5	136	163	37	64	1245	0.1725
\TheName{}-1.0	137	163	37	63	1229	0.175
\TheName{}-1.5	131	163	37	69	1267	0.1725
\TheName{}-2.0	130	163	37	70	1244	0.18
\TheName{}-2.5	130	162	38	70	1265	0.17
\TheName{}-3.0	130	161	39	70	1269	0.18
SVM	137	161	39	63	1	0.005
LR	0	200	0	200	0	0.005
Ye-LDA	135	164	36	65	88	0.0025
DTree-10	96	146	54	104	2	0.0025
DTree-20	96	146	54	104	2	0.005
RFC-50	43	186	14	157	3	0.005
RFC-100	54	184	16	146	7	0.01
NLSVM-0.1	200	8	192	0	0	0.015
NLSVM-1.0	168	56	144	32	0	0.0125
NLSVM-10	200	0	200	0	0	0.015
LDA	172	114	86	28	197	0.175
SDA-0.5	185	119	81	15	1169	0.185
SDA-1.0	185	119	81	15	1260	0.18
SDA-1.5	185	119	81	15	1155	0.175
SDA-2.0	185	119	81	15	1185	0.17
SDA-2.5	185	119	81	15	1194	0.1625
SDA-3.0	185	119	81	15	1236	0.165
\TheName{}-0.5	179	121	79	21	1263	0.175
\TheName{}-1.0	186	119	81	14	1270	0.175
\TheName{}-1.5	185	117	83	15	1252	0.18
\TheName{}-2.0	185	118	82	15	1246	0.175
\TheName{}-2.5	185	118	82	15	1237	0.175
\TheName{}-3.0	185	118	82	15	1236	0.18
SVM	172	117	83	28	1	0.005
LR	200	0	200	0	0	0.005
Ye-LDA	192	100	100	8	93	0.005
DTree-10	107	145	55	93	1	0.005
DTree-20	107	145	55	93	2	0.0025
RFC-50	64	170	30	136	4	0.005
RFC-100	68	168	32	132	14	0.01
NLSVM-0.1	143	87	113	57	0	0.015
NLSVM-1.0	29	174	26	171	0	0.0125
NLSVM-10	187	110	90	13	0	0.0125
LDA	109	168	32	91	182	0.1675
SDA-0.5	108	183	17	92	1267	0.1825
SDA-1.0	106	183	17	94	1191	0.1725
SDA-1.5	106	183	17	94	1174	0.18
SDA-2.0	106	183	17	94	1193	0.18
SDA-2.5	106	183	17	94	1193	0.175
SDA-3.0	106	183	17	94	1175	0.175
\TheName{}-0.5	142	43	157	58	1234	0.175
\TheName{}-1.0	125	174	26	75	1272	0.1725
\TheName{}-1.5	113	181	19	87	1253	0.175
\TheName{}-2.0	110	183	17	90	1290	0.1975
\TheName{}-2.5	111	183	17	89	1247	0.1775
\TheName{}-3.0	109	183	17	91	1238	0.185
SVM	116	163	37	84	0	0.005
LR	0	200	0	200	0	0.005
Ye-LDA	85	181	19	115	92	0.005
DTree-10	87	167	33	113	1	0.0025
DTree-20	87	167	33	113	2	0.0025
RFC-50	42	195	5	158	3	0.0075
RFC-100	40	194	6	160	12	0.01
NLSVM-0.1	200	7	193	0	0	0.0175
NLSVM-1.0	167	73	127	33	0	0.0125
NLSVM-10	63	196	4	137	1	0.01
LDA	149	127	73	51	214	0.1675
SDA-0.5	193	117	83	7	1180	0.18
SDA-1.0	191	116	84	9	1185	0.175
SDA-1.5	191	116	84	9	1202	0.175
SDA-2.0	191	116	84	9	1235	0.18
SDA-2.5	191	116	84	9	1215	0.18
SDA-3.0	191	116	84	9	1205	0.1775
\TheName{}-0.5	167	147	53	33	1268	0.1725
\TheName{}-1.0	185	128	72	15	1271	0.1825
\TheName{}-1.5	190	124	76	10	1323	0.1775
\TheName{}-2.0	191	120	80	9	1349	0.1775
\TheName{}-2.5	191	118	82	9	1293	0.175
\TheName{}-3.0	191	117	83	9	1292	0.17
SVM	157	132	68	43	1	0.0025
LR	0	200	0	200	1	0.0075
Ye-LDA	174	143	57	26	86	0.0025
DTree-10	103	165	35	97	2	0.005
DTree-20	103	165	35	97	1	0.005
RFC-50	61	184	16	139	3	0.005
RFC-100	84	183	17	116	13	0.0125
NLSVM-0.1	200	15	185	0	0	0.015
NLSVM-1.0	189	65	135	11	1	0.01
NLSVM-10	170	138	62	30	0	0.0125
LDA	136	118	82	64	223	0.1675
SDA-0.5	119	171	29	81	1273	0.1825
SDA-1.0	118	171	29	82	1193	0.1675
SDA-1.5	116	171	29	84	1186	0.1675
SDA-2.0	116	171	29	84	1171	0.175
SDA-2.5	116	171	29	84	1200	0.1725
SDA-3.0	116	171	29	84	1194	0.1775
\TheName{}-0.5	157	129	71	43	1220	0.1775
\TheName{}-1.0	136	165	35	64	1208	0.1825
\TheName{}-1.5	129	167	33	71	1215	0.1725
\TheName{}-2.0	122	169	31	78	1234	0.18
\TheName{}-2.5	122	169	31	78	1252	0.175
\TheName{}-3.0	122	168	32	78	1229	0.1725
SVM	144	126	74	56	1	0.0025
LR	200	0	200	0	0	0.005
Ye-LDA	146	143	57	54	84	0.005
DTree-10	93	138	62	107	2	0.0025
DTree-20	93	138	62	107	2	0.0025
RFC-50	32	195	5	168	4	0.005
RFC-100	39	196	4	161	13	0.01
NLSVM-0.1	2	199	1	198	1	0.015
NLSVM-1.0	192	18	182	8	0	0.0125
NLSVM-10	55	195	5	145	0	0.0125
LDA	161	138	62	39	213	0.1675
SDA-0.5	192	124	76	8	1218	0.1775
SDA-1.0	189	122	78	11	1239	0.1775
SDA-1.5	188	122	78	12	1199	0.1775
SDA-2.0	188	122	78	12	1217	0.1775
SDA-2.5	188	122	78	12	1187	0.18
SDA-3.0	188	122	78	12	1174	0.18
\TheName{}-0.5	172	120	80	28	1264	0.18
\TheName{}-1.0	184	124	76	16	1258	0.1775
\TheName{}-1.5	185	123	77	15	1268	0.1725
\TheName{}-2.0	187	122	78	13	1307	0.1875
\TheName{}-2.5	187	121	79	13	1274	0.1725
\TheName{}-3.0	187	122	78	13	1322	0.175
SVM	161	144	56	39	1	0.005
LR	200	0	200	0	0	0.005
Ye-LDA	173	98	102	27	83	0.005
DTree-10	181	129	71	19	1	0.005
DTree-20	181	130	70	19	2	0.0025
RFC-50	191	111	89	9	4	0.005
RFC-100	189	116	84	11	17	0.01
NLSVM-0.1	200	10	190	0	0	0.015
NLSVM-1.0	198	50	150	2	0	0.015
NLSVM-10	183	120	80	17	0	0.0125
LDA	128	163	37	72	215	0.17
SDA-0.5	132	166	34	68	1179	0.1825
SDA-1.0	132	166	34	68	1191	0.1775
SDA-1.5	131	166	34	69	1181	0.1825
SDA-2.0	131	166	34	69	1206	0.17
SDA-2.5	131	166	34	69	1221	0.1775
SDA-3.0	129	166	34	71	1227	0.1725
\TheName{}-0.5	124	57	143	76	1286	0.1875
\TheName{}-1.0	181	129	71	19	1275	0.175
\TheName{}-1.5	146	163	37	54	1293	0.1825
\TheName{}-2.0	138	162	38	62	1235	0.175
\TheName{}-2.5	134	164	36	66	1246	0.1775
\TheName{}-3.0	134	163	37	66	1220	0.1775
SVM	149	163	37	51	0	0.005
LR	0	200	0	200	1	0.0025
Ye-LDA	124	161	39	76	92	0.0025
DTree-10	86	165	35	114	2	0.0025
DTree-20	86	165	35	114	1	0.0025
RFC-50	45	190	10	155	4	0.005
RFC-100	52	191	9	148	13	0.0075
NLSVM-0.1	0	200	0	200	0	0.015
NLSVM-1.0	191	25	175	9	1	0.0125
NLSVM-10	125	173	27	75	0	0.01
LDA	150	127	73	50	220	0.165
SDA-0.5	166	166	34	34	1163	0.1825
SDA-1.0	166	166	34	34	1178	0.18
SDA-1.5	166	166	34	34	1178	0.175
SDA-2.0	166	166	34	34	1192	0.1775
SDA-2.5	166	166	34	34	1184	0.1725
SDA-3.0	166	166	34	34	1176	0.1775
\TheName{}-0.5	157	144	56	43	1245	0.1775
\TheName{}-1.0	166	155	45	34	1282	0.1775
\TheName{}-1.5	168	155	45	32	1295	0.1775
\TheName{}-2.0	165	165	35	35	1240	0.18
\TheName{}-2.5	165	166	34	35	1253	0.18
\TheName{}-3.0	165	166	34	35	1243	0.18
SVM	151	136	64	49	1	0.005
LR	0	200	0	200	0	0.0075
Ye-LDA	87	175	25	113	91	0.005
DTree-10	159	74	126	41	2	0.0025
DTree-20	157	93	107	43	2	0.005
RFC-50	60	191	9	140	5	0.005
RFC-100	56	194	6	144	10	0.01
NLSVM-0.1	0	200	0	200	0	0.015
NLSVM-1.0	12	179	21	188	1	0.01
NLSVM-10	0	200	0	200	0	0.0125
LDA	108	155	45	92	228	0.1675
SDA-0.5	100	172	28	100	1177	0.1725
SDA-1.0	99	172	28	101	1175	0.1775
SDA-1.5	99	172	28	101	1211	0.1725
SDA-2.0	99	172	28	101	1175	0.175
SDA-2.5	99	172	28	101	1162	0.18
SDA-3.0	99	172	28	101	1196	0.175
\TheName{}-0.5	149	85	115	51	1228	0.175
\TheName{}-1.0	108	175	25	92	1279	0.1725
\TheName{}-1.5	105	172	28	95	1299	0.1775
\TheName{}-2.0	103	171	29	97	1224	0.18
\TheName{}-2.5	102	171	29	98	1287	0.1725
\TheName{}-3.0	102	171	29	98	1250	0.1775
SVM	114	151	49	86	0	0.005
LR	200	0	200	0	0	0.005
Ye-LDA	109	168	32	91	86	0.005
DTree-10	83	155	45	117	1	0.005
DTree-20	83	155	45	117	1	0.0025
RFC-50	45	191	9	155	4	0.005
RFC-100	37	189	11	163	9	0.0075
NLSVM-0.1	169	59	141	31	0	0.015
NLSVM-1.0	160	83	117	40	1	0.01
NLSVM-10	52	183	17	148	1	0.01
LDA	114	151	49	86	180	0.165
SDA-0.5	132	172	28	68	1194	0.1725
SDA-1.0	131	172	28	69	1166	0.175
SDA-1.5	130	172	28	70	1153	0.18
SDA-2.0	129	172	28	71	1181	0.175
SDA-2.5	128	172	28	72	1237	0.18
SDA-3.0	127	172	28	73	1162	0.165
\TheName{}-0.5	118	171	29	82	1226	0.175
\TheName{}-1.0	122	170	30	78	1232	0.1725
\TheName{}-1.5	126	171	29	74	1239	0.1775
\TheName{}-2.0	127	171	29	73	1246	0.1775
\TheName{}-2.5	128	171	29	72	1235	0.1775
\TheName{}-3.0	127	171	29	73	1257	0.17
SVM	121	153	47	79	1	0.0075
LR	200	0	200	0	0	0.005
Ye-LDA	153	114	86	47	88	0.005
DTree-10	103	154	46	97	1	0.0025
DTree-20	103	154	46	97	2	0.0025
RFC-50	107	177	23	93	4	0.005
RFC-100	72	184	16	128	17	0.0075
NLSVM-0.1	0	200	0	200	0	0.015
NLSVM-1.0	132	116	84	68	0	0.0125
NLSVM-10	0	200	0	200	1	0.01
LDA	175	130	70	25	222	0.1675
SDA-0.5	190	119	81	10	1151	0.1725
SDA-1.0	190	119	81	10	1165	0.1875
SDA-1.5	183	131	69	17	1212	0.1725
SDA-2.0	183	132	68	17	1170	0.165
SDA-2.5	183	132	68	17	1181	0.1675
SDA-3.0	183	133	67	17	1176	0.17
\TheName{}-0.5	170	108	92	30	1242	0.18
\TheName{}-1.0	189	120	80	11	1230	0.1825
\TheName{}-1.5	190	120	80	10	1217	0.1825
\TheName{}-2.0	190	117	83	10	1248	0.18
\TheName{}-2.5	190	116	84	10	1315	0.1775
\TheName{}-3.0	190	116	84	10	1321	0.19
SVM	173	138	62	27	0	0.005
LR	200	0	200	0	0	0.005
Ye-LDA	182	108	92	18	90	0.005
DTree-10	87	174	26	113	2	0.005
DTree-20	88	166	34	112	1	0.005
RFC-50	47	188	12	153	4	0.005
RFC-100	55	190	10	145	13	0.01
NLSVM-0.1	200	4	196	0	0	0.015
NLSVM-1.0	200	24	176	0	1	0.01
NLSVM-10	200	0	200	0	0	0.0125
LDA	130	169	31	70	204	0.1725
SDA-0.5	92	179	21	108	1153	0.1775
SDA-1.0	91	179	21	109	1195	0.175
SDA-1.5	91	179	21	109	1163	0.1775
SDA-2.0	90	179	21	110	1172	0.175
SDA-2.5	90	180	20	110	1150	0.165
SDA-3.0	88	180	20	112	1176	0.165
\TheName{}-0.5	140	125	75	60	1226	0.18
\TheName{}-1.0	98	178	22	102	1215	0.1775
\TheName{}-1.5	93	179	21	107	1270	0.1925
\TheName{}-2.0	92	179	21	108	1305	0.1725
\TheName{}-2.5	91	179	21	109	1234	0.17
\TheName{}-3.0	90	179	21	110	1228	0.175
SVM	139	162	38	61	0	0.005
LR	0	200	0	200	1	0.0025
Ye-LDA	86	172	28	114	93	0.005
DTree-10	98	178	22	102	1	0.0025
DTree-20	98	178	22	102	2	0.0025
RFC-50	40	189	11	160	7	0.005
RFC-100	42	190	10	158	7	0.0075
NLSVM-0.1	29	197	3	171	0	0.0175
NLSVM-1.0	167	66	134	33	0	0.0125
NLSVM-10	0	200	0	200	0	0.0125
LDA	94	164	36	106	183	0.1675
SDA-0.5	100	160	40	100	1154	0.1725
SDA-1.0	98	159	41	102	1160	0.1775
SDA-1.5	98	159	41	102	1151	0.1775
SDA-2.0	98	159	41	102	1231	0.185
SDA-2.5	98	159	41	102	1187	0.1775
SDA-3.0	98	159	41	102	1160	0.165
\TheName{}-0.5	102	149	51	98	1187	0.1725
\TheName{}-1.0	100	154	46	100	1201	0.1775
\TheName{}-1.5	99	152	48	101	1256	0.1775
\TheName{}-2.0	99	152	48	101	1211	0.1775
\TheName{}-2.5	99	152	48	101	1304	0.175
\TheName{}-3.0	99	152	48	101	1280	0.1775
SVM	98	164	36	102	1	0.005
LR	0	200	0	200	0	0.005
Ye-LDA	91	140	60	109	92	0.005
DTree-10	92	147	53	108	1	0.0025
DTree-20	92	147	53	108	2	0.0025
RFC-50	61	178	22	139	4	0.005
RFC-100	65	177	23	135	16	0.01
NLSVM-0.1	62	178	22	138	0	0.015
NLSVM-1.0	162	73	127	38	0	0.0125
NLSVM-10	200	0	200	0	0	0.0125
LDA	132	117	83	68	216	0.1625
SDA-0.5	104	178	22	96	1247	0.1725
SDA-1.0	105	178	22	95	1171	0.1825
SDA-1.5	105	178	22	95	1159	0.18
SDA-2.0	105	177	23	95	1158	0.1775
SDA-2.5	106	177	23	94	1263	0.1825
SDA-3.0	106	177	23	94	1233	0.1725
\TheName{}-0.5	120	89	111	80	1317	0.175
\TheName{}-1.0	112	175	25	88	1283	0.1725
\TheName{}-1.5	105	179	21	95	1222	0.1725
\TheName{}-2.0	105	178	22	95	1232	0.1725
\TheName{}-2.5	106	178	22	94	1233	0.1725
\TheName{}-3.0	103	177	23	97	1265	0.175
SVM	128	128	72	72	1	0.005
LR	0	200	0	200	0	0.005
Ye-LDA	100	158	42	100	88	0.005
DTree-10	56	175	25	144	1	0.0025
DTree-20	56	175	25	144	1	0.0025
RFC-50	35	194	6	165	7	0.005
RFC-100	29	195	5	171	7	0.01
NLSVM-0.1	0	200	0	200	0	0.015
NLSVM-1.0	179	75	125	21	0	0.0125
NLSVM-10	16	200	0	184	0	0.01
LDA	103	180	20	97	220	0.1625
SDA-0.5	75	189	11	125	1170	0.18
SDA-1.0	74	188	12	126	1204	0.1875
SDA-1.5	74	188	12	126	1191	0.1775
SDA-2.0	74	188	12	126	1183	0.1725
SDA-2.5	73	188	12	127	1206	0.1825
SDA-3.0	73	188	12	127	1203	0.1775
\TheName{}-0.5	128	13	187	72	1261	0.175
\TheName{}-1.0	129	15	185	71	1322	0.1775
\TheName{}-1.5	131	23	177	69	1272	0.1725
\TheName{}-2.0	138	110	90	62	1287	0.18
\TheName{}-2.5	98	188	12	102	1265	0.18
\TheName{}-3.0	87	189	11	113	1275	0.175
SVM	132	174	26	68	0	0.005
LR	200	0	200	0	0	0.005
Ye-LDA	84	191	9	116	86	0.005
DTree-10	97	164	36	103	2	0.0025
DTree-20	97	164	36	103	2	0.0025
RFC-50	40	196	4	160	7	0.005
RFC-100	51	192	8	149	13	0.01
NLSVM-0.1	0	200	0	200	0	0.0175
NLSVM-1.0	172	60	140	28	0	0.0125
NLSVM-10	0	200	0	200	0	0.0125
LDA	105	127	73	95	218	0.175
SDA-0.5	119	173	27	81	1153	0.17
SDA-1.0	117	177	23	83	1173	0.1725
SDA-1.5	114	177	23	86	1226	0.17
SDA-2.0	113	177	23	87	1181	0.1775
SDA-2.5	113	177	23	87	1210	0.1875
SDA-3.0	111	177	23	89	1202	0.1725
\TheName{}-0.5	123	102	98	77	1259	0.17
\TheName{}-1.0	123	175	25	77	1341	0.1725
\TheName{}-1.5	123	174	26	77	1221	0.1875
\TheName{}-2.0	123	173	27	77	1249	0.1775
\TheName{}-2.5	121	173	27	79	1232	0.18
\TheName{}-3.0	121	173	27	79	1240	0.18
SVM	115	140	60	85	1	0.005
LR	200	0	200	0	0	0.005
Ye-LDA	171	127	73	29	87	0.005
DTree-10	78	174	26	122	2	0.0025
DTree-20	93	153	47	107	2	0.005
RFC-50	50	188	12	150	4	0.005
RFC-100	48	188	12	152	9	0.0075
NLSVM-0.1	200	10	190	0	1	0.015
NLSVM-1.0	154	66	134	46	0	0.0125
NLSVM-10	200	0	200	0	0	0.0125
LDA	174	128	72	26	218	0.1725
SDA-0.5	154	140	60	46	1177	0.1825
SDA-1.0	155	137	63	45	1265	0.175
SDA-1.5	156	131	69	44	1231	0.165
SDA-2.0	158	126	74	42	1231	0.1675
SDA-2.5	158	126	74	42	1201	0.185
SDA-3.0	158	126	74	42	1196	0.18
\TheName{}-0.5	168	144	56	32	1230	0.1775
\TheName{}-1.0	161	137	63	39	1209	0.1775
\TheName{}-1.5	157	135	65	43	1353	0.1875
\TheName{}-2.0	156	135	65	44	1320	0.1725
\TheName{}-2.5	157	134	66	43	1271	0.185
\TheName{}-3.0	158	133	67	42	1351	0.1775
SVM	171	138	62	29	0	0.005
LR	0	200	0	200	0	0.005
Ye-LDA	93	172	28	107	92	0.0025
DTree-10	69	174	26	131	1	0.0025
DTree-20	71	169	31	129	2	0.0025
RFC-50	80	185	15	120	4	0.005
RFC-100	35	192	8	165	13	0.01
NLSVM-0.1	1	200	0	199	0	0.015
NLSVM-1.0	200	17	183	0	0	0.015
NLSVM-10	195	44	156	5	0	0.0125
LDA	123	163	37	77	222	0.1675
SDA-0.5	91	176	24	109	1205	0.18
SDA-1.0	90	173	27	110	1188	0.175
SDA-1.5	90	172	28	110	1169	0.175
SDA-2.0	90	172	28	110	1222	0.1775
SDA-2.5	90	172	28	110	1269	0.1775
SDA-3.0	90	172	28	110	1307	0.18
\TheName{}-0.5	137	26	174	63	1251	0.1775
\TheName{}-1.0	162	117	83	38	1287	0.1725
\TheName{}-1.5	119	169	31	81	1249	0.1775
\TheName{}-2.0	98	172	28	102	1230	0.175
\TheName{}-2.5	92	171	29	108	1257	0.1725
\TheName{}-3.0	91	172	28	109	1329	0.1775
SVM	109	182	18	91	0	0.005
LR	200	0	200	0	0	0.005
Ye-LDA	92	167	33	108	86	0.005
DTree-10	79	171	29	121	1	0.005
DTree-20	79	171	29	121	1	0.0025
RFC-50	40	194	6	160	4	0.0075
RFC-100	38	196	4	162	7	0.01
NLSVM-0.1	33	194	6	167	0	0.015
NLSVM-1.0	129	112	88	71	0	0.0125
NLSVM-10	7	200	0	193	1	0.0125
LDA	143	129	71	57	322	0.165
SDA-0.5	110	176	24	90	1203	0.1775
SDA-1.0	103	176	24	97	1269	0.175
SDA-1.5	103	177	23	97	1192	0.18
SDA-2.0	102	177	23	98	1223	0.1725
SDA-2.5	102	177	23	98	1234	0.1725
SDA-3.0	101	177	23	99	1207	0.175
\TheName{}-0.5	121	84	116	79	1283	0.17
\TheName{}-1.0	127	182	18	73	1279	0.175
\TheName{}-1.5	122	180	20	78	1304	0.1775
\TheName{}-2.0	113	180	20	87	1297	0.175
\TheName{}-2.5	110	179	21	90	1271	0.1725
\TheName{}-3.0	107	178	22	93	1275	0.18
SVM	132	165	35	68	0	0.005
LR	200	0	200	0	0	0.005
Ye-LDA	140	171	29	60	88	0.0025
DTree-10	81	161	39	119	2	0.0025
DTree-20	81	161	39	119	2	0.0025
RFC-50	60	182	18	140	8	0.005
RFC-100	48	193	7	152	11	0.01
NLSVM-0.1	198	25	175	2	0	0.015
NLSVM-1.0	7	200	0	193	0	0.0125
NLSVM-10	60	194	6	140	0	0.0125
LDA	110	177	23	90	223	0.17
SDA-0.5	93	177	23	107	1163	0.1775
SDA-1.0	93	177	23	107	1208	0.175
SDA-1.5	93	177	23	107	1183	0.175
SDA-2.0	93	177	23	107	1186	0.18
SDA-2.5	93	177	23	107	1190	0.175
SDA-3.0	93	177	23	107	1219	0.1675
\TheName{}-0.5	123	90	110	77	1258	0.1725
\TheName{}-1.0	108	183	17	92	1322	0.18
\TheName{}-1.5	99	180	20	101	1264	0.175
\TheName{}-2.0	94	178	22	106	1239	0.1775
\TheName{}-2.5	93	178	22	107	1249	0.1775
\TheName{}-3.0	91	178	22	109	1269	0.195
SVM	121	172	28	79	1	0.0025
LR	0	200	0	200	1	0.0025
Ye-LDA	90	173	27	110	95	0.0025
DTree-10	85	161	39	115	1	0.0
DTree-20	85	161	39	115	1	0.0025
RFC-50	44	184	16	156	6	0.005
RFC-100	49	189	11	151	15	0.01
NLSVM-0.1	200	6	194	0	0	0.0175
NLSVM-1.0	160	63	137	40	0	0.0125
NLSVM-10	0	200	0	200	0	0.115
LDA	146	151	49	54	221	0.18
SDA-0.5	106	176	24	94	1200	0.175
SDA-1.0	106	177	23	94	1228	0.185
SDA-1.5	106	177	23	94	1167	0.185
SDA-2.0	105	176	24	95	1149	0.18
SDA-2.5	105	176	24	95	1302	0.1875
SDA-3.0	105	176	24	95	1255	0.1625
\TheName{}-0.5	174	107	93	26	1217	0.2
\TheName{}-1.0	124	172	28	76	1332	0.1875
\TheName{}-1.5	117	173	27	83	1236	0.1725
\TheName{}-2.0	111	173	27	89	1223	0.1775
\TheName{}-2.5	108	174	26	92	1229	0.1775
\TheName{}-3.0	108	175	25	92	1217	0.18
SVM	161	149	51	39	0	0.005
LR	0	200	0	200	0	0.005
Ye-LDA	96	169	31	104	91	0.0025
DTree-10	112	153	47	88	2	0.0025
DTree-20	112	153	47	88	2	0.0025
RFC-50	79	176	24	121	4	0.0075
RFC-100	61	187	13	139	8	0.015
NLSVM-0.1	0	200	0	200	0	0.0175
NLSVM-1.0	179	55	145	21	0	0.0125
NLSVM-10	0	200	0	200	0	0.0125
LDA	100	151	49	100	221	0.165
SDA-0.5	139	156	44	61	1157	0.1725
SDA-1.0	139	155	45	61	1224	0.175
SDA-1.5	139	156	44	61	1163	0.17
SDA-2.0	139	157	43	61	1190	0.175
SDA-2.5	139	157	43	61	1209	0.1825
SDA-3.0	139	157	43	61	1181	0.1775
\TheName{}-0.5	131	104	96	69	1220	0.1775
\TheName{}-1.0	150	150	50	50	1213	0.17
\TheName{}-1.5	150	149	51	50	1225	0.175
\TheName{}-2.0	151	148	52	49	1311	0.18
\TheName{}-2.5	148	151	49	52	1279	0.1775
\TheName{}-3.0	147	151	49	53	1320	0.18
SVM	119	142	58	81	1	0.0025
LR	200	0	200	0	1	0.0025
Ye-LDA	163	118	82	37	87	0.0025
DTree-10	102	119	81	98	2	0.0025
DTree-20	102	119	81	98	2	0.0025
RFC-50	90	181	19	110	4	0.005
RFC-100	96	178	22	104	13	0.01
NLSVM-0.1	0	200	0	200	0	0.015
NLSVM-1.0	0	200	0	200	1	0.01
NLSVM-10	200	40	160	0	1	0.0125
LDA	90	180	20	110	225	0.1825
SDA-0.5	83	183	17	117	1281	0.1675
SDA-1.0	81	183	17	119	1198	0.1725
SDA-1.5	81	182	18	119	1239	0.1675
SDA-2.0	80	182	18	120	1273	0.1625
SDA-2.5	80	182	18	120	1309	0.165
SDA-3.0	80	182	18	120	1190	0.1675
\TheName{}-0.5	120	45	155	80	1330	0.1775
\TheName{}-1.0	90	191	9	110	1244	0.1775
\TheName{}-1.5	90	187	13	110	1323	0.17
\TheName{}-2.0	84	187	13	116	1237	0.1775
\TheName{}-2.5	83	185	15	117	1237	0.175
\TheName{}-3.0	82	185	15	118	1267	0.1725
SVM	105	176	24	95	0	0.005
LR	200	0	200	0	1	0.005
Ye-LDA	100	170	30	100	90	0.005
DTree-10	75	163	37	125	1	0.0025
DTree-20	75	163	37	125	2	0.0025
RFC-50	54	188	12	146	3	0.0075
RFC-100	58	189	11	142	6	0.01
NLSVM-0.1	200	1	199	0	0	0.0175
NLSVM-1.0	69	159	41	131	0	0.0125
NLSVM-10	0	200	0	200	0	0.0125
LDA	126	177	23	74	218	0.165
SDA-0.5	98	175	25	102	1153	0.185
SDA-1.0	98	175	25	102	1161	0.1775
SDA-1.5	98	175	25	102	1171	0.175
SDA-2.0	97	175	25	103	1192	0.185
SDA-2.5	97	175	25	103	1160	0.1775
SDA-3.0	97	175	25	103	1179	0.1775
\TheName{}-0.5	140	80	120	60	1226	0.2
\TheName{}-1.0	112	179	21	88	1281	0.1725
\TheName{}-1.5	101	177	23	99	1227	0.1725
\TheName{}-2.0	101	176	24	99	1267	0.1725
\TheName{}-2.5	100	177	23	100	1262	0.17
\TheName{}-3.0	99	175	25	101	1265	0.1775
SVM	139	169	31	61	0	0.0075
LR	0	200	0	200	0	0.0075
Ye-LDA	99	166	34	101	100	0.005
DTree-10	79	168	32	121	1	0.005
DTree-20	79	168	32	121	1	0.005
RFC-50	52	190	10	148	4	0.005
RFC-100	48	191	9	152	13	0.0075
NLSVM-0.1	200	7	193	0	1	0.0175
NLSVM-1.0	2	200	0	198	0	0.0125
NLSVM-10	200	0	200	0	0	0.015
LDA	163	144	56	37	228	0.165
SDA-0.5	121	171	29	79	1226	0.165
SDA-1.0	122	169	31	78	1175	0.1675
SDA-1.5	121	169	31	79	1187	0.17
SDA-2.0	118	169	31	82	1189	0.18
SDA-2.5	118	169	31	82	1188	0.175
SDA-3.0	118	169	31	82	1166	0.1775
\TheName{}-0.5	119	57	143	81	1247	0.1775
\TheName{}-1.0	160	171	29	40	1335	0.1825
\TheName{}-1.5	141	170	30	59	1272	0.1725
\TheName{}-2.0	132	169	31	68	1352	0.175
\TheName{}-2.5	129	169	31	71	1232	0.18
\TheName{}-3.0	127	169	31	73	1234	0.1725
SVM	163	147	53	37	1	0.005
LR	0	200	0	200	0	0.0025
Ye-LDA	101	180	20	99	96	0.005
DTree-10	106	137	63	94	1	0.0025
DTree-20	106	137	63	94	2	0.0025
RFC-50	52	181	19	148	4	0.005
RFC-100	48	185	15	152	9	0.01
NLSVM-0.1	119	136	64	81	0	0.015
NLSVM-1.0	7	199	1	193	0	0.0125
NLSVM-10	69	191	9	131	0	0.01
LDA	124	171	29	76	219	0.1675
SDA-0.5	99	181	19	101	1144	0.18
SDA-1.0	99	183	17	101	1159	0.18
SDA-1.5	100	183	17	100	1147	0.1775
SDA-2.0	100	183	17	100	1148	0.1775
SDA-2.5	100	183	17	100	1174	0.1825
SDA-3.0	100	183	17	100	1255	0.1875
\TheName{}-0.5	132	38	162	68	1246	0.175
\TheName{}-1.0	168	149	51	32	1218	0.1725
\TheName{}-1.5	127	183	17	73	1205	0.18
\TheName{}-2.0	115	185	15	85	1209	0.1775
\TheName{}-2.5	113	185	15	87	1268	0.18
\TheName{}-3.0	109	185	15	91	1242	0.175
SVM	145	168	32	55	1	0.0025
LR	200	0	200	0	1	0.0025
Ye-LDA	131	179	21	69	93	0.0025
DTree-10	80	172	28	120	2	0.0025
DTree-20	80	172	28	120	2	0.0025
RFC-50	55	190	10	145	5	0.0075
RFC-100	52	189	11	148	15	0.01
NLSVM-0.1	0	200	0	200	0	0.015
NLSVM-1.0	192	29	171	8	0	0.0125
NLSVM-10	40	200	0	160	0	0.0125
LDA	83	175	25	117	218	0.165
SDA-0.5	102	186	14	98	1210	0.1725
SDA-1.0	103	185	15	97	1181	0.1725
SDA-1.5	103	185	15	97	1195	0.18
SDA-2.0	103	185	15	97	1184	0.175
SDA-2.5	103	185	15	97	1171	0.1825
SDA-3.0	103	185	15	97	1203	0.175
\TheName{}-0.5	113	68	132	87	1244	0.1725
\TheName{}-1.0	107	190	10	93	1246	0.175
\TheName{}-1.5	104	188	12	96	1316	0.18
\TheName{}-2.0	99	187	13	101	1267	0.175
\TheName{}-2.5	100	186	14	100	1228	0.175
\TheName{}-3.0	100	186	14	100	1238	0.175
SVM	113	163	37	87	0	0.0025
LR	0	200	0	200	1	0.0025
Ye-LDA	106	189	11	94	94	0.005
DTree-10	81	156	44	119	2	0.0025
DTree-20	81	156	44	119	1	0.0025
RFC-50	65	192	8	135	3	0.0075
RFC-100	57	189	11	143	8	0.01
NLSVM-0.1	199	9	191	1	0	0.015
NLSVM-1.0	172	64	136	28	1	0.0125
NLSVM-10	200	0	200	0	0	0.01
LDA	143	132	68	57	218	0.17
SDA-0.5	127	172	28	73	1267	0.1775
SDA-1.0	126	171	29	74	1247	0.1725
SDA-1.5	125	170	30	75	1222	0.175
SDA-2.0	125	171	29	75	1155	0.175
SDA-2.5	125	172	28	75	1174	0.1775
SDA-3.0	125	172	28	75	1192	0.1775
\TheName{}-0.5	113	174	26	87	1250	0.18
\TheName{}-1.0	129	174	26	71	1213	0.18
\TheName{}-1.5	128	171	29	72	1219	0.1775
\TheName{}-2.0	126	170	30	74	1213	0.1775
\TheName{}-2.5	126	170	30	74	1197	0.1725
\TheName{}-3.0	126	170	30	74	1233	0.18
SVM	131	158	42	69	0	0.005
LR	200	0	200	0	0	0.005
Ye-LDA	168	115	85	32	90	0.005
DTree-10	77	173	27	123	1	0.005
DTree-20	77	173	27	123	2	0.005
RFC-50	53	186	14	147	7	0.005
RFC-100	51	186	14	149	14	0.0075
NLSVM-0.1	0	200	0	200	1	0.015
NLSVM-1.0	176	66	134	24	0	0.0125
NLSVM-10	200	0	200	0	0	0.01
LDA	95	171	29	105	229	0.1675
SDA-0.5	100	181	19	100	1192	0.1825
SDA-1.0	100	180	20	100	1195	0.225
SDA-1.5	100	180	20	100	1387	0.18
SDA-2.0	99	180	20	101	1180	0.1725
SDA-2.5	99	180	20	101	1137	0.1775
SDA-3.0	99	180	20	101	1164	0.1725
\TheName{}-0.5	135	33	167	65	1210	0.1775
\TheName{}-1.0	180	133	67	20	1243	0.1725
\TheName{}-1.5	137	178	22	63	1271	0.18
\TheName{}-2.0	122	178	22	78	1267	0.18
\TheName{}-2.5	116	179	21	84	1360	0.18
\TheName{}-3.0	109	178	22	91	1286	0.17
SVM	112	163	37	88	1	0.005
LR	0	200	0	200	0	0.0025
Ye-LDA	98	176	24	102	96	0.0025
DTree-10	84	165	35	116	2	0.005
DTree-20	84	165	35	116	1	0.005
RFC-50	56	189	11	144	8	0.005
RFC-100	55	185	15	145	16	0.0075
NLSVM-0.1	197	12	188	3	1	0.0125
NLSVM-1.0	151	60	140	49	1	0.0125
NLSVM-10	200	0	200	0	0	0.0125
LDA	126	130	70	74	220	0.17
SDA-0.5	160	163	37	40	1155	0.175
SDA-1.0	159	162	38	41	1146	0.1775
SDA-1.5	160	161	39	40	1227	0.1725
SDA-2.0	160	161	39	40	1150	0.1725
SDA-2.5	160	161	39	40	1218	0.17
SDA-3.0	160	161	39	40	1237	0.1975
\TheName{}-0.5	118	94	106	82	1355	0.18
\TheName{}-1.0	174	123	77	26	1224	0.1725
\TheName{}-1.5	179	135	65	21	1289	0.185
\TheName{}-2.0	174	154	46	26	1461	0.1725
\TheName{}-2.5	170	155	45	30	1322	0.1725
\TheName{}-3.0	168	156	44	32	1276	0.17
SVM	151	114	86	49	1	0.005
LR	200	0	200	0	0	0.0025
Ye-LDA	177	108	92	23	83	0.0025
DTree-10	97	149	51	103	2	0.005
DTree-20	100	149	51	100	1	0.005
RFC-50	63	182	18	137	6	0.005
RFC-100	62	182	18	138	7	0.0075
NLSVM-0.1	0	200	0	200	1	0.0125
NLSVM-1.0	185	27	173	15	1	0.01
NLSVM-10	39	197	3	161	1	0.01
LDA	172	113	87	28	220	0.1725
SDA-0.5	143	171	29	57	1163	0.17
SDA-1.0	137	169	31	63	1143	0.17
SDA-1.5	137	169	31	63	1191	0.1725
SDA-2.0	137	169	31	63	1167	0.17
SDA-2.5	137	169	31	63	1190	0.17
SDA-3.0	137	169	31	63	1164	0.17
\TheName{}-0.5	167	162	38	33	1249	0.17
\TheName{}-1.0	150	168	32	50	1219	0.1675
\TheName{}-1.5	144	168	32	56	1241	0.1725
\TheName{}-2.0	141	169	31	59	1268	0.17
\TheName{}-2.5	140	170	30	60	1289	0.1775
\TheName{}-3.0	140	169	31	60	1249	0.175
SVM	167	145	55	33	0	0.005
LR	0	200	0	200	0	0.005
Ye-LDA	129	168	32	71	103	0.0025
DTree-10	94	150	50	106	1	0.0025
DTree-20	94	150	50	106	1	0.0025
RFC-50	59	184	16	141	3	0.005
RFC-100	59	183	17	141	8	0.0075
NLSVM-0.1	0	200	0	200	1	0.015
NLSVM-1.0	200	19	181	0	0	0.0125
NLSVM-10	106	180	20	94	0	0.0125
