LDA	102	115	85	98	324	0.165
SDA-0.5	118	166	34	82	1516	0.1625
SDA-1.0	119	166	34	81	1494	0.1825
SDA-1.5	118	166	34	82	1499	0.165
SDA-2.0	118	166	34	82	1498	0.165
SDA-2.5	118	166	34	82	1492	0.1725
SDA-3.0	118	166	34	82	1600	0.1625
\TheName{}-0.5	172	139	61	28	1526	0.1825
\TheName{}-1.0	154	175	25	46	1568	0.165
\TheName{}-1.5	135	169	31	65	1571	0.17
\TheName{}-2.0	127	168	32	73	1560	0.165
\TheName{}-2.5	123	166	34	77	1633	0.17
\TheName{}-3.0	122	165	35	78	1569	0.175
SVM	174	157	43	26	11	0.005
LR	0	200	0	200	1	0.0025
Ye-LDA	138	174	26	62	205	0.005
DTree-10	74	180	20	126	4	0.0
DTree-20	90	172	28	110	7	0.0025
RFC-50	87	182	18	113	57	0.0125
RFC-100	95	180	20	105	113	0.0325
NLSVM-0.1	199	19	181	1	11	0.1025
NLSVM-1.0	52	178	22	148	9	0.08
NLSVM-10	91	190	10	109	8	0.0775
LDA	97	121	79	103	338	0.185
SDA-0.5	134	172	28	66	1500	0.1775
SDA-1.0	133	172	28	67	1536	0.1675
SDA-1.5	133	172	28	67	1459	0.165
SDA-2.0	133	172	28	67	1534	0.165
SDA-2.5	133	172	28	67	1537	0.175
SDA-3.0	133	172	28	67	1452	0.1775
\TheName{}-0.5	164	140	60	36	1593	0.1675
\TheName{}-1.0	152	178	22	48	1580	0.17
\TheName{}-1.5	144	177	23	56	1516	0.175
\TheName{}-2.0	144	176	24	56	1653	0.1775
\TheName{}-2.5	139	175	25	61	1607	0.1725
\TheName{}-3.0	139	174	26	61	1587	0.1725
SVM	175	172	28	25	14	0.005
LR	0	200	0	200	0	0.005
Ye-LDA	142	177	23	58	207	0.0025
DTree-10	71	181	19	129	4	0.0025
DTree-20	87	178	22	113	6	0.005
RFC-50	107	178	22	93	22	0.0125
RFC-100	92	182	18	108	144	0.055
NLSVM-0.1	2	200	0	198	11	0.1325
NLSVM-1.0	181	109	91	19	9	0.0925
NLSVM-10	190	140	60	10	8	0.0825
LDA	96	130	70	104	332	0.1825
SDA-0.5	109	178	22	91	1533	0.1675
SDA-1.0	108	178	22	92	1456	0.165
SDA-1.5	108	177	23	92	1460	0.165
SDA-2.0	108	177	23	92	1512	0.1775
SDA-2.5	107	177	23	93	1469	0.165
SDA-3.0	107	177	23	93	1433	0.18
\TheName{}-0.5	176	170	30	24	1516	0.175
\TheName{}-1.0	134	182	18	66	1597	0.185
\TheName{}-1.5	119	182	18	81	1488	0.175
\TheName{}-2.0	113	177	23	87	1549	0.165
\TheName{}-2.5	111	176	24	89	1546	0.1675
\TheName{}-3.0	110	176	24	90	1488	0.1775
SVM	159	173	27	41	14	0.005
LR	0	200	0	200	1	0.005
Ye-LDA	139	179	21	61	201	0.0025
DTree-10	75	162	38	125	4	0.0025
DTree-20	58	182	18	142	5	0.005
RFC-50	107	183	17	93	65	0.015
RFC-100	112	181	19	88	126	0.04
NLSVM-0.1	200	22	178	0	10	0.095
NLSVM-1.0	179	73	127	21	9	0.0725
NLSVM-10	152	171	29	48	8	0.065
LDA	113	121	79	87	332	0.1725
SDA-0.5	120	169	31	80	1436	0.1725
SDA-1.0	120	169	31	80	1453	0.1675
SDA-1.5	120	169	31	80	1540	0.17
SDA-2.0	120	169	31	80	1482	0.17
SDA-2.5	121	169	31	79	1469	0.165
SDA-3.0	121	169	31	79	1442	0.185
\TheName{}-0.5	175	164	36	25	1628	0.165
\TheName{}-1.0	141	170	30	59	1582	0.165
\TheName{}-1.5	129	169	31	71	1562	0.165
\TheName{}-2.0	127	168	32	73	1565	0.17
\TheName{}-2.5	126	168	32	74	1590	0.1775
\TheName{}-3.0	125	168	32	75	1523	0.1775
SVM	158	166	34	42	14	0.005
LR	0	200	0	200	1	0.005
Ye-LDA	129	168	32	71	221	0.005
DTree-10	65	167	33	135	4	0.0025
DTree-20	75	174	26	125	6	0.005
RFC-50	110	176	24	90	74	0.0125
RFC-100	110	172	28	90	144	0.0425
NLSVM-0.1	97	184	16	103	10	0.11
NLSVM-1.0	180	70	130	20	9	0.0825
NLSVM-10	108	177	23	92	8	0.08
LDA	116	115	85	84	336	0.185
SDA-0.5	126	184	16	74	1542	0.17
SDA-1.0	125	184	16	75	1496	0.165
SDA-1.5	124	184	16	76	1503	0.17
SDA-2.0	124	184	16	76	1477	0.175
SDA-2.5	124	184	16	76	1446	0.17
SDA-3.0	124	184	16	76	1475	0.19
\TheName{}-0.5	180	133	67	20	1615	0.17
\TheName{}-1.0	151	186	14	49	1526	0.1675
\TheName{}-1.5	140	185	15	60	1566	0.165
\TheName{}-2.0	136	184	16	64	1577	0.165
\TheName{}-2.5	136	184	16	64	1539	0.1625
\TheName{}-3.0	134	184	16	66	1575	0.185
SVM	166	176	24	34	16	0.005
LR	0	200	0	200	1	0.005
Ye-LDA	133	178	22	67	207	0.0075
DTree-10	67	174	26	133	3	0.0025
DTree-20	100	165	35	100	6	0.005
RFC-50	110	178	22	90	61	0.0125
RFC-100	113	178	22	87	112	0.0325
NLSVM-0.1	199	26	174	1	10	0.0975
NLSVM-1.0	193	83	117	7	8	0.0825
NLSVM-10	84	198	2	116	9	0.0775
LDA	109	127	73	91	337	0.185
SDA-0.5	135	170	30	65	1468	0.17
SDA-1.0	133	170	30	67	1421	0.1725
SDA-1.5	133	170	30	67	1489	0.1775
SDA-2.0	132	170	30	68	1485	0.165
SDA-2.5	132	170	30	68	1484	0.17
SDA-3.0	132	169	31	68	1546	0.165
\TheName{}-0.5	180	137	63	20	1601	0.1675
\TheName{}-1.0	159	176	24	41	1707	0.1675
\TheName{}-1.5	145	173	27	55	1611	0.17
\TheName{}-2.0	142	170	30	58	1583	0.165
\TheName{}-2.5	138	170	30	62	1571	0.1775
\TheName{}-3.0	138	170	30	62	1554	0.1675
SVM	182	156	44	18	11	0.0025
LR	0	200	0	200	1	0.005
Ye-LDA	138	168	32	62	207	0.0025
DTree-10	186	82	118	14	4	0.0025
DTree-20	93	167	33	107	8	0.0025
RFC-50	115	182	18	85	65	0.0125
RFC-100	105	179	21	95	143	0.04
NLSVM-0.1	200	32	168	0	10	0.1275
NLSVM-1.0	184	73	127	16	9	0.08
NLSVM-10	91	189	11	109	8	0.0725
LDA	103	125	75	97	329	0.185
SDA-0.5	163	170	30	37	1548	0.1675
SDA-1.0	162	167	33	38	1485	0.1675
SDA-1.5	162	167	33	38	1524	0.1675
SDA-2.0	162	167	33	38	1509	0.165
SDA-2.5	162	167	33	38	1456	0.18
SDA-3.0	162	167	33	38	1521	0.175
\TheName{}-0.5	189	162	38	11	1590	0.2225
\TheName{}-1.0	179	171	29	21	1647	0.1675
\TheName{}-1.5	169	168	32	31	1566	0.1675
\TheName{}-2.0	166	168	32	34	1589	0.1825
\TheName{}-2.5	165	168	32	35	1607	0.1775
\TheName{}-3.0	164	168	32	36	1633	0.1875
SVM	183	166	34	17	15	0.0075
LR	0	200	0	200	0	0.005
Ye-LDA	176	168	32	24	215	0.005
DTree-10	92	177	23	108	7	0.0075
DTree-20	106	171	29	94	8	0.0025
RFC-50	122	167	33	78	72	0.015
RFC-100	121	171	29	79	138	0.035
NLSVM-0.1	200	33	167	0	10	0.095
NLSVM-1.0	194	89	111	6	9	0.0725
NLSVM-10	182	166	34	18	10	0.075
LDA	139	109	91	61	348	0.175
SDA-0.5	159	159	41	41	1480	0.165
SDA-1.0	159	159	41	41	1469	0.1775
SDA-1.5	159	159	41	41	1461	0.1675
SDA-2.0	158	159	41	42	1456	0.1775
SDA-2.5	158	159	41	42	1443	0.1675
SDA-3.0	158	158	42	42	1430	0.17
\TheName{}-0.5	173	166	34	27	1538	0.1675
\TheName{}-1.0	163	164	36	37	1508	0.165
\TheName{}-1.5	159	160	40	41	1500	0.18
\TheName{}-2.0	159	159	41	41	1524	0.1725
\TheName{}-2.5	159	159	41	41	1501	0.175
\TheName{}-3.0	159	158	42	41	1482	0.17
SVM	179	170	30	21	10	0.005
LR	0	200	0	200	1	0.005
Ye-LDA	160	161	39	40	204	0.005
DTree-10	69	177	23	131	3	0.005
DTree-20	113	162	38	87	7	0.0025
RFC-50	120	167	33	80	63	0.0175
RFC-100	118	166	34	82	125	0.035
NLSVM-0.1	200	27	173	0	12	0.0975
NLSVM-1.0	180	92	108	20	9	0.0825
NLSVM-10	199	70	130	1	8	0.075
LDA	116	124	76	84	341	0.185
SDA-0.5	152	177	23	48	1492	0.1675
SDA-1.0	151	175	25	49	1464	0.165
SDA-1.5	151	175	25	49	1488	0.18
SDA-2.0	150	175	25	50	1496	0.1925
SDA-2.5	149	175	25	51	1542	0.1775
SDA-3.0	149	175	25	51	1467	0.1675
\TheName{}-0.5	179	164	36	21	1512	0.165
\TheName{}-1.0	165	175	25	35	1525	0.165
\TheName{}-1.5	158	174	26	42	1599	0.1675
\TheName{}-2.0	158	174	26	42	1556	0.165
\TheName{}-2.5	154	175	25	46	1543	0.175
\TheName{}-3.0	153	175	25	47	1596	0.1925
SVM	168	181	19	32	17	0.005
LR	0	200	0	200	1	0.005
Ye-LDA	162	171	29	38	225	0.005
DTree-10	178	62	138	22	7	0.0025
DTree-20	88	189	11	112	26	0.005
RFC-50	129	179	21	71	79	0.0225
RFC-100	128	180	20	72	140	0.0375
NLSVM-0.1	200	22	178	0	10	0.1
NLSVM-1.0	190	79	121	10	8	0.085
NLSVM-10	115	193	7	85	10	0.0775
LDA	117	142	58	83	334	0.175
SDA-0.5	136	175	25	64	1417	0.1775
SDA-1.0	135	174	26	65	1474	0.175
SDA-1.5	135	174	26	65	1447	0.165
SDA-2.0	134	174	26	66	1435	0.1875
SDA-2.5	133	174	26	67	1471	0.18
SDA-3.0	133	174	26	67	1495	0.1675
\TheName{}-0.5	159	183	17	41	1508	0.19
\TheName{}-1.0	145	179	21	55	1562	0.1725
\TheName{}-1.5	143	175	25	57	1624	0.175
\TheName{}-2.0	139	176	24	61	1508	0.1775
\TheName{}-2.5	136	177	23	64	1535	0.1825
\TheName{}-3.0	136	176	24	64	1502	0.165
SVM	168	170	30	32	11	0.005
LR	0	200	0	200	1	0.0025
Ye-LDA	147	171	29	53	211	0.005
DTree-10	93	171	29	107	4	0.0025
DTree-20	103	175	25	97	6	0.0075
RFC-50	110	178	22	90	52	0.0125
RFC-100	109	180	20	91	108	0.035
NLSVM-0.1	199	29	171	1	11	0.0975
NLSVM-1.0	171	112	88	29	9	0.08
NLSVM-10	149	168	32	51	8	0.07
LDA	123	133	67	77	350	0.195
SDA-0.5	134	172	28	66	1411	0.1725
SDA-1.0	132	171	29	68	1488	0.1675
SDA-1.5	131	171	29	69	1457	0.17
SDA-2.0	131	171	29	69	1454	0.1675
SDA-2.5	130	171	29	70	1539	0.185
SDA-3.0	130	171	29	70	1525	0.1625
\TheName{}-0.5	181	145	55	19	1562	0.1675
\TheName{}-1.0	150	168	32	50	1559	0.18
\TheName{}-1.5	143	170	30	57	1590	0.1675
\TheName{}-2.0	139	171	29	61	1656	0.165
\TheName{}-2.5	136	172	28	64	1634	0.18
\TheName{}-3.0	135	171	29	65	1630	0.1725
SVM	183	154	46	17	10	0.005
LR	0	200	0	200	1	0.005
Ye-LDA	145	164	36	55	208	0.0075
DTree-10	69	170	30	131	3	0.005
DTree-20	93	164	36	107	5	0.01
RFC-50	107	177	23	93	58	0.0125
RFC-100	107	176	24	93	136	0.035
NLSVM-0.1	200	23	177	0	11	0.1175
NLSVM-1.0	190	93	107	10	8	0.085
NLSVM-10	67	192	8	133	8	0.0775
LDA	115	133	67	85	327	0.175
SDA-0.5	124	173	27	76	1470	0.1725
SDA-1.0	121	173	27	79	1442	0.165
SDA-1.5	121	172	28	79	1494	0.165
SDA-2.0	122	172	28	78	1432	0.17
SDA-2.5	122	172	28	78	1469	0.1825
SDA-3.0	122	172	28	78	1481	0.1675
\TheName{}-0.5	170	158	42	30	1476	0.1675
\TheName{}-1.0	142	179	21	58	1526	0.17
\TheName{}-1.5	134	178	22	66	1600	0.1925
\TheName{}-2.0	130	178	22	70	1561	0.2375
\TheName{}-2.5	129	175	25	71	1588	0.1775
\TheName{}-3.0	130	174	26	70	1537	0.1675
SVM	165	172	28	35	14	0.005
LR	0	200	0	200	0	0.005
Ye-LDA	133	181	19	67	203	0.005
DTree-10	48	174	26	152	4	0.0025
DTree-20	74	174	26	126	5	0.005
RFC-50	89	184	16	111	52	0.0125
RFC-100	106	178	22	94	111	0.035
NLSVM-0.1	95	181	19	105	10	0.0925
NLSVM-1.0	173	111	89	27	8	0.0725
NLSVM-10	70	195	5	130	8	0.0675
LDA	110	124	76	90	338	0.18
SDA-0.5	156	179	21	44	1473	0.1825
SDA-1.0	153	179	21	47	1500	0.17
SDA-1.5	153	177	23	47	1490	0.1675
SDA-2.0	153	177	23	47	1487	0.165
SDA-2.5	153	177	23	47	1542	0.18
SDA-3.0	153	177	23	47	1570	0.1675
\TheName{}-0.5	180	166	34	20	1602	0.18
\TheName{}-1.0	168	177	23	32	1654	0.1725
\TheName{}-1.5	163	176	24	37	1631	0.1675
\TheName{}-2.0	161	176	24	39	1618	0.165
\TheName{}-2.5	160	177	23	40	1627	0.175
\TheName{}-3.0	157	177	23	43	1573	0.185
SVM	167	170	30	33	12	0.0125
LR	0	200	0	200	0	0.005
Ye-LDA	153	171	29	47	208	0.0075
DTree-10	81	185	15	119	4	0.005
DTree-20	118	177	23	82	6	0.005
RFC-50	116	175	25	84	65	0.02
RFC-100	117	179	21	83	135	0.04
NLSVM-0.1	200	33	167	0	11	0.1
NLSVM-1.0	189	78	122	11	8	0.08
NLSVM-10	189	158	42	11	8	0.075
LDA	109	127	73	91	336	0.165
SDA-0.5	120	170	30	80	1486	0.1675
SDA-1.0	121	170	30	79	1515	0.1675
SDA-1.5	121	170	30	79	1455	0.17
SDA-2.0	121	170	30	79	1514	0.1775
SDA-2.5	121	170	30	79	1560	0.175
SDA-3.0	121	170	30	79	1466	0.1725
\TheName{}-0.5	163	136	64	37	1563	0.17
\TheName{}-1.0	151	176	24	49	1589	0.1675
\TheName{}-1.5	133	173	27	67	1504	0.17
\TheName{}-2.0	127	172	28	73	1531	0.165
\TheName{}-2.5	125	171	29	75	1605	0.165
\TheName{}-3.0	124	170	30	76	1548	0.165
SVM	153	169	31	47	13	0.005
LR	0	200	0	200	0	0.005
Ye-LDA	149	173	27	51	196	0.005
DTree-10	90	176	24	110	4	0.005
DTree-20	103	168	32	97	7	0.0025
RFC-50	119	173	27	81	61	0.0175
RFC-100	121	175	25	79	129	0.0325
NLSVM-0.1	199	23	177	1	11	0.1
NLSVM-1.0	187	76	124	13	10	0.085
NLSVM-10	196	107	93	4	9	0.0725
LDA	98	118	82	102	338	0.175
SDA-0.5	137	185	15	63	1450	0.17
SDA-1.0	136	185	15	64	1490	0.1725
SDA-1.5	136	184	16	64	1407	0.1675
SDA-2.0	136	184	16	64	1453	0.18
SDA-2.5	136	184	16	64	1420	0.17
SDA-3.0	135	184	16	65	1434	0.1725
\TheName{}-0.5	183	165	35	17	1512	0.17
\TheName{}-1.0	157	186	14	43	1525	0.1725
\TheName{}-1.5	146	186	14	54	1505	0.165
\TheName{}-2.0	142	186	14	58	1563	0.17
\TheName{}-2.5	140	185	15	60	1595	0.185
\TheName{}-3.0	140	185	15	60	1553	0.165
SVM	168	180	20	32	12	0.005
LR	0	200	0	200	1	0.0025
Ye-LDA	153	180	20	47	201	0.005
DTree-10	50	189	11	150	4	0.0025
DTree-20	86	183	17	114	7	0.005
RFC-50	117	183	17	83	65	0.0125
RFC-100	105	184	16	95	130	0.035
NLSVM-0.1	84	185	15	116	10	0.095
NLSVM-1.0	180	104	96	20	8	0.0775
NLSVM-10	145	185	15	55	8	0.0675
LDA	113	112	88	87	326	0.1775
SDA-0.5	125	167	33	75	1460	0.1675
SDA-1.0	124	165	35	76	1524	0.1675
SDA-1.5	124	165	35	76	1434	0.17
SDA-2.0	124	165	35	76	1460	0.165
SDA-2.5	124	165	35	76	1462	0.175
SDA-3.0	124	165	35	76	1411	0.165
\TheName{}-0.5	139	112	88	61	1559	0.1675
\TheName{}-1.0	157	172	28	43	1556	0.165
\TheName{}-1.5	135	172	28	65	1510	0.1675
\TheName{}-2.0	131	172	28	69	1551	0.1625
\TheName{}-2.5	129	170	30	71	1543	0.165
\TheName{}-3.0	126	169	31	74	1564	0.1725
SVM	173	152	48	27	12	0.005
LR	0	200	0	200	0	0.005
Ye-LDA	147	175	25	53	194	0.005
DTree-10	70	172	28	130	4	0.0025
DTree-20	111	162	38	89	6	0.005
RFC-50	126	167	33	74	16	0.01
RFC-100	126	163	37	74	99	0.03
NLSVM-0.1	200	23	177	0	10	0.0925
NLSVM-1.0	187	76	124	13	9	0.0725
NLSVM-10	101	185	15	99	9	0.0625
LDA	128	128	72	72	340	0.1825
SDA-0.5	139	166	34	61	1475	0.17
SDA-1.0	138	164	36	62	1471	0.1675
SDA-1.5	138	164	36	62	1451	0.1675
SDA-2.0	139	164	36	61	1483	0.1725
SDA-2.5	139	164	36	61	1494	0.1875
SDA-3.0	139	164	36	61	1501	0.17
\TheName{}-0.5	179	174	26	21	1618	0.1725
\TheName{}-1.0	161	166	34	39	1629	0.175
\TheName{}-1.5	149	167	33	51	1622	0.1775
\TheName{}-2.0	146	167	33	54	1632	0.18
\TheName{}-2.5	143	165	35	57	1629	0.185
\TheName{}-3.0	143	165	35	57	1543	0.175
SVM	178	172	28	22	14	0.0075
LR	0	200	0	200	1	0.0025
Ye-LDA	132	166	34	68	226	0.005
DTree-10	68	180	20	132	5	0.005
DTree-20	95	170	30	105	7	0.005
RFC-50	111	178	22	89	54	0.0125
RFC-100	106	175	25	94	114	0.1
NLSVM-0.1	200	27	173	0	10	0.095
NLSVM-1.0	196	81	119	4	11	0.2075
NLSVM-10	192	133	67	8	8	0.1275
LDA	136	124	76	64	336	0.1775
SDA-0.5	172	172	28	28	1482	0.1675
SDA-1.0	170	170	30	30	1476	0.165
SDA-1.5	170	170	30	30	1468	0.165
SDA-2.0	170	170	30	30	1497	0.17
SDA-2.5	170	170	30	30	1481	0.1775
SDA-3.0	170	170	30	30	1478	0.1675
\TheName{}-0.5	188	169	31	12	1573	0.1675
\TheName{}-1.0	183	172	28	17	1630	0.175
\TheName{}-1.5	178	169	31	22	1581	0.1675
\TheName{}-2.0	178	169	31	22	1580	0.1725
\TheName{}-2.5	173	169	31	27	1567	0.175
\TheName{}-3.0	173	169	31	27	1518	0.165
SVM	171	170	30	29	13	0.005
LR	0	200	0	200	0	0.005
Ye-LDA	161	162	38	39	207	0.005
DTree-10	93	167	33	107	4	0.005
DTree-20	111	159	41	89	6	0.005
RFC-50	112	178	22	88	53	0.015
RFC-100	111	181	19	89	104	0.035
NLSVM-0.1	5	198	2	195	10	0.1075
NLSVM-1.0	199	81	119	1	8	0.0775
NLSVM-10	136	184	16	64	9	0.0775
LDA	109	125	75	91	426	0.1775
SDA-0.5	151	174	26	49	1416	0.165
SDA-1.0	149	174	26	51	1408	0.17
SDA-1.5	149	174	26	51	1425	0.1675
SDA-2.0	148	174	26	52	1454	0.1675
SDA-2.5	147	174	26	53	1438	0.1775
SDA-3.0	146	174	26	54	1449	0.165
\TheName{}-0.5	180	152	48	20	1501	0.17
\TheName{}-1.0	155	169	31	45	1512	0.17
\TheName{}-1.5	150	170	30	50	1525	0.1725
\TheName{}-2.0	149	172	28	51	1577	0.17
\TheName{}-2.5	148	173	27	52	1552	0.1675
\TheName{}-3.0	148	173	27	52	1566	0.175
SVM	183	151	49	17	11	0.005
LR	0	200	0	200	0	0.005
Ye-LDA	149	158	42	51	223	0.0025
DTree-10	81	183	17	119	4	0.0025
DTree-20	89	173	27	111	6	0.005
RFC-50	111	176	24	89	57	0.01
RFC-100	113	182	18	87	111	0.0275
NLSVM-0.1	0	199	1	200	11	0.0925
NLSVM-1.0	180	92	108	20	9	0.0725
NLSVM-10	73	194	6	127	8	0.07
LDA	115	137	63	85	329	0.175
SDA-0.5	135	178	22	65	1622	0.165
SDA-1.0	133	178	22	67	1431	0.1675
SDA-1.5	133	178	22	67	1483	0.1675
SDA-2.0	133	178	22	67	1491	0.165
SDA-2.5	133	178	22	67	1492	0.185
SDA-3.0	133	178	22	67	1500	0.185
\TheName{}-0.5	173	140	60	27	1589	0.1725
\TheName{}-1.0	182	168	32	18	1558	0.1675
\TheName{}-1.5	166	175	25	34	1573	0.165
\TheName{}-2.0	149	177	23	51	1563	0.17
\TheName{}-2.5	148	175	25	52	1542	0.1675
\TheName{}-3.0	144	175	25	56	1572	0.1825
SVM	187	169	31	13	17	0.005
LR	0	200	0	200	1	0.0025
Ye-LDA	147	176	24	53	209	0.0075
DTree-10	55	188	12	145	4	0.005
DTree-20	97	169	31	103	6	0.0025
RFC-50	97	181	19	103	64	0.0125
RFC-100	88	186	14	112	120	0.0425
NLSVM-0.1	200	28	172	0	12	0.11
NLSVM-1.0	200	63	137	0	9	0.08
NLSVM-10	158	175	25	42	8	0.0775
LDA	115	123	77	85	333	0.175
SDA-0.5	148	175	25	52	1477	0.17
SDA-1.0	145	176	24	55	1396	0.165
SDA-1.5	145	176	24	55	1419	0.175
SDA-2.0	145	176	24	55	1457	0.1675
SDA-2.5	145	176	24	55	1431	0.1725
SDA-3.0	145	176	24	55	1441	0.1775
\TheName{}-0.5	183	159	41	17	1533	0.1725
\TheName{}-1.0	169	175	25	31	1498	0.165
\TheName{}-1.5	160	178	22	40	1522	0.1675
\TheName{}-2.0	156	178	22	44	1541	0.175
\TheName{}-2.5	153	177	23	47	1526	0.165
\TheName{}-3.0	152	176	24	48	1550	0.195
SVM	185	157	43	15	10	0.005
LR	0	200	0	200	1	0.0025
Ye-LDA	151	163	37	49	218	0.0025
DTree-10	85	154	46	115	4	0.01
DTree-20	81	172	28	119	5	0.005
RFC-50	100	183	17	100	59	0.0125
RFC-100	103	186	14	97	116	0.04
NLSVM-0.1	200	22	178	0	11	0.095
NLSVM-1.0	44	194	6	156	8	0.0825
NLSVM-10	42	200	0	158	8	0.0775
LDA	124	127	73	76	335	0.1775
SDA-0.5	146	186	14	54	1522	0.1725
SDA-1.0	145	186	14	55	1515	0.1675
SDA-1.5	144	186	14	56	1454	0.17
SDA-2.0	144	187	13	56	1511	0.165
SDA-2.5	144	187	13	56	1453	0.165
SDA-3.0	145	187	13	55	1526	0.1775
\TheName{}-0.5	178	137	63	22	1600	0.165
\TheName{}-1.0	171	186	14	29	1542	0.165
\TheName{}-1.5	155	188	12	45	1620	0.165
\TheName{}-2.0	152	189	11	48	1608	0.175
\TheName{}-2.5	150	188	12	50	1564	0.1825
\TheName{}-3.0	145	189	11	55	1616	0.1825
SVM	171	167	33	29	12	0.005
LR	0	200	0	200	1	0.005
Ye-LDA	167	169	31	33	216	0.005
DTree-10	87	186	14	113	3	0.005
DTree-20	121	179	21	79	7	0.005
RFC-50	108	188	12	92	63	0.015
RFC-100	115	186	14	85	135	0.0425
NLSVM-0.1	200	27	173	0	12	0.1
NLSVM-1.0	22	188	12	178	8	0.1375
NLSVM-10	129	193	7	71	8	0.09
LDA	132	120	80	68	332	0.1725
SDA-0.5	159	170	30	41	1457	0.1675
SDA-1.0	158	170	30	42	1464	0.165
SDA-1.5	158	169	31	42	1447	0.165
SDA-2.0	158	169	31	42	1469	0.165
SDA-2.5	157	170	30	43	1469	0.165
SDA-3.0	157	170	30	43	1479	0.1825
\TheName{}-0.5	189	156	44	11	1538	0.165
\TheName{}-1.0	181	170	30	19	1531	0.17
\TheName{}-1.5	175	170	30	25	1545	0.17
\TheName{}-2.0	167	170	30	33	1557	0.185
\TheName{}-2.5	160	169	31	40	1508	0.17
\TheName{}-3.0	160	169	31	40	1544	0.18
SVM	180	164	36	20	17	0.005
LR	200	0	200	0	1	0.0075
Ye-LDA	187	149	51	13	198	0.0075
DTree-10	80	182	18	120	3	0.005
DTree-20	117	166	34	83	5	0.005
RFC-50	140	174	26	60	60	0.0125
RFC-100	132	171	29	68	114	0.035
NLSVM-0.1	199	17	183	1	10	0.0925
NLSVM-1.0	197	63	137	3	8	0.08
NLSVM-10	193	120	80	7	10	0.0775
LDA	119	127	73	81	330	0.1775
SDA-0.5	128	180	20	72	1434	0.165
SDA-1.0	125	181	19	75	1628	0.17
SDA-1.5	125	180	20	75	1500	0.165
SDA-2.0	125	180	20	75	1463	0.17
SDA-2.5	125	180	20	75	1499	0.165
SDA-3.0	125	180	20	75	1495	0.1775
\TheName{}-0.5	143	150	50	57	1592	0.17
\TheName{}-1.0	148	184	16	52	1532	0.17
\TheName{}-1.5	135	181	19	65	1595	0.1675
\TheName{}-2.0	133	182	18	67	1565	0.17
\TheName{}-2.5	132	181	19	68	1556	0.1625
\TheName{}-3.0	132	181	19	68	1583	0.175
SVM	166	177	23	34	11	0.005
LR	0	200	0	200	1	0.005
Ye-LDA	140	179	21	60	208	0.005
DTree-10	43	182	18	157	3	0.005
DTree-20	83	166	34	117	6	0.005
RFC-50	103	181	19	97	54	0.0125
RFC-100	105	178	22	95	113	0.035
NLSVM-0.1	4	200	0	196	10	0.0975
NLSVM-1.0	181	124	76	19	9	0.075
NLSVM-10	130	185	15	70	8	0.0675
LDA	115	128	72	85	325	0.17
SDA-0.5	138	179	21	62	1384	0.17
SDA-1.0	137	177	23	63	1450	0.1725
SDA-1.5	137	176	24	63	1452	0.1725
SDA-2.0	137	176	24	63	1433	0.1675
SDA-2.5	134	176	24	66	1462	0.165
SDA-3.0	133	175	25	67	1495	0.1775
\TheName{}-0.5	183	165	35	17	1571	0.1725
\TheName{}-1.0	153	175	25	47	1557	0.17
\TheName{}-1.5	151	176	24	49	1579	0.17
\TheName{}-2.0	146	178	22	54	1599	0.1825
\TheName{}-2.5	145	177	23	55	1574	0.1975
\TheName{}-3.0	143	177	23	57	1559	0.165
SVM	161	169	31	39	18	0.0025
LR	0	200	0	200	1	0.005
Ye-LDA	156	181	19	44	217	0.005
DTree-10	189	88	112	11	3	0.005
DTree-20	166	99	101	34	8	0.005
RFC-50	109	179	21	91	62	0.015
RFC-100	108	182	18	92	127	0.04
NLSVM-0.1	199	22	178	1	10	0.095
NLSVM-1.0	193	57	143	7	8	0.08
NLSVM-10	69	198	2	131	9	0.1175
LDA	124	124	76	76	328	0.165
SDA-0.5	153	173	27	47	1403	0.1675
SDA-1.0	152	171	29	48	1477	0.165
SDA-1.5	152	172	28	48	1598	0.1675
SDA-2.0	152	172	28	48	1428	0.165
SDA-2.5	152	172	28	48	1439	0.1625
SDA-3.0	152	172	28	48	1439	0.165
\TheName{}-0.5	177	173	27	23	1489	0.1725
\TheName{}-1.0	166	176	24	34	1505	0.17
\TheName{}-1.5	160	174	26	40	1529	0.1675
\TheName{}-2.0	158	174	26	42	1542	0.175
\TheName{}-2.5	154	174	26	46	1648	0.17
\TheName{}-3.0	153	172	28	47	1571	0.1725
SVM	173	170	30	27	21	0.005
LR	0	200	0	200	1	0.0025
Ye-LDA	159	166	34	41	206	0.0025
DTree-10	72	184	16	128	4	0.0025
DTree-20	104	166	34	96	6	0.0025
RFC-50	111	178	22	89	58	0.01
RFC-100	109	180	20	91	111	0.0325
NLSVM-0.1	200	18	182	0	11	0.1025
NLSVM-1.0	110	180	20	90	9	0.08
NLSVM-10	69	199	1	131	8	0.16
LDA	106	125	75	94	353	0.1825
SDA-0.5	140	170	30	60	1410	0.175
SDA-1.0	138	170	30	62	1481	0.1675
SDA-1.5	137	170	30	63	1483	0.1725
SDA-2.0	137	170	30	63	1455	0.1675
SDA-2.5	137	170	30	63	1489	0.1625
SDA-3.0	137	170	30	63	1595	0.165
\TheName{}-0.5	182	138	62	18	1524	0.165
\TheName{}-1.0	156	171	29	44	1534	0.1725
\TheName{}-1.5	148	173	27	52	1565	0.175
\TheName{}-2.0	144	171	29	56	1537	0.1625
\TheName{}-2.5	143	170	30	57	1523	0.1725
\TheName{}-3.0	142	170	30	58	1532	0.165
SVM	179	155	45	21	12	0.0025
LR	0	200	0	200	1	0.005
Ye-LDA	131	169	31	69	201	0.005
DTree-10	88	176	24	112	4	0.0025
DTree-20	116	161	39	84	6	0.0025
RFC-50	106	166	34	94	54	0.0125
RFC-100	103	176	24	97	129	0.0325
NLSVM-0.1	200	27	173	0	11	0.0925
NLSVM-1.0	197	77	123	3	8	0.11
NLSVM-10	79	191	9	121	10	0.0775
LDA	98	146	54	102	333	0.1825
SDA-0.5	155	168	32	45	1482	0.18
SDA-1.0	154	168	32	46	1434	0.165
SDA-1.5	153	168	32	47	1471	0.1675
SDA-2.0	154	168	32	46	1425	0.185
SDA-2.5	154	168	32	46	1544	0.165
SDA-3.0	154	168	32	46	1463	0.1675
\TheName{}-0.5	166	137	63	34	1534	0.1725
\TheName{}-1.0	174	173	27	26	1578	0.1825
\TheName{}-1.5	171	171	29	29	1564	0.1675
\TheName{}-2.0	166	171	29	34	1514	0.1675
\TheName{}-2.5	162	169	31	38	1554	0.1675
\TheName{}-3.0	163	169	31	37	1544	0.1675
SVM	168	170	30	32	10	0.0025
LR	0	200	0	200	1	0.005
Ye-LDA	163	170	30	37	204	0.005
DTree-10	72	179	21	128	3	0.005
DTree-20	97	169	31	103	6	0.0025
RFC-50	116	172	28	84	18	0.01
RFC-100	117	172	28	83	109	0.03
NLSVM-0.1	200	24	176	0	11	0.0925
NLSVM-1.0	200	66	134	0	9	0.075
NLSVM-10	111	190	10	89	8	0.07
LDA	101	121	79	99	328	0.1725
SDA-0.5	124	169	31	76	1510	0.175
SDA-1.0	122	169	31	78	1508	0.165
SDA-1.5	122	169	31	78	1495	0.17
SDA-2.0	122	169	31	78	1453	0.17
SDA-2.5	122	169	31	78	1505	0.165
SDA-3.0	122	169	31	78	1494	0.165
\TheName{}-0.5	170	177	23	30	1531	0.1725
\TheName{}-1.0	146	171	29	54	1586	0.19
\TheName{}-1.5	135	171	29	65	1617	0.165
\TheName{}-2.0	131	171	29	69	1527	0.1725
\TheName{}-2.5	128	170	30	72	1576	0.1675
\TheName{}-3.0	127	170	30	73	1619	0.165
SVM	169	174	26	31	12	0.005
LR	0	200	0	200	0	0.005
Ye-LDA	147	175	25	53	207	0.0025
DTree-10	100	171	29	100	5	0.0025
DTree-20	120	168	32	80	7	0.005
RFC-50	124	172	28	76	63	0.015
RFC-100	123	177	23	77	109	0.035
NLSVM-0.1	199	36	164	1	11	0.095
NLSVM-1.0	181	89	111	19	9	0.0825
NLSVM-10	133	172	28	67	8	0.07
LDA	120	126	74	80	326	0.175
SDA-0.5	154	169	31	46	1517	0.1675
SDA-1.0	153	169	31	47	1505	0.17
SDA-1.5	150	169	31	50	1486	0.1675
SDA-2.0	150	169	31	50	1481	0.1675
SDA-2.5	149	168	32	51	1542	0.165
SDA-3.0	149	168	32	51	1464	0.1725
\TheName{}-0.5	187	158	42	13	1529	0.18
\TheName{}-1.0	171	171	29	29	1566	0.17
\TheName{}-1.5	167	169	31	33	1574	0.17
\TheName{}-2.0	162	171	29	38	1569	0.1675
\TheName{}-2.5	157	171	29	43	1550	0.165
\TheName{}-3.0	157	170	30	43	1558	0.165
SVM	169	172	28	31	15	0.005
LR	0	200	0	200	1	0.0025
Ye-LDA	172	177	23	28	202	0.0075
DTree-10	66	188	12	134	4	0.0025
DTree-20	83	181	19	117	8	0.0025
RFC-50	117	173	27	83	78	0.0125
RFC-100	127	170	30	73	138	0.0225
NLSVM-0.1	2	197	3	198	11	0.095
NLSVM-1.0	196	87	113	4	9	0.07
NLSVM-10	99	194	6	101	8	0.0625
LDA	125	138	62	75	317	0.1675
SDA-0.5	120	181	19	80	1472	0.17
SDA-1.0	118	178	22	82	1460	0.17
SDA-1.5	118	178	22	82	1473	0.21
SDA-2.0	118	178	22	82	1475	0.185
SDA-2.5	118	178	22	82	1535	0.165
SDA-3.0	118	178	22	82	1475	0.165
\TheName{}-0.5	178	141	59	22	1618	0.175
\TheName{}-1.0	148	188	12	52	1581	0.1675
\TheName{}-1.5	132	183	17	68	1659	0.18
\TheName{}-2.0	127	184	16	73	1636	0.1675
\TheName{}-2.5	125	182	18	75	1617	0.17
\TheName{}-3.0	124	180	20	76	1577	0.1725
SVM	182	174	26	18	9	0.005
LR	0	200	0	200	3	0.005
Ye-LDA	159	185	15	41	204	0.005
DTree-10	66	174	26	134	4	0.0075
DTree-20	80	178	22	120	6	0.005
RFC-50	93	182	18	107	56	0.0175
RFC-100	93	181	19	107	105	0.035
NLSVM-0.1	200	26	174	0	11	0.0925
NLSVM-1.0	200	69	131	0	8	0.0825
NLSVM-10	198	108	92	2	9	0.0725
LDA	120	126	74	80	328	0.1775
SDA-0.5	140	167	33	60	1456	0.1775
SDA-1.0	139	167	33	61	1484	0.1625
SDA-1.5	138	168	32	62	1413	0.1675
SDA-2.0	138	168	32	62	1456	0.17
SDA-2.5	138	168	32	62	1457	0.165
SDA-3.0	138	168	32	62	1460	0.165
\TheName{}-0.5	190	168	32	10	1514	0.1675
\TheName{}-1.0	158	170	30	42	1518	0.1875
\TheName{}-1.5	149	171	29	51	1512	0.165
\TheName{}-2.0	146	171	29	54	1545	0.18
\TheName{}-2.5	142	170	30	58	1524	0.1875
\TheName{}-3.0	140	170	30	60	1533	0.17
SVM	183	165	35	17	11	0.005
LR	0	200	0	200	0	0.005
Ye-LDA	177	167	33	23	200	0.005
DTree-10	74	176	24	126	3	0.005
DTree-20	105	168	32	95	6	0.005
RFC-50	113	167	33	87	63	0.0175
RFC-100	113	164	36	87	126	0.0375
NLSVM-0.1	5	199	1	195	11	0.0925
NLSVM-1.0	198	85	115	2	9	0.08
NLSVM-10	192	143	57	8	8	0.0775
LDA	127	87	113	73	340	0.1825
SDA-0.5	149	174	26	51	1475	0.1825
SDA-1.0	149	173	27	51	1498	0.1725
SDA-1.5	149	173	27	51	1460	0.1675
SDA-2.0	149	174	26	51	1512	0.165
SDA-2.5	149	174	26	51	1487	0.165
SDA-3.0	149	174	26	51	1412	0.1775
\TheName{}-0.5	188	152	48	12	1646	0.1775
\TheName{}-1.0	184	173	27	16	1550	0.1775
\TheName{}-1.5	167	173	27	33	1551	0.165
\TheName{}-2.0	162	173	27	38	1641	0.1675
\TheName{}-2.5	158	174	26	42	1681	0.1725
\TheName{}-3.0	158	174	26	42	1598	0.17
SVM	183	169	31	17	15	0.005
LR	0	200	0	200	1	0.0025
Ye-LDA	172	173	27	28	217	0.005
DTree-10	82	178	22	118	4	0.005
DTree-20	93	176	24	107	5	0.0025
RFC-50	106	186	14	94	59	0.015
RFC-100	107	184	16	93	118	0.0375
NLSVM-0.1	200	20	180	0	11	0.095
NLSVM-1.0	197	55	145	3	9	0.0825
NLSVM-10	199	61	139	1	8	0.1175
LDA	113	131	69	87	330	0.1675
SDA-0.5	127	173	27	73	1457	0.1825
SDA-1.0	128	174	26	72	1448	0.17
SDA-1.5	128	173	27	72	1474	0.165
SDA-2.0	127	173	27	73	1509	0.165
SDA-2.5	127	173	27	73	1497	0.165
SDA-3.0	127	173	27	73	1457	0.1675
\TheName{}-0.5	188	164	36	12	1573	0.1675
\TheName{}-1.0	147	177	23	53	1551	0.18
\TheName{}-1.5	141	175	25	59	1507	0.1675
\TheName{}-2.0	135	175	25	65	1535	0.1675
\TheName{}-2.5	133	174	26	67	1583	0.1725
\TheName{}-3.0	132	174	26	68	1495	0.17
SVM	177	177	23	23	12	0.005
LR	0	200	0	200	1	0.0025
Ye-LDA	144	169	31	56	207	0.0025
DTree-10	41	181	19	159	3	0.005
DTree-20	84	172	28	116	5	0.005
RFC-50	112	175	25	88	56	0.0125
RFC-100	124	163	37	76	117	0.045
NLSVM-0.1	1	200	0	199	12	0.1075
NLSVM-1.0	173	125	75	27	9	0.08
NLSVM-10	97	189	11	103	9	0.0725
LDA	115	134	66	85	334	0.1825
SDA-0.5	125	178	22	75	1466	0.175
SDA-1.0	123	178	22	77	1449	0.165
SDA-1.5	122	178	22	78	1495	0.165
SDA-2.0	122	178	22	78	1476	0.1725
SDA-2.5	122	177	23	78	1470	0.17
SDA-3.0	122	177	23	78	1439	0.165
\TheName{}-0.5	182	160	40	18	1558	0.1625
\TheName{}-1.0	149	178	22	51	1627	0.185
\TheName{}-1.5	135	180	20	65	1545	0.17
\TheName{}-2.0	135	178	22	65	1551	0.175
\TheName{}-2.5	130	177	23	70	1569	0.1675
\TheName{}-3.0	128	177	23	72	1504	0.1675
SVM	160	177	23	40	13	0.0025
LR	0	200	0	200	1	0.005
Ye-LDA	146	178	22	54	204	0.005
DTree-10	73	189	11	127	3	0.005
DTree-20	102	179	21	98	6	0.005
RFC-50	99	186	14	101	62	0.0125
RFC-100	98	186	14	102	126	0.035
NLSVM-0.1	199	23	177	1	11	0.095
NLSVM-1.0	194	80	120	6	9	0.0775
NLSVM-10	186	137	63	14	8	0.0725
LDA	115	120	80	85	344	0.1825
SDA-0.5	139	176	24	61	1451	0.1775
SDA-1.0	140	175	25	60	1414	0.17
SDA-1.5	140	174	26	60	1460	0.1675
SDA-2.0	136	174	26	64	1522	0.1725
SDA-2.5	136	174	26	64	1498	0.1725
SDA-3.0	136	174	26	64	1503	0.1675
\TheName{}-0.5	183	164	36	17	1567	0.175
\TheName{}-1.0	152	178	22	48	1620	0.1775
\TheName{}-1.5	146	176	24	54	1520	0.1675
\TheName{}-2.0	145	176	24	55	1557	0.1675
\TheName{}-2.5	144	175	25	56	1528	0.1675
\TheName{}-3.0	143	175	25	57	1515	0.17
SVM	164	163	37	36	13	0.005
LR	0	200	0	200	1	0.0075
Ye-LDA	151	176	24	49	205	0.005
DTree-10	84	182	18	116	3	0.005
DTree-20	98	173	27	102	6	0.005
RFC-50	118	182	18	82	69	0.015
RFC-100	125	175	25	75	131	0.055
NLSVM-0.1	200	25	175	0	10	0.105
NLSVM-1.0	69	180	20	131	8	0.0825
NLSVM-10	145	178	22	55	9	0.07
LDA	135	112	88	65	327	0.17
SDA-0.5	170	165	35	30	1544	0.17
SDA-1.0	170	165	35	30	1469	0.1675
SDA-1.5	170	165	35	30	1488	0.165
SDA-2.0	170	165	35	30	1498	0.165
SDA-2.5	170	165	35	30	1443	0.1675
SDA-3.0	170	165	35	30	1475	0.1725
\TheName{}-0.5	186	163	37	14	1588	0.175
\TheName{}-1.0	179	165	35	21	1670	0.17
\TheName{}-1.5	174	162	38	26	1521	0.175
\TheName{}-2.0	171	164	36	29	1579	0.1675
\TheName{}-2.5	171	164	36	29	1610	0.1775
\TheName{}-3.0	171	164	36	29	1569	0.1675
SVM	183	160	40	17	11	0.005
LR	0	200	0	200	1	0.005
Ye-LDA	159	164	36	41	220	0.005
DTree-10	196	76	124	4	4	0.0025
DTree-20	191	131	69	9	6	0.005
RFC-50	114	166	34	86	63	0.0125
RFC-100	126	169	31	74	121	0.035
NLSVM-0.1	3	200	0	197	12	0.0925
NLSVM-1.0	187	80	120	13	8	0.0775
NLSVM-10	130	190	10	70	9	0.08
LDA	132	110	90	68	327	0.225
SDA-0.5	162	170	30	38	1432	0.17
SDA-1.0	161	166	34	39	1422	0.175
SDA-1.5	160	163	37	40	1497	0.165
SDA-2.0	160	163	37	40	1463	0.1775
SDA-2.5	160	163	37	40	1434	0.1725
SDA-3.0	160	163	37	40	1439	0.1675
\TheName{}-0.5	182	170	30	18	1534	0.1675
\TheName{}-1.0	173	173	27	27	1478	0.175
\TheName{}-1.5	171	172	28	29	1557	0.1875
\TheName{}-2.0	169	169	31	31	1529	0.17
\TheName{}-2.5	168	169	31	32	1498	0.165
\TheName{}-3.0	168	169	31	32	1540	0.17
SVM	173	164	36	27	11	0.005
LR	0	200	0	200	1	0.005
Ye-LDA	159	173	27	41	212	0.005
DTree-10	74	185	15	126	3	0.005
DTree-20	110	170	30	90	6	0.005
RFC-50	119	179	21	81	64	0.015
RFC-100	121	183	17	79	132	0.045
NLSVM-0.1	196	32	168	4	11	0.0975
NLSVM-1.0	186	94	106	14	8	0.0775
NLSVM-10	170	176	24	30	9	0.0675
LDA	122	144	56	78	346	0.1775
SDA-0.5	115	178	22	85	1457	0.17
SDA-1.0	116	177	23	84	1453	0.1725
SDA-1.5	113	177	23	87	1524	0.2075
SDA-2.0	112	177	23	88	1523	0.1675
SDA-2.5	112	177	23	88	1421	0.1675
SDA-3.0	111	177	23	89	1462	0.165
\TheName{}-0.5	154	127	73	46	1591	0.175
\TheName{}-1.0	153	183	17	47	1522	0.17
\TheName{}-1.5	137	183	17	63	1674	0.17
\TheName{}-2.0	129	181	19	71	1593	0.175
\TheName{}-2.5	123	180	20	77	1587	0.18
\TheName{}-3.0	121	177	23	79	1577	0.1675
SVM	171	172	28	29	9	0.005
LR	0	200	0	200	1	0.0025
Ye-LDA	130	178	22	70	206	0.01
DTree-10	89	172	28	111	4	0.005
DTree-20	115	164	36	85	9	0.0075
RFC-50	115	168	32	85	67	0.0175
RFC-100	116	171	29	84	125	0.0375
NLSVM-0.1	200	34	166	0	11	0.095
NLSVM-1.0	186	83	117	14	8	0.0825
NLSVM-10	55	196	4	145	8	0.075
LDA	104	126	74	96	321	0.1675
SDA-0.5	144	172	28	56	1462	0.1675
SDA-1.0	142	172	28	58	1431	0.165
SDA-1.5	142	172	28	58	1454	0.175
SDA-2.0	142	172	28	58	1502	0.1675
SDA-2.5	142	172	28	58	1419	0.1675
SDA-3.0	142	172	28	58	1426	0.1775
\TheName{}-0.5	175	131	69	25	1547	0.1675
\TheName{}-1.0	177	164	36	23	1454	0.175
\TheName{}-1.5	164	168	32	36	1492	0.175
\TheName{}-2.0	158	169	31	42	1589	0.185
\TheName{}-2.5	154	172	28	46	1493	0.1675
\TheName{}-3.0	152	172	28	48	1548	0.165
SVM	173	158	42	27	16	0.005
LR	0	200	0	200	0	0.005
Ye-LDA	169	157	43	31	201	0.0025
DTree-10	80	189	11	120	4	0.005
DTree-20	116	179	21	84	5	0.005
RFC-50	116	175	25	84	65	0.015
RFC-100	125	175	25	75	136	0.0475
NLSVM-0.1	199	23	177	1	10	0.0975
NLSVM-1.0	187	84	116	13	9	0.0775
NLSVM-10	65	195	5	135	8	0.07
LDA	126	131	69	74	343	0.1825
SDA-0.5	141	172	28	59	1515	0.1725
SDA-1.0	139	172	28	61	1490	0.1675
SDA-1.5	138	172	28	62	1507	0.1675
SDA-2.0	138	172	28	62	1464	0.175
SDA-2.5	138	172	28	62	1414	0.1675
SDA-3.0	138	171	29	62	1456	0.17
\TheName{}-0.5	176	151	49	24	1562	0.17
\TheName{}-1.0	163	178	22	37	1519	0.19
\TheName{}-1.5	152	172	28	48	1556	0.1675
\TheName{}-2.0	147	172	28	53	1617	0.165
\TheName{}-2.5	145	171	29	55	1484	0.175
\TheName{}-3.0	145	171	29	55	1549	0.17
SVM	181	169	31	19	12	0.005
LR	0	200	0	200	1	0.005
Ye-LDA	143	174	26	57	219	0.0075
DTree-10	76	190	10	124	5	0.005
DTree-20	124	175	25	76	5	0.0075
RFC-50	102	185	15	98	68	0.01
RFC-100	106	183	17	94	103	0.0325
NLSVM-0.1	200	33	167	0	11	0.0925
NLSVM-1.0	192	101	99	8	10	0.0725
NLSVM-10	199	32	168	1	9	0.075
LDA	122	116	84	78	332	0.17
SDA-0.5	169	166	34	31	1461	0.17
SDA-1.0	168	166	34	32	1458	0.1825
SDA-1.5	168	166	34	32	1619	0.165
SDA-2.0	168	166	34	32	1495	0.17
SDA-2.5	168	166	34	32	1469	0.1875
SDA-3.0	168	166	34	32	1477	0.165
\TheName{}-0.5	184	162	38	16	1548	0.1725
\TheName{}-1.0	179	168	32	21	1563	0.17
\TheName{}-1.5	170	167	33	30	1580	0.1725
\TheName{}-2.0	168	166	34	32	1651	0.1675
\TheName{}-2.5	168	166	34	32	1521	0.18
\TheName{}-3.0	168	166	34	32	1526	0.175
SVM	175	149	51	25	14	0.0025
LR	200	0	200	0	1	0.005
Ye-LDA	184	154	46	16	199	0.005
DTree-10	50	187	13	150	3	0.005
DTree-20	97	174	26	103	6	0.0025
RFC-50	112	179	21	88	57	0.0125
RFC-100	114	181	19	86	118	0.03
NLSVM-0.1	2	199	1	198	11	0.095
NLSVM-1.0	194	97	103	6	8	0.075
NLSVM-10	194	130	70	6	8	0.0675
LDA	112	121	79	88	342	0.18
SDA-0.5	117	167	33	83	1445	0.1675
SDA-1.0	116	167	33	84	1528	0.1675
SDA-1.5	116	167	33	84	1506	0.17
SDA-2.0	115	167	33	85	1526	0.1675
SDA-2.5	115	167	33	85	1506	0.175
SDA-3.0	115	167	33	85	1509	0.1725
\TheName{}-0.5	152	98	102	48	1556	0.165
\TheName{}-1.0	153	171	29	47	1544	0.17
\TheName{}-1.5	131	173	27	69	1577	0.18
\TheName{}-2.0	122	169	31	78	1555	0.1675
\TheName{}-2.5	119	169	31	81	1618	0.1775
\TheName{}-3.0	119	166	34	81	1573	0.18
SVM	168	163	37	32	9	0.005
LR	0	200	0	200	1	0.005
Ye-LDA	128	168	32	72	206	0.0075
DTree-10	62	181	19	138	3	0.005
DTree-20	77	173	27	123	5	0.005
RFC-50	107	170	30	93	63	0.0125
RFC-100	110	171	29	90	118	0.03
NLSVM-0.1	199	22	178	1	11	0.095
NLSVM-1.0	188	79	121	12	9	0.0775
NLSVM-10	116	175	25	84	10	0.0725
LDA	111	114	86	89	333	0.1775
SDA-0.5	135	169	31	65	1498	0.165
SDA-1.0	135	169	31	65	1478	0.175
SDA-1.5	135	169	31	65	1484	0.1675
SDA-2.0	133	169	31	67	1459	0.175
SDA-2.5	133	169	31	67	1515	0.1875
SDA-3.0	133	169	31	67	1508	0.175
\TheName{}-0.5	182	155	45	18	1546	0.1725
\TheName{}-1.0	159	163	37	41	1575	0.17
\TheName{}-1.5	148	169	31	52	1574	0.17
\TheName{}-2.0	144	171	29	56	1527	0.1675
\TheName{}-2.5	142	171	29	58	1657	0.165
\TheName{}-3.0	140	170	30	60	1604	0.175
SVM	173	164	36	27	13	0.005
LR	0	200	0	200	0	0.005
Ye-LDA	144	174	26	56	229	0.01
DTree-10	55	181	19	145	3	0.005
DTree-20	81	170	30	119	5	0.005
RFC-50	104	174	26	96	60	0.015
RFC-100	108	174	26	92	138	0.04
NLSVM-0.1	199	29	171	1	11	0.1025
NLSVM-1.0	198	65	135	2	9	0.08
NLSVM-10	194	139	61	6	9	0.0725
LDA	134	125	75	66	328	0.175
SDA-0.5	114	184	16	86	1454	0.165
SDA-1.0	110	184	16	90	1503	0.1625
SDA-1.5	110	184	16	90	1489	0.1725
SDA-2.0	110	184	16	90	1441	0.17
SDA-2.5	110	184	16	90	1498	0.165
SDA-3.0	110	184	16	90	1482	0.1825
\TheName{}-0.5	150	102	98	50	1516	0.1675
\TheName{}-1.0	156	190	10	44	1603	0.18
\TheName{}-1.5	133	187	13	67	1579	0.1675
\TheName{}-2.0	126	186	14	74	1492	0.18
\TheName{}-2.5	123	184	16	77	1608	0.175
\TheName{}-3.0	118	184	16	82	1558	0.1825
SVM	171	170	30	29	17	0.0075
LR	0	200	0	200	0	0.005
Ye-LDA	119	181	19	81	198	0.005
DTree-10	76	173	27	124	4	0.005
DTree-20	91	167	33	109	6	0.005
RFC-50	90	181	19	110	51	0.0125
RFC-100	93	181	19	107	104	0.03
NLSVM-0.1	141	155	45	59	10	0.095
NLSVM-1.0	199	72	128	1	9	0.0775
NLSVM-10	74	196	4	126	8	0.07
LDA	98	134	66	102	346	0.1775
SDA-0.5	138	176	24	62	1450	0.1675
SDA-1.0	137	174	26	63	1492	0.17
SDA-1.5	137	174	26	63	1472	0.1675
SDA-2.0	136	174	26	64	1478	0.1675
SDA-2.5	136	174	26	64	1525	0.1675
SDA-3.0	134	174	26	66	1540	0.175
\TheName{}-0.5	170	133	67	30	1588	0.17
\TheName{}-1.0	167	179	21	33	1639	0.1725
\TheName{}-1.5	155	177	23	45	1647	0.1675
\TheName{}-2.0	150	175	25	50	1580	0.165
\TheName{}-2.5	147	173	27	53	1568	0.17
\TheName{}-3.0	145	174	26	55	1600	0.1775
SVM	164	168	32	36	16	0.005
LR	0	200	0	200	1	0.0025
Ye-LDA	149	174	26	51	205	0.005
DTree-10	62	188	12	138	4	0.0025
DTree-20	105	174	26	95	7	0.0025
RFC-50	121	169	31	79	71	0.015
RFC-100	130	175	25	70	143	0.0425
NLSVM-0.1	200	20	180	0	10	0.0925
NLSVM-1.0	196	68	132	4	9	0.0725
NLSVM-10	64	197	3	136	7	0.0675
LDA	145	123	77	55	329	0.175
SDA-0.5	161	172	28	39	1516	0.165
SDA-1.0	161	170	30	39	1485	0.165
SDA-1.5	160	170	30	40	1449	0.17
SDA-2.0	160	169	31	40	1503	0.1675
SDA-2.5	160	169	31	40	1521	0.17
SDA-3.0	160	169	31	40	1470	0.175
\TheName{}-0.5	179	173	27	21	1589	0.1625
\TheName{}-1.0	168	169	31	32	1577	0.1675
\TheName{}-1.5	165	169	31	35	1552	0.165
\TheName{}-2.0	164	171	29	36	1597	0.165
\TheName{}-2.5	162	170	30	38	1655	0.165
\TheName{}-3.0	160	170	30	40	1661	0.1775
SVM	179	165	35	21	16	0.005
LR	0	200	0	200	0	0.005
Ye-LDA	152	171	29	48	205	0.005
DTree-10	61	188	12	139	3	0.005
DTree-20	110	165	35	90	6	0.0025
RFC-50	104	180	20	96	63	0.015
RFC-100	100	173	27	100	111	0.0325
NLSVM-0.1	1	200	0	199	10	0.095
NLSVM-1.0	200	72	128	0	8	0.0775
NLSVM-10	198	90	110	2	8	0.0675
LDA	112	128	72	88	328	0.17
SDA-0.5	122	181	19	78	1429	0.1675
SDA-1.0	121	181	19	79	1427	0.165
SDA-1.5	121	181	19	79	1409	0.165
SDA-2.0	120	180	20	80	1470	0.1675
SDA-2.5	120	180	20	80	1467	0.1675
SDA-3.0	119	180	20	81	1371	0.175
\TheName{}-0.5	152	100	100	48	1533	0.1825
\TheName{}-1.0	163	182	18	37	1529	0.1675
\TheName{}-1.5	145	181	19	55	1474	0.1725
\TheName{}-2.0	137	181	19	63	1501	0.1675
\TheName{}-2.5	131	180	20	69	1465	0.17
\TheName{}-3.0	127	179	21	73	1500	0.2075
SVM	165	160	40	35	11	0.005
LR	0	200	0	200	1	0.005
Ye-LDA	135	179	21	65	275	0.01
DTree-10	81	170	30	119	4	0.0025
DTree-20	105	165	35	95	7	0.005
RFC-50	107	187	13	93	64	0.015
RFC-100	105	187	13	95	124	0.0325
NLSVM-0.1	3	200	0	197	11	0.0975
NLSVM-1.0	200	58	142	0	9	0.075
NLSVM-10	73	196	4	127	8	0.07
LDA	105	126	74	95	336	0.17
SDA-0.5	141	184	16	59	1536	0.18
SDA-1.0	137	184	16	63	1540	0.17
SDA-1.5	137	184	16	63	1550	0.1675
SDA-2.0	136	184	16	64	1536	0.1875
SDA-2.5	135	184	16	65	1587	0.165
SDA-3.0	135	184	16	65	1502	0.1675
\TheName{}-0.5	176	189	11	24	1597	0.1675
\TheName{}-1.0	153	187	13	47	1585	0.18
\TheName{}-1.5	147	186	14	53	1552	0.165
\TheName{}-2.0	145	185	15	55	1609	0.1775
\TheName{}-2.5	144	183	17	56	1570	0.165
\TheName{}-3.0	143	183	17	57	1553	0.17
SVM	173	172	28	27	15	0.0075
LR	0	200	0	200	0	0.005
Ye-LDA	146	182	18	54	209	0.005
DTree-10	28	196	4	172	4	0.005
DTree-20	85	181	19	115	9	0.005
RFC-50	108	187	13	92	67	0.0125
RFC-100	108	192	8	92	121	0.0375
NLSVM-0.1	199	32	168	1	11	0.0925
NLSVM-1.0	193	102	98	7	9	0.1325
NLSVM-10	57	200	0	143	9	0.0725
LDA	111	112	88	89	337	0.1675
SDA-0.5	168	163	37	32	1500	0.1825
SDA-1.0	167	163	37	33	1453	0.17
SDA-1.5	165	164	36	35	1496	0.1675
SDA-2.0	165	164	36	35	1518	0.165
SDA-2.5	165	164	36	35	1456	0.165
SDA-3.0	165	164	36	35	1469	0.1625
\TheName{}-0.5	190	138	62	10	1561	0.1675
\TheName{}-1.0	188	153	47	12	1621	0.1725
\TheName{}-1.5	183	162	38	17	1568	0.17
\TheName{}-2.0	181	162	38	19	1564	0.1675
\TheName{}-2.5	179	161	39	21	1567	0.1675
\TheName{}-3.0	177	162	38	23	1523	0.1725
SVM	187	162	38	13	17	0.005
LR	0	200	0	200	1	0.005
Ye-LDA	166	169	31	34	207	0.005
DTree-10	193	92	108	7	4	0.0025
DTree-20	108	178	22	92	6	0.005
RFC-50	127	168	32	73	56	0.01
RFC-100	129	172	28	71	112	0.0275
NLSVM-0.1	1	200	0	199	11	0.0925
NLSVM-1.0	41	190	10	159	8	0.075
NLSVM-10	45	197	3	155	8	0.0675
LDA	104	130	70	96	425	0.1875
SDA-0.5	147	179	21	53	1469	0.22
SDA-1.0	146	178	22	54	1407	0.1825
SDA-1.5	145	178	22	55	1480	0.1725
SDA-2.0	145	178	22	55	1453	0.1675
SDA-2.5	145	178	22	55	1481	0.17
SDA-3.0	145	178	22	55	1447	0.17
\TheName{}-0.5	185	177	23	15	1535	0.1675
\TheName{}-1.0	161	184	16	39	1562	0.1675
\TheName{}-1.5	156	180	20	44	1544	0.185
\TheName{}-2.0	148	178	22	52	1580	0.1675
\TheName{}-2.5	148	178	22	52	1616	0.1725
\TheName{}-3.0	148	178	22	52	1604	0.175
SVM	180	170	30	20	12	0.0075
LR	0	200	0	200	0	0.005
Ye-LDA	148	172	28	52	213	0.0075
DTree-10	84	181	19	116	3	0.005
DTree-20	109	175	25	91	7	0.005
RFC-50	109	186	14	91	81	0.015
RFC-100	102	187	13	98	130	0.04
NLSVM-0.1	1	200	0	199	13	0.0925
NLSVM-1.0	165	117	83	35	9	0.0725
NLSVM-10	175	169	31	25	9	0.0675
LDA	103	142	58	97	325	0.165
SDA-0.5	145	177	23	55	1588	0.165
SDA-1.0	144	176	24	56	1494	0.185
SDA-1.5	143	176	24	57	1516	0.1675
SDA-2.0	143	176	24	57	1545	0.17
SDA-2.5	143	175	25	57	1507	0.18
SDA-3.0	142	175	25	58	1548	0.17
\TheName{}-0.5	187	165	35	13	1649	0.1925
\TheName{}-1.0	163	176	24	37	1622	0.185
\TheName{}-1.5	150	175	25	50	1617	0.1925
\TheName{}-2.0	149	176	24	51	1647	0.175
\TheName{}-2.5	147	174	26	53	1577	0.17
\TheName{}-3.0	147	174	26	53	1611	0.17
SVM	178	172	28	22	16	0.005
LR	0	200	0	200	1	0.005
Ye-LDA	142	162	38	58	211	0.005
DTree-10	63	179	21	137	4	0.0025
DTree-20	92	174	26	108	7	0.005
RFC-50	98	186	14	102	60	0.015
RFC-100	101	180	20	99	112	0.0375
NLSVM-0.1	200	34	166	0	10	0.0975
NLSVM-1.0	200	77	123	0	8	0.0725
NLSVM-10	73	193	7	127	27	0.1075
LDA	128	118	82	72	324	0.1725
SDA-0.5	140	168	32	60	1530	0.1675
SDA-1.0	140	169	31	60	1449	0.1775
SDA-1.5	139	168	32	61	1499	0.1725
SDA-2.0	139	168	32	61	1494	0.1675
SDA-2.5	139	168	32	61	1486	0.1725
SDA-3.0	139	168	32	61	1452	0.1675
\TheName{}-0.5	182	148	52	18	1523	0.1725
\TheName{}-1.0	164	168	32	36	1521	0.1675
\TheName{}-1.5	158	165	35	42	1557	0.1675
\TheName{}-2.0	150	167	33	50	1559	0.1825
\TheName{}-2.5	147	168	32	53	1517	0.1725
\TheName{}-3.0	147	168	32	53	1496	0.1675
SVM	169	158	42	31	14	0.005
LR	0	200	0	200	1	0.005
Ye-LDA	160	159	41	40	205	0.005
DTree-10	53	185	15	147	3	0.005
DTree-20	94	169	31	106	7	0.0025
RFC-50	102	181	19	98	59	0.015
RFC-100	114	179	21	86	111	0.0325
NLSVM-0.1	199	20	180	1	11	0.0925
NLSVM-1.0	190	84	116	10	9	0.0775
NLSVM-10	194	113	87	6	8	0.0725
LDA	135	126	74	65	340	0.185
SDA-0.5	149	175	25	51	1413	0.29
SDA-1.0	147	175	25	53	1461	0.17
SDA-1.5	147	175	25	53	1438	0.17
SDA-2.0	146	175	25	54	1473	0.1825
SDA-2.5	145	175	25	55	1467	0.165
SDA-3.0	145	175	25	55	1491	0.18
\TheName{}-0.5	189	138	62	11	1593	0.1675
\TheName{}-1.0	176	178	22	24	1627	0.1675
\TheName{}-1.5	163	177	23	37	1659	0.175
\TheName{}-2.0	159	178	22	41	1567	0.175
\TheName{}-2.5	158	176	24	42	1636	0.175
\TheName{}-3.0	155	177	23	45	1605	0.22
SVM	179	170	30	21	14	0.005
LR	0	200	0	200	0	0.005
Ye-LDA	167	172	28	33	215	0.005
DTree-10	82	188	12	118	4	0.0075
DTree-20	125	177	23	75	7	0.005
RFC-50	122	184	16	78	61	0.015
RFC-100	122	182	18	78	124	0.0325
NLSVM-0.1	200	26	174	0	11	0.1
NLSVM-1.0	197	79	121	3	9	0.0775
NLSVM-10	89	195	5	111	8	0.065
LDA	107	136	64	93	325	0.175
SDA-0.5	127	176	24	73	1476	0.1675
SDA-1.0	128	174	26	72	1499	0.165
SDA-1.5	129	174	26	71	1446	0.17
SDA-2.0	129	174	26	71	1445	0.175
SDA-2.5	129	174	26	71	1464	0.17
SDA-3.0	129	174	26	71	1503	0.165
\TheName{}-0.5	173	170	30	27	1496	0.205
\TheName{}-1.0	148	179	21	52	1583	0.17
\TheName{}-1.5	138	177	23	62	1598	0.17
\TheName{}-2.0	135	177	23	65	1541	0.17
\TheName{}-2.5	130	176	24	70	1586	0.1825
\TheName{}-3.0	130	175	25	70	1578	0.165
SVM	178	165	35	22	9	0.005
LR	0	200	0	200	1	0.005
Ye-LDA	138	180	20	62	204	0.0075
DTree-10	75	180	20	125	3	0.005
DTree-20	98	169	31	102	6	0.0025
RFC-50	107	172	28	93	56	0.0125
RFC-100	109	171	29	91	103	0.03
NLSVM-0.1	200	29	171	0	11	0.095
NLSVM-1.0	193	74	126	7	10	0.0775
NLSVM-10	46	198	2	154	8	0.07
LDA	113	117	83	87	320	0.165
SDA-0.5	119	180	20	81	1442	0.17
SDA-1.0	119	180	20	81	1567	0.17
SDA-1.5	119	180	20	81	1464	0.1675
SDA-2.0	119	180	20	81	1418	0.1825
SDA-2.5	119	180	20	81	1454	0.1675
SDA-3.0	119	180	20	81	1482	0.17
\TheName{}-0.5	157	118	82	43	1506	0.1675
\TheName{}-1.0	144	182	18	56	1568	0.17
\TheName{}-1.5	127	182	18	73	1603	0.1675
\TheName{}-2.0	122	181	19	78	1499	0.175
\TheName{}-2.5	122	180	20	78	1599	0.1775
\TheName{}-3.0	120	180	20	80	1606	0.1675
SVM	168	164	36	32	11	0.0025
LR	0	200	0	200	1	0.005
Ye-LDA	142	186	14	58	205	0.0025
DTree-10	70	183	17	130	4	0.0025
DTree-20	121	181	19	79	6	0.005
RFC-50	128	172	28	72	63	0.0175
RFC-100	122	173	27	78	130	0.0425
NLSVM-0.1	5	200	0	195	10	0.1025
NLSVM-1.0	186	87	113	14	9	0.075
NLSVM-10	127	182	18	73	8	0.065
LDA	107	131	69	93	331	0.1775
SDA-0.5	139	186	14	61	1458	0.17
SDA-1.0	137	184	16	63	1407	0.165
SDA-1.5	136	184	16	64	1544	0.1675
SDA-2.0	135	184	16	65	1388	0.175
SDA-2.5	135	184	16	65	1447	0.1675
SDA-3.0	135	184	16	65	1421	0.17
\TheName{}-0.5	178	146	54	22	1458	0.17
\TheName{}-1.0	163	188	12	37	1523	0.17
\TheName{}-1.5	148	187	13	52	1558	0.1625
\TheName{}-2.0	146	185	15	54	1471	0.1675
\TheName{}-2.5	141	184	16	59	1468	0.1675
\TheName{}-3.0	141	185	15	59	1547	0.1675
SVM	173	172	28	27	12	0.005
LR	0	200	0	200	0	0.005
Ye-LDA	142	185	15	58	205	0.005
DTree-10	186	103	97	14	4	0.0025
DTree-20	112	173	27	88	8	0.0025
RFC-50	101	193	7	99	55	0.015
RFC-100	100	188	12	100	123	0.04
NLSVM-0.1	200	34	166	0	11	0.1025
NLSVM-1.0	28	194	6	172	9	0.0825
NLSVM-10	81	196	4	119	9	0.0825
LDA	125	125	75	75	325	0.1775
SDA-0.5	166	174	26	34	1454	0.17
SDA-1.0	165	174	26	35	1453	0.1675
SDA-1.5	164	174	26	36	1496	0.165
SDA-2.0	164	174	26	36	1406	0.17
SDA-2.5	163	174	26	37	1430	0.17
SDA-3.0	162	174	26	38	1489	0.165
\TheName{}-0.5	193	163	37	7	1457	0.19
\TheName{}-1.0	182	173	27	18	1552	0.17
\TheName{}-1.5	178	174	26	22	1599	0.165
\TheName{}-2.0	174	174	26	26	1492	0.1725
\TheName{}-2.5	170	174	26	30	1506	0.17
\TheName{}-3.0	166	174	26	34	1519	0.1625
SVM	182	167	33	18	13	0.005
LR	0	200	0	200	1	0.0025
Ye-LDA	174	169	31	26	203	0.005
DTree-10	70	181	19	130	3	0.005
DTree-20	107	168	32	93	6	0.005
RFC-50	119	178	22	81	71	0.0175
RFC-100	121	171	29	79	148	0.045
NLSVM-0.1	200	35	165	0	11	0.095
NLSVM-1.0	199	59	141	1	8	0.0725
NLSVM-10	91	195	5	109	8	0.0925
LDA	119	118	82	81	347	0.185
SDA-0.5	118	181	19	82	1454	0.1825
SDA-1.0	115	181	19	85	1458	0.1675
SDA-1.5	113	180	20	87	1527	0.1725
SDA-2.0	113	180	20	87	1493	0.1675
SDA-2.5	113	180	20	87	1519	0.1675
SDA-3.0	113	180	20	87	1523	0.1775
\TheName{}-0.5	184	177	23	16	1568	0.165
\TheName{}-1.0	142	186	14	58	1565	0.1775
\TheName{}-1.5	132	184	16	68	1564	0.1675
\TheName{}-2.0	129	182	18	71	1497	0.17
\TheName{}-2.5	124	181	19	76	1541	0.17
\TheName{}-3.0	120	180	20	80	1580	0.165
SVM	178	173	27	22	13	0.005
LR	0	200	0	200	1	0.005
Ye-LDA	156	186	14	44	206	0.0075
DTree-10	46	184	16	154	4	0.0025
DTree-20	72	181	19	128	6	0.0025
RFC-50	104	179	21	96	62	0.0125
RFC-100	104	177	23	96	116	0.0325
NLSVM-0.1	200	17	183	0	11	0.0925
NLSVM-1.0	191	57	143	9	9	0.0775
NLSVM-10	83	190	10	117	8	0.0775
LDA	123	108	92	77	327	0.1675
SDA-0.5	161	166	34	39	1461	0.1725
SDA-1.0	159	167	33	41	1460	0.1725
SDA-1.5	159	167	33	41	1431	0.165
SDA-2.0	159	167	33	41	1559	0.1625
SDA-2.5	158	167	33	42	1455	0.17
SDA-3.0	158	167	33	42	1531	0.1675
\TheName{}-0.5	190	158	42	10	1545	0.175
\TheName{}-1.0	178	167	33	22	1557	0.1675
\TheName{}-1.5	164	169	31	36	1585	0.1725
\TheName{}-2.0	162	167	33	38	1580	0.195
\TheName{}-2.5	161	168	32	39	1602	0.165
\TheName{}-3.0	161	167	33	39	1621	0.17
SVM	181	154	46	19	15	0.0025
LR	0	200	0	200	1	0.005
Ye-LDA	166	171	29	34	204	0.005
DTree-10	54	178	22	146	3	0.0025
DTree-20	83	171	29	117	8	0.0025
RFC-50	103	179	21	97	63	0.0125
RFC-100	112	176	24	88	126	0.035
NLSVM-0.1	200	25	175	0	10	0.095
NLSVM-1.0	200	45	155	0	8	0.0725
NLSVM-10	198	92	108	2	8	0.0675
LDA	122	148	52	78	323	0.1775
SDA-0.5	124	179	21	76	1482	0.1675
SDA-1.0	122	178	22	78	1520	0.175
SDA-1.5	122	178	22	78	1469	0.1625
SDA-2.0	121	177	23	79	1538	0.1675
SDA-2.5	121	177	23	79	1489	0.1675
SDA-3.0	121	177	23	79	1452	0.1675
\TheName{}-0.5	185	149	51	15	1530	0.165
\TheName{}-1.0	152	181	19	48	1573	0.1675
\TheName{}-1.5	139	180	20	61	1624	0.175
\TheName{}-2.0	135	179	21	65	1565	0.1675
\TheName{}-2.5	131	180	20	69	1606	0.1625
\TheName{}-3.0	128	179	21	72	1571	0.1625
SVM	178	177	23	22	11	0.005
LR	0	200	0	200	0	0.005
Ye-LDA	157	181	19	43	200	0.0025
DTree-10	47	188	12	153	4	0.0025
DTree-20	100	177	23	100	6	0.005
RFC-50	114	183	17	86	59	0.0125
RFC-100	109	183	17	91	120	0.0325
NLSVM-0.1	200	28	172	0	10	0.0925
NLSVM-1.0	189	76	124	11	8	0.075
NLSVM-10	102	193	7	98	8	0.0675
LDA	136	126	74	64	329	0.1725
SDA-0.5	126	180	20	74	1418	0.1675
SDA-1.0	123	179	21	77	1433	0.1675
SDA-1.5	121	179	21	79	1395	0.1775
SDA-2.0	120	179	21	80	1442	0.1725
SDA-2.5	120	179	21	80	1526	0.1775
SDA-3.0	120	179	21	80	1441	0.1675
\TheName{}-0.5	159	137	63	41	1546	0.1675
\TheName{}-1.0	152	186	14	48	1559	0.17
\TheName{}-1.5	141	185	15	59	1538	0.17
\TheName{}-2.0	136	183	17	64	1496	0.1875
\TheName{}-2.5	132	182	18	68	1510	0.165
\TheName{}-3.0	131	182	18	69	1522	0.1675
SVM	174	178	22	26	13	0.005
LR	0	200	0	200	1	0.0025
Ye-LDA	136	179	21	64	204	0.0075
DTree-10	187	100	100	13	3	0.005
DTree-20	97	183	17	103	6	0.0025
RFC-50	113	187	13	87	16	0.0175
RFC-100	121	187	13	79	121	0.035
NLSVM-0.1	200	30	170	0	11	0.1
NLSVM-1.0	180	80	120	20	8	0.0775
NLSVM-10	64	197	3	136	9	0.065
LDA	93	128	72	107	329	0.1725
SDA-0.5	125	179	21	75	1469	0.1725
SDA-1.0	125	176	24	75	1478	0.1725
SDA-1.5	124	175	25	76	1392	0.17
SDA-2.0	124	175	25	76	1431	0.17
SDA-2.5	124	175	25	76	1559	0.165
SDA-3.0	124	175	25	76	1395	0.17
\TheName{}-0.5	153	143	57	47	1503	0.1725
\TheName{}-1.0	146	184	16	54	1523	0.1675
\TheName{}-1.5	135	180	20	65	1499	0.165
\TheName{}-2.0	133	179	21	67	1475	0.1775
\TheName{}-2.5	130	178	22	70	1516	0.1675
\TheName{}-3.0	131	178	22	69	1496	0.1775
SVM	175	169	31	25	13	0.005
LR	0	200	0	200	0	0.005
Ye-LDA	126	180	20	74	199	0.005
DTree-10	77	188	12	123	4	0.0025
DTree-20	100	176	24	100	8	0.0025
RFC-50	106	185	15	94	54	0.0125
RFC-100	112	179	21	88	106	0.03
NLSVM-0.1	200	20	180	0	10	0.095
NLSVM-1.0	187	76	124	13	8	0.075
NLSVM-10	62	198	2	138	7	0.065
LDA	134	138	62	66	344	0.1825
SDA-0.5	124	173	27	76	1436	0.175
SDA-1.0	122	174	26	78	1501	0.1725
SDA-1.5	120	174	26	80	1531	0.17
SDA-2.0	120	174	26	80	1490	0.1675
SDA-2.5	120	174	26	80	1539	0.1675
SDA-3.0	120	174	26	80	1614	0.1825
\TheName{}-0.5	167	173	27	33	1572	0.165
\TheName{}-1.0	140	174	26	60	1608	0.1675
\TheName{}-1.5	133	176	24	67	1577	0.1675
\TheName{}-2.0	126	175	25	74	1633	0.1725
\TheName{}-2.5	125	175	25	75	1659	0.165
\TheName{}-3.0	123	175	25	77	1547	0.1625
SVM	161	169	31	39	12	0.005
LR	0	200	0	200	1	0.0025
Ye-LDA	160	171	29	40	201	0.005
DTree-10	48	186	14	152	3	0.0025
DTree-20	67	181	19	133	7	0.0025
RFC-50	110	175	25	90	68	0.0125
RFC-100	112	173	27	88	136	0.0375
NLSVM-0.1	0	200	0	200	10	0.095
NLSVM-1.0	172	101	99	28	9	0.0725
NLSVM-10	141	170	30	59	9	0.07
LDA	127	129	71	73	348	0.175
SDA-0.5	117	180	20	83	1476	0.165
SDA-1.0	115	179	21	85	1476	0.1775
SDA-1.5	116	179	21	84	1425	0.165
SDA-2.0	118	179	21	82	1498	0.165
SDA-2.5	118	179	21	82	1459	0.165
SDA-3.0	118	179	21	82	1541	0.1725
\TheName{}-0.5	150	139	61	50	1492	0.185
\TheName{}-1.0	134	185	15	66	1530	0.17
\TheName{}-1.5	126	183	17	74	1471	0.1775
\TheName{}-2.0	123	182	18	77	1502	0.1675
\TheName{}-2.5	122	181	19	78	1567	0.175
\TheName{}-3.0	121	179	21	79	1499	0.17
SVM	171	169	31	29	22	0.005
LR	200	0	200	0	1	0.005
Ye-LDA	165	166	34	35	197	0.0025
DTree-10	68	176	24	132	5	0.0025
DTree-20	89	171	29	111	7	0.0025
RFC-50	91	185	15	109	57	0.01
RFC-100	99	183	17	101	104	0.03
NLSVM-0.1	200	28	172	0	10	0.095
NLSVM-1.0	185	89	111	15	9	0.075
NLSVM-10	53	198	2	147	8	0.07
LDA	129	115	85	71	330	0.1675
SDA-0.5	184	172	28	16	1428	0.175
SDA-1.0	182	171	29	18	1479	0.1675
SDA-1.5	182	171	29	18	1476	0.1725
SDA-2.0	182	171	29	18	1543	0.1775
SDA-2.5	182	171	29	18	1522	0.165
SDA-3.0	182	171	29	18	1413	0.1675
\TheName{}-0.5	178	172	28	22	1643	0.1675
\TheName{}-1.0	182	176	24	18	1586	0.1675
\TheName{}-1.5	182	174	26	18	1556	0.18
\TheName{}-2.0	182	173	27	18	1597	0.17
\TheName{}-2.5	181	175	25	19	1582	0.1675
\TheName{}-3.0	182	175	25	18	1561	0.17
SVM	173	167	33	27	10	0.005
LR	200	0	200	0	0	0.005
Ye-LDA	172	127	73	28	208	0.005
DTree-10	183	46	154	17	3	0.005
DTree-20	75	180	20	125	6	0.005
RFC-50	109	183	17	91	20	0.02
RFC-100	111	183	17	89	144	0.04
NLSVM-0.1	200	30	170	0	11	0.1025
NLSVM-1.0	194	84	116	6	9	0.0825
NLSVM-10	135	190	10	65	7	0.0775
LDA	133	129	71	67	326	0.17
SDA-0.5	133	179	21	67	1499	0.1675
SDA-1.0	132	179	21	68	1498	0.175
SDA-1.5	131	178	22	69	1484	0.1675
SDA-2.0	131	178	22	69	1492	0.17
SDA-2.5	131	178	22	69	1459	0.165
SDA-3.0	131	178	22	69	1445	0.1675
\TheName{}-0.5	144	113	87	56	1637	0.1725
\TheName{}-1.0	151	184	16	49	1567	0.1675
\TheName{}-1.5	143	183	17	57	1543	0.185
\TheName{}-2.0	138	183	17	62	1588	0.17
\TheName{}-2.5	136	182	18	64	1593	0.165
\TheName{}-3.0	135	181	19	65	1561	0.1625
SVM	161	180	20	39	11	0.005
LR	0	200	0	200	1	0.0025
Ye-LDA	146	180	20	54	205	0.005
DTree-10	114	158	42	86	4	0.0025
DTree-20	129	152	48	71	7	0.005
RFC-50	120	173	27	80	52	0.01
RFC-100	119	174	26	81	102	0.0275
NLSVM-0.1	3	199	1	197	11	0.1
NLSVM-1.0	169	105	95	31	8	0.0775
NLSVM-10	102	196	4	98	8	0.08
LDA	133	135	65	67	339	0.175
SDA-0.5	137	180	20	63	1492	0.1675
SDA-1.0	134	180	20	66	1407	0.165
SDA-1.5	135	180	20	65	1527	0.18
SDA-2.0	135	180	20	65	1512	0.17
SDA-2.5	136	180	20	64	1484	0.165
SDA-3.0	136	180	20	64	1534	0.17
\TheName{}-0.5	177	167	33	23	1624	0.175
\TheName{}-1.0	150	183	17	50	1576	0.165
\TheName{}-1.5	142	183	17	58	1585	0.175
\TheName{}-2.0	142	181	19	58	1569	0.1675
\TheName{}-2.5	140	180	20	60	1534	0.17
\TheName{}-3.0	139	180	20	61	1530	0.18
SVM	154	175	25	46	13	0.005
LR	0	200	0	200	1	0.005
Ye-LDA	143	177	23	57	214	0.0075
DTree-10	58	185	15	142	3	0.005
DTree-20	95	177	23	105	6	0.005
RFC-50	120	177	23	80	64	0.015
RFC-100	101	183	17	99	123	0.035
NLSVM-0.1	1	199	1	199	11	0.0925
NLSVM-1.0	185	89	111	15	9	0.085
NLSVM-10	72	196	4	128	8	0.0775
LDA	138	121	79	62	326	0.2275
SDA-0.5	109	171	29	91	1532	0.17
SDA-1.0	108	171	29	92	1479	0.1675
SDA-1.5	108	170	30	92	1525	0.18
SDA-2.0	106	170	30	94	1518	0.1725
SDA-2.5	105	170	30	95	1426	0.1675
SDA-3.0	105	170	30	95	1475	0.17
\TheName{}-0.5	147	93	107	53	1571	0.1675
\TheName{}-1.0	151	175	25	49	1653	0.165
\TheName{}-1.5	122	171	29	78	1544	0.165
\TheName{}-2.0	118	171	29	82	1600	0.175
\TheName{}-2.5	114	171	29	86	1572	0.17
\TheName{}-3.0	112	170	30	88	1593	0.1675
SVM	183	158	42	17	13	0.005
LR	0	200	0	200	1	0.005
Ye-LDA	116	167	33	84	212	0.0075
DTree-10	57	176	24	143	3	0.0025
DTree-20	94	162	38	106	8	0.005
RFC-50	98	178	22	102	21	0.015
RFC-100	96	173	27	104	143	0.04
NLSVM-0.1	200	29	171	0	11	0.0975
NLSVM-1.0	199	65	135	1	9	0.0775
NLSVM-10	66	194	6	134	8	0.0725
LDA	124	123	77	76	328	0.1775
SDA-0.5	159	167	33	41	1438	0.1675
SDA-1.0	158	167	33	42	1452	0.1625
SDA-1.5	157	167	33	43	1443	0.17
SDA-2.0	157	165	35	43	1413	0.17
SDA-2.5	157	165	35	43	1403	0.1775
SDA-3.0	157	165	35	43	1389	0.1725
\TheName{}-0.5	181	157	43	19	1487	0.18
\TheName{}-1.0	172	163	37	28	1424	0.1725
\TheName{}-1.5	164	163	37	36	1599	0.17
\TheName{}-2.0	163	164	36	37	1464	0.17
\TheName{}-2.5	163	163	37	37	1482	0.165
\TheName{}-3.0	162	163	37	38	1470	0.185
SVM	181	154	46	19	8	0.005
LR	0	200	0	200	1	0.005
Ye-LDA	155	161	39	45	212	0.005
DTree-10	44	185	15	156	3	0.0075
DTree-20	74	172	28	126	6	0.005
RFC-50	115	174	26	85	67	0.0175
RFC-100	116	170	30	84	141	0.0475
NLSVM-0.1	200	25	175	0	11	0.095
NLSVM-1.0	196	70	130	4	9	0.0775
NLSVM-10	56	197	3	144	8	0.07
LDA	117	116	84	83	331	0.185
SDA-0.5	159	167	33	41	1560	0.185
SDA-1.0	159	167	33	41	1506	0.165
SDA-1.5	159	168	32	41	1542	0.1675
SDA-2.0	158	168	32	42	1527	0.165
SDA-2.5	158	168	32	42	1454	0.175
SDA-3.0	158	167	33	42	1526	0.1775
\TheName{}-0.5	188	165	35	12	1592	0.1775
\TheName{}-1.0	171	164	36	29	1558	0.17
\TheName{}-1.5	166	168	32	34	1810	0.165
\TheName{}-2.0	164	167	33	36	1611	0.165
\TheName{}-2.5	163	167	33	37	1595	0.1675
\TheName{}-3.0	160	167	33	40	1642	0.175
SVM	185	161	39	15	10	0.01
LR	0	200	0	200	0	0.005
Ye-LDA	166	168	32	34	215	0.005
DTree-10	69	161	39	131	3	0.005
DTree-20	108	146	54	92	8	0.005
RFC-50	127	163	37	73	62	0.0125
RFC-100	128	167	33	72	113	0.0325
NLSVM-0.1	200	33	167	0	11	0.095
NLSVM-1.0	93	182	18	107	8	0.0775
NLSVM-10	199	49	151	1	8	0.07
LDA	97	106	94	103	333	0.1725
SDA-0.5	143	176	24	57	1497	0.1675
SDA-1.0	142	175	25	58	1547	0.1675
SDA-1.5	142	175	25	58	1565	0.17
SDA-2.0	142	175	25	58	1471	0.1675
SDA-2.5	142	175	25	58	1526	0.1675
SDA-3.0	142	175	25	58	1530	0.1725
\TheName{}-0.5	184	182	18	16	1611	0.1725
\TheName{}-1.0	160	179	21	40	1604	0.1725
\TheName{}-1.5	149	178	22	51	1636	0.1625
\TheName{}-2.0	146	178	22	54	1622	0.175
\TheName{}-2.5	144	178	22	56	1662	0.17
\TheName{}-3.0	144	177	23	56	1602	0.1625
SVM	175	170	30	25	13	0.0025
LR	0	200	0	200	1	0.0025
Ye-LDA	157	177	23	43	213	0.0075
DTree-10	53	188	12	147	4	0.005
DTree-20	95	178	22	105	5	0.0075
RFC-50	121	181	19	79	60	0.015
RFC-100	118	183	17	82	122	0.0375
NLSVM-0.1	200	25	175	0	11	0.1
NLSVM-1.0	188	81	119	12	8	0.0775
NLSVM-10	77	197	3	123	9	0.07
LDA	108	121	79	92	324	0.175
SDA-0.5	157	172	28	43	1502	0.165
SDA-1.0	156	172	28	44	1503	0.1675
SDA-1.5	155	171	29	45	1483	0.165
SDA-2.0	155	171	29	45	1495	0.17
SDA-2.5	155	171	29	45	1498	0.17
SDA-3.0	155	171	29	45	1734	0.195
\TheName{}-0.5	185	139	61	15	1595	0.1825
\TheName{}-1.0	188	169	31	12	1715	0.21
\TheName{}-1.5	178	169	31	22	2147	0.17
\TheName{}-2.0	169	171	29	31	1678	0.185
\TheName{}-2.5	163	170	30	37	1617	0.17
\TheName{}-3.0	160	171	29	40	1565	0.1625
SVM	186	157	43	14	12	0.0025
LR	0	200	0	200	1	0.005
Ye-LDA	176	162	38	24	203	0.005
DTree-10	98	163	37	102	4	0.0025
DTree-20	89	176	24	111	7	0.0025
RFC-50	122	179	21	78	80	0.02
RFC-100	116	179	21	84	171	0.05
NLSVM-0.1	199	28	172	1	10	0.1075
NLSVM-1.0	191	64	136	9	9	0.0875
NLSVM-10	45	199	1	155	10	0.0825
LDA	125	122	78	75	343	0.455
SDA-0.5	140	176	24	60	1708	0.1875
SDA-1.0	138	175	25	62	1600	0.165
SDA-1.5	136	175	25	64	1548	0.1675
SDA-2.0	136	175	25	64	1788	0.185
SDA-2.5	136	175	25	64	1467	0.18
SDA-3.0	136	175	25	64	1448	0.17
\TheName{}-0.5	171	114	86	29	1919	0.245
\TheName{}-1.0	179	166	34	21	2111	0.195
\TheName{}-1.5	166	175	25	34	1517	0.2525
\TheName{}-2.0	157	176	24	43	1659	0.1675
\TheName{}-2.5	152	176	24	48	1489	0.17
\TheName{}-3.0	150	175	25	50	1523	0.165
SVM	170	173	27	30	17	0.0025
LR	0	200	0	200	1	0.005
Ye-LDA	175	154	46	25	214	0.01
DTree-10	71	176	24	129	3	0.0125
DTree-20	111	155	45	89	6	0.0125
RFC-50	106	180	20	94	63	0.0125
RFC-100	104	180	20	96	120	0.035
NLSVM-0.1	7	200	0	193	11	0.095
NLSVM-1.0	196	73	127	4	8	0.0825
NLSVM-10	70	198	2	130	8	0.0825
LDA	119	110	90	81	333	0.1825
SDA-0.5	130	175	25	70	1448	0.1625
SDA-1.0	130	175	25	70	1535	0.1725
SDA-1.5	130	175	25	70	1541	0.17
SDA-2.0	130	174	26	70	1479	0.1675
SDA-2.5	129	174	26	71	1477	0.175
SDA-3.0	129	174	26	71	1473	0.1725
\TheName{}-0.5	149	139	61	51	1531	0.1625
\TheName{}-1.0	152	182	18	48	1600	0.1625
\TheName{}-1.5	140	177	23	60	1540	0.175
\TheName{}-2.0	136	177	23	64	1670	0.1625
\TheName{}-2.5	135	176	24	65	1535	0.165
\TheName{}-3.0	134	176	24	66	1534	0.1725
SVM	176	170	30	24	11	0.0125
LR	0	200	0	200	1	0.005
Ye-LDA	135	171	29	65	214	0.015
DTree-10	63	175	25	137	5	0.0075
DTree-20	87	161	39	113	8	0.01
RFC-50	109	168	32	91	75	0.02
RFC-100	105	173	27	95	145	0.0475
NLSVM-0.1	198	29	171	2	12	0.11
NLSVM-1.0	35	197	3	165	18	0.1025
NLSVM-10	83	196	4	117	8	0.08
LDA	117	132	68	83	327	0.1675
SDA-0.5	136	174	26	64	1415	0.17
SDA-1.0	134	174	26	66	1527	0.17
SDA-1.5	135	174	26	65	1502	0.165
SDA-2.0	135	173	27	65	1413	0.1625
SDA-2.5	135	173	27	65	1489	0.1625
SDA-3.0	134	173	27	66	1506	0.1675
\TheName{}-0.5	147	129	71	53	1503	0.165
\TheName{}-1.0	172	176	24	28	1572	0.165
\TheName{}-1.5	150	178	22	50	1577	0.1875
\TheName{}-2.0	147	179	21	53	1578	0.1625
\TheName{}-2.5	145	178	22	55	1530	0.165
\TheName{}-3.0	144	178	22	56	1607	0.165
SVM	174	165	35	26	11	0.005
LR	0	200	0	200	1	0.005
Ye-LDA	156	171	29	44	204	0.005
DTree-10	79	177	23	121	4	0.005
DTree-20	97	170	30	103	5	0.005
RFC-50	112	173	27	88	59	0.0125
RFC-100	114	172	28	86	121	0.035
NLSVM-0.1	4	199	1	196	12	0.1025
NLSVM-1.0	199	65	135	1	10	0.0775
NLSVM-10	66	195	5	134	8	0.0825
LDA	121	108	92	79	324	0.175
SDA-0.5	127	171	29	73	1458	0.175
SDA-1.0	124	171	29	76	1484	0.165
SDA-1.5	124	170	30	76	1516	0.175
SDA-2.0	123	170	30	77	1415	0.175
SDA-2.5	123	169	31	77	1445	0.1625
SDA-3.0	122	169	31	78	1451	0.1675
\TheName{}-0.5	185	153	47	15	1508	0.165
\TheName{}-1.0	157	178	22	43	1527	0.165
\TheName{}-1.5	146	180	20	54	1521	0.1725
\TheName{}-2.0	140	177	23	60	1514	0.18
\TheName{}-2.5	136	175	25	64	1609	0.165
\TheName{}-3.0	132	173	27	68	1528	0.165
SVM	180	165	35	20	10	0.0025
LR	0	200	0	200	1	0.005
Ye-LDA	160	168	32	40	198	0.005
DTree-10	74	191	9	126	4	0.0025
DTree-20	102	173	27	98	6	0.0025
RFC-50	108	177	23	92	54	0.0125
RFC-100	109	176	24	91	104	0.0325
NLSVM-0.1	2	199	1	198	10	0.09
NLSVM-1.0	176	117	83	24	9	0.0725
NLSVM-10	111	187	13	89	8	0.065
LDA	132	129	71	68	331	0.1775
SDA-0.5	140	173	27	60	1503	0.1775
SDA-1.0	140	172	28	60	1546	0.17
SDA-1.5	139	171	29	61	1551	0.1675
SDA-2.0	137	171	29	63	1493	0.1725
SDA-2.5	137	171	29	63	1488	0.165
SDA-3.0	137	171	29	63	1470	0.1675
\TheName{}-0.5	172	140	60	28	1543	0.165
\TheName{}-1.0	158	174	26	42	1573	0.165
\TheName{}-1.5	146	173	27	54	1535	0.17
\TheName{}-2.0	143	173	27	57	1499	0.18
\TheName{}-2.5	142	171	29	58	1634	0.1625
\TheName{}-3.0	140	172	28	60	1575	0.1625
SVM	183	167	33	17	10	0.005
LR	0	200	0	200	1	0.0025
Ye-LDA	154	173	27	46	202	0.005
DTree-10	50	184	16	150	3	0.0075
DTree-20	79	180	20	121	5	0.005
RFC-50	113	181	19	87	53	0.0125
RFC-100	116	174	26	84	104	0.0325
NLSVM-0.1	198	30	170	2	11	0.1025
NLSVM-1.0	196	87	113	4	9	0.0975
NLSVM-10	118	187	13	82	8	0.075
LDA	122	135	65	78	320	0.175
SDA-0.5	112	178	22	88	1477	0.1625
SDA-1.0	110	176	24	90	1450	0.1675
SDA-1.5	108	175	25	92	1462	0.165
SDA-2.0	108	175	25	92	1471	0.1825
SDA-2.5	108	175	25	92	1474	0.1675
SDA-3.0	108	175	25	92	1493	0.1675
\TheName{}-0.5	182	172	28	18	1525	0.17
\TheName{}-1.0	129	182	18	71	1572	0.165
\TheName{}-1.5	121	177	23	79	1527	0.175
\TheName{}-2.0	117	177	23	83	1498	0.165
\TheName{}-2.5	115	177	23	85	1612	0.18
\TheName{}-3.0	113	177	23	87	1612	0.1675
SVM	173	177	23	27	20	0.005
LR	0	200	0	200	1	0.005
Ye-LDA	130	182	18	70	213	0.005
DTree-10	54	178	22	146	5	0.005
DTree-20	78	177	23	122	6	0.005
RFC-50	113	175	25	87	79	0.015
RFC-100	115	177	23	85	138	0.05
NLSVM-0.1	200	28	172	0	11	0.0975
NLSVM-1.0	190	73	127	10	9	0.0825
NLSVM-10	82	196	4	118	8	0.0725
LDA	109	103	97	91	317	0.1675
SDA-0.5	144	180	20	56	1479	0.1675
SDA-1.0	143	179	21	57	1493	0.1675
SDA-1.5	142	179	21	58	1458	0.1675
SDA-2.0	141	179	21	59	1457	0.1825
SDA-2.5	141	179	21	59	1460	0.1625
SDA-3.0	141	178	22	59	1470	0.17
\TheName{}-0.5	167	140	60	33	1534	0.1675
\TheName{}-1.0	163	180	20	37	1535	0.1725
\TheName{}-1.5	156	182	18	44	1584	0.1675
\TheName{}-2.0	153	182	18	47	1509	0.17
\TheName{}-2.5	151	181	19	49	1651	0.175
\TheName{}-3.0	148	181	19	52	1528	0.165
SVM	149	171	29	51	13	0.005
LR	200	0	200	0	1	0.0025
Ye-LDA	183	137	63	17	194	0.005
DTree-10	44	188	12	156	3	0.005
DTree-20	98	178	22	102	6	0.0025
RFC-50	125	175	25	75	65	0.015
RFC-100	122	176	24	78	119	0.035
NLSVM-0.1	4	200	0	196	11	0.0925
NLSVM-1.0	50	191	9	150	9	0.07
NLSVM-10	135	188	12	65	8	0.065
LDA	121	128	72	79	328	0.175
SDA-0.5	121	175	25	79	1482	0.1675
SDA-1.0	120	173	27	80	1468	0.1675
SDA-1.5	120	172	28	80	1466	0.165
SDA-2.0	120	172	28	80	1470	0.165
SDA-2.5	120	172	28	80	1488	0.1825
SDA-3.0	120	172	28	80	1461	0.17
\TheName{}-0.5	168	122	78	32	1512	0.1675
\TheName{}-1.0	153	178	22	47	1513	0.175
\TheName{}-1.5	135	177	23	65	1549	0.1725
\TheName{}-2.0	130	176	24	70	1492	0.1675
\TheName{}-2.5	125	174	26	75	1618	0.165
\TheName{}-3.0	122	172	28	78	1550	0.175
SVM	178	164	36	22	8	0.0025
LR	0	200	0	200	1	0.005
Ye-LDA	130	166	34	70	198	0.005
DTree-10	113	165	35	87	4	0.0025
DTree-20	118	176	24	82	7	0.0025
RFC-50	106	178	22	94	54	0.0125
RFC-100	95	179	21	105	112	0.03
NLSVM-0.1	5	199	1	195	10	0.0925
NLSVM-1.0	121	174	26	79	9	0.07
NLSVM-10	76	194	6	124	7	0.0625
LDA	152	135	65	48	324	0.165
SDA-0.5	154	173	27	46	1455	0.17
SDA-1.0	156	172	28	44	1469	0.165
SDA-1.5	156	172	28	44	1466	0.1625
SDA-2.0	156	172	28	44	1439	0.17
SDA-2.5	156	172	28	44	1482	0.1775
SDA-3.0	156	172	28	44	1477	0.1825
\TheName{}-0.5	183	146	54	17	1584	0.165
\TheName{}-1.0	171	169	31	29	1553	0.1725
\TheName{}-1.5	163	172	28	37	1585	0.1675
\TheName{}-2.0	161	173	27	39	1573	0.1675
\TheName{}-2.5	160	173	27	40	1567	0.1775
\TheName{}-3.0	158	172	28	42	1581	0.1875
SVM	172	159	41	28	15	0.0075
LR	0	200	0	200	0	0.005
Ye-LDA	152	169	31	48	206	0.0075
DTree-10	65	172	28	135	3	0.005
DTree-20	95	164	36	105	6	0.0075
RFC-50	108	183	17	92	62	0.015
RFC-100	103	186	14	97	120	0.035
NLSVM-0.1	0	200	0	200	10	0.095
NLSVM-1.0	193	63	137	7	8	0.0875
NLSVM-10	66	198	2	134	8	0.0675
LDA	101	118	82	99	328	0.1725
SDA-0.5	126	179	21	74	1491	0.1725
SDA-1.0	126	179	21	74	1528	0.165
SDA-1.5	124	179	21	76	1478	0.1625
SDA-2.0	124	179	21	76	1524	0.165
SDA-2.5	124	179	21	76	1528	0.1675
SDA-3.0	124	178	22	76	1463	0.1625
\TheName{}-0.5	153	112	88	47	1584	0.1725
\TheName{}-1.0	165	182	18	35	1588	0.1625
\TheName{}-1.5	152	181	19	48	1551	0.165
\TheName{}-2.0	144	180	20	56	1566	0.1625
\TheName{}-2.5	138	181	19	62	1560	0.1625
\TheName{}-3.0	138	181	19	62	1639	0.1825
SVM	177	174	26	23	11	0.005
LR	0	200	0	200	1	0.0025
Ye-LDA	149	175	25	51	214	0.005
DTree-10	100	163	37	100	5	0.0025
DTree-20	114	164	36	86	7	0.0025
RFC-50	109	180	20	91	62	0.0125
RFC-100	105	181	19	95	126	0.035
NLSVM-0.1	199	27	173	1	11	0.1025
NLSVM-1.0	184	75	125	16	8	0.0875
NLSVM-10	68	197	3	132	11	0.075
LDA	127	125	75	73	330	0.17
SDA-0.5	153	160	40	47	1492	0.165
SDA-1.0	151	159	41	49	1500	0.1625
SDA-1.5	151	159	41	49	1453	0.1625
SDA-2.0	151	159	41	49	1482	0.1625
SDA-2.5	151	158	42	49	1511	0.1625
SDA-3.0	150	158	42	50	1445	0.165
\TheName{}-0.5	184	136	64	16	1563	0.175
\TheName{}-1.0	183	160	40	17	1576	0.1675
\TheName{}-1.5	170	161	39	30	1538	0.1625
\TheName{}-2.0	165	157	43	35	1553	0.165
\TheName{}-2.5	162	162	38	38	1570	0.1725
\TheName{}-3.0	160	161	39	40	1589	0.17
SVM	184	152	48	16	12	0.005
LR	0	200	0	200	1	0.005
Ye-LDA	176	151	49	24	212	0.0025
DTree-10	28	190	10	172	3	0.0025
DTree-20	93	166	34	107	7	0.0025
RFC-50	100	173	27	100	60	0.0175
RFC-100	97	171	29	103	118	0.0375
NLSVM-0.1	198	26	174	2	10	0.0925
NLSVM-1.0	195	55	145	5	9	0.0825
NLSVM-10	186	150	50	14	9	0.085
LDA	113	126	74	87	329	0.1725
SDA-0.5	107	176	24	93	1514	0.1625
SDA-1.0	106	175	25	94	1478	0.165
SDA-1.5	107	175	25	93	1473	0.1675
SDA-2.0	108	175	25	92	1524	0.17
SDA-2.5	108	175	25	92	1471	0.1725
SDA-3.0	109	175	25	91	1436	0.165
\TheName{}-0.5	170	148	52	30	1569	0.17
\TheName{}-1.0	138	183	17	62	1585	0.175
\TheName{}-1.5	122	183	17	78	1545	0.17
\TheName{}-2.0	116	178	22	84	1590	0.165
\TheName{}-2.5	115	177	23	85	1558	0.225
\TheName{}-3.0	113	176	24	87	1536	0.1675
SVM	156	177	23	44	12	0.005
LR	0	200	0	200	0	0.005
Ye-LDA	131	174	26	69	202	0.0025
DTree-10	112	146	54	88	4	0.0025
DTree-20	133	136	64	67	7	0.0025
RFC-50	102	181	19	98	67	0.0125
RFC-100	100	182	18	100	126	0.035
NLSVM-0.1	199	31	169	1	11	0.0975
NLSVM-1.0	179	89	111	21	9	0.07
NLSVM-10	90	188	12	110	9	0.0675
LDA	125	113	87	75	324	0.18
SDA-0.5	154	167	33	46	1486	0.1625
SDA-1.0	153	167	33	47	1443	0.165
SDA-1.5	152	167	33	48	1458	0.1725
SDA-2.0	151	167	33	49	1645	0.1625
SDA-2.5	151	167	33	49	1543	0.165
SDA-3.0	151	167	33	49	1459	0.17
\TheName{}-0.5	180	168	32	20	1570	0.165
\TheName{}-1.0	168	175	25	32	1556	0.1675
\TheName{}-1.5	161	170	30	39	1520	0.1775
\TheName{}-2.0	161	170	30	39	1564	0.175
\TheName{}-2.5	157	169	31	43	1529	0.17
\TheName{}-3.0	154	169	31	46	1641	0.1725
SVM	185	167	33	15	10	0.005
LR	0	200	0	200	1	0.005
Ye-LDA	169	177	23	31	206	0.005
DTree-10	108	172	28	92	3	0.005
DTree-20	129	165	35	71	6	0.0025
RFC-50	125	183	17	75	58	0.01
RFC-100	131	176	24	69	109	0.03
NLSVM-0.1	3	199	1	197	12	0.095
NLSVM-1.0	187	79	121	13	9	0.0775
NLSVM-10	154	180	20	46	9	0.075
LDA	95	106	94	105	327	0.175
SDA-0.5	162	165	35	38	1465	0.1725
SDA-1.0	159	165	35	41	1416	0.1725
SDA-1.5	159	165	35	41	1449	0.17
SDA-2.0	159	165	35	41	1510	0.1625
SDA-2.5	158	165	35	42	1465	0.165
SDA-3.0	158	165	35	42	1452	0.17
\TheName{}-0.5	185	151	49	15	1527	0.17
\TheName{}-1.0	178	161	39	22	1536	0.1625
\TheName{}-1.5	174	162	38	26	1534	0.175
\TheName{}-2.0	169	163	37	31	1558	0.1625
\TheName{}-2.5	165	164	36	35	1540	0.16
\TheName{}-3.0	164	164	36	36	1651	0.1625
SVM	181	165	35	19	11	0.0025
LR	0	200	0	200	1	0.0025
Ye-LDA	170	167	33	30	204	0.0025
DTree-10	63	180	20	137	4	0.0025
DTree-20	112	163	37	88	6	0.0025
RFC-50	109	174	26	91	17	0.0125
RFC-100	112	172	28	88	106	0.03
NLSVM-0.1	200	32	168	0	12	0.1025
NLSVM-1.0	195	134	66	5	8	0.0775
NLSVM-10	196	105	95	4	8	0.0675
LDA	128	141	59	72	331	0.1825
SDA-0.5	128	163	37	72	1417	0.1675
SDA-1.0	126	163	37	74	1367	0.1725
SDA-1.5	126	163	37	74	1416	0.1775
SDA-2.0	126	163	37	74	1409	0.1675
SDA-2.5	126	162	38	74	1431	0.1675
SDA-3.0	126	162	38	74	1412	0.17
\TheName{}-0.5	180	149	51	20	1491	0.165
\TheName{}-1.0	145	171	29	55	1554	0.17
\TheName{}-1.5	134	169	31	66	1478	0.17
\TheName{}-2.0	132	167	33	68	1522	0.1675
\TheName{}-2.5	131	166	34	69	1577	0.17
\TheName{}-3.0	128	165	35	72	1548	0.17
SVM	171	179	21	29	12	0.005
LR	0	200	0	200	1	0.0025
Ye-LDA	154	164	36	46	202	0.0025
DTree-10	80	169	31	120	4	0.0025
DTree-20	97	180	20	103	6	0.0025
RFC-50	115	163	37	85	62	0.0125
RFC-100	117	167	33	83	175	0.035
NLSVM-0.1	7	199	1	193	11	0.1
NLSVM-1.0	186	92	108	14	8	0.08
NLSVM-10	98	187	13	102	10	0.0925
LDA	109	117	83	91	326	0.1775
SDA-0.5	134	175	25	66	1443	0.1775
SDA-1.0	132	174	26	68	1409	0.1725
SDA-1.5	132	174	26	68	1419	0.1675
SDA-2.0	132	174	26	68	1446	0.165
SDA-2.5	132	174	26	68	1448	0.17
SDA-3.0	132	173	27	68	1438	0.165
\TheName{}-0.5	147	139	61	53	1526	0.1675
\TheName{}-1.0	158	181	19	42	1517	0.17
\TheName{}-1.5	149	179	21	51	1483	0.165
\TheName{}-2.0	145	177	23	55	1498	0.1725
\TheName{}-2.5	141	177	23	59	1483	0.17
\TheName{}-3.0	137	178	22	63	1442	0.1875
SVM	176	165	35	24	14	0.0025
LR	0	200	0	200	1	0.005
Ye-LDA	142	180	20	58	207	0.005
DTree-10	76	180	20	124	4	0.005
DTree-20	96	176	24	104	5	0.01
RFC-50	111	174	26	89	57	0.015
RFC-100	118	177	23	82	117	0.035
NLSVM-0.1	199	33	167	1	10	0.0925
NLSVM-1.0	190	77	123	10	9	0.0725
NLSVM-10	103	190	10	97	8	0.065
LDA	104	144	56	96	338	0.1875
SDA-0.5	135	178	22	65	1554	0.1625
SDA-1.0	132	177	23	68	1487	0.1625
SDA-1.5	131	177	23	69	1462	0.165
SDA-2.0	131	177	23	69	1493	0.1875
SDA-2.5	130	177	23	70	1506	0.1675
SDA-3.0	130	176	24	70	1485	0.175
\TheName{}-0.5	171	153	47	29	1666	0.2025
\TheName{}-1.0	145	181	19	55	2055	0.17
\TheName{}-1.5	137	181	19	63	1650	0.1675
\TheName{}-2.0	135	181	19	65	2352	0.1725
\TheName{}-2.5	133	179	21	67	2097	0.165
\TheName{}-3.0	132	178	22	68	1956	0.175
SVM	160	165	35	40	14	0.0075
LR	0	200	0	200	0	0.005
Ye-LDA	139	178	22	61	214	0.0025
DTree-10	68	175	25	132	7	0.0025
DTree-20	80	164	36	120	6	0.005
RFC-50	102	179	21	98	56	0.0125
RFC-100	102	176	24	98	117	0.03
NLSVM-0.1	200	34	166	0	11	0.0975
NLSVM-1.0	179	108	92	21	8	0.075
NLSVM-10	48	198	2	152	8	0.075
LDA	113	131	69	87	317	0.1675
SDA-0.5	132	170	30	68	1512	0.165
SDA-1.0	129	169	31	71	1514	0.195
SDA-1.5	129	169	31	71	1819	0.2025
SDA-2.0	129	169	31	71	1673	0.165
SDA-2.5	129	169	31	71	1558	0.1625
SDA-3.0	127	169	31	73	1791	0.175
\TheName{}-0.5	169	173	27	31	1820	0.1825
\TheName{}-1.0	151	176	24	49	1525	0.1675
\TheName{}-1.5	142	175	25	58	1498	0.165
\TheName{}-2.0	138	173	27	62	1511	0.1625
\TheName{}-2.5	133	171	29	67	1532	0.1625
\TheName{}-3.0	132	171	29	68	1479	0.165
SVM	162	166	34	38	13	0.005
LR	0	200	0	200	1	0.0025
Ye-LDA	139	177	23	61	198	0.0025
DTree-10	54	176	24	146	4	0.005
DTree-20	63	180	20	137	6	0.0025
RFC-50	102	172	28	98	15	0.0125
RFC-100	103	173	27	97	103	0.03
NLSVM-0.1	5	199	1	195	10	0.0925
NLSVM-1.0	185	92	108	15	9	0.075
NLSVM-10	67	194	6	133	8	0.07
LDA	116	132	68	84	323	0.185
SDA-0.5	166	170	30	34	1424	0.165
SDA-1.0	163	169	31	37	1386	0.1625
SDA-1.5	163	169	31	37	1326	0.165
SDA-2.0	163	169	31	37	1384	0.165
SDA-2.5	163	169	31	37	1385	0.17
SDA-3.0	162	169	31	38	1393	0.165
\TheName{}-0.5	186	142	58	14	1452	0.1625
\TheName{}-1.0	181	165	35	19	1477	0.18
\TheName{}-1.5	172	168	32	28	1515	0.1625
\TheName{}-2.0	169	169	31	31	1478	0.1625
\TheName{}-2.5	167	169	31	33	1511	0.1925
\TheName{}-3.0	166	169	31	34	1516	0.1625
SVM	167	173	27	33	15	0.005
LR	0	200	0	200	0	0.005
Ye-LDA	168	161	39	32	201	0.0025
DTree-10	180	68	132	20	4	0.0025
DTree-20	89	187	13	111	7	0.0025
RFC-50	126	178	22	74	56	0.0125
RFC-100	126	182	18	74	110	0.03
NLSVM-0.1	4	198	2	196	11	0.0875
NLSVM-1.0	199	79	121	1	8	0.07
NLSVM-10	198	83	117	2	8	0.0675
LDA	107	116	84	93	311	0.1625
SDA-0.5	137	167	33	63	1379	0.1675
SDA-1.0	138	166	34	62	1460	0.16
SDA-1.5	138	166	34	62	1358	0.16
SDA-2.0	138	166	34	62	1342	0.165
SDA-2.5	138	166	34	62	1377	0.165
SDA-3.0	138	166	34	62	1401	0.1625
\TheName{}-0.5	176	152	48	24	1409	0.165
\TheName{}-1.0	160	177	23	40	1456	0.1625
\TheName{}-1.5	150	172	28	50	1480	0.1625
\TheName{}-2.0	147	172	28	53	1423	0.17
\TheName{}-2.5	144	169	31	56	1449	0.16
\TheName{}-3.0	142	170	30	58	1436	0.1625
SVM	171	162	38	29	10	0.005
LR	0	200	0	200	0	0.005
Ye-LDA	138	173	27	62	197	0.005
DTree-10	99	158	42	101	3	0.0025
DTree-20	102	166	34	98	6	0.0025
RFC-50	109	174	26	91	54	0.0125
RFC-100	113	179	21	87	108	0.03
NLSVM-0.1	1	200	0	199	11	0.09
NLSVM-1.0	197	91	109	3	8	0.0725
NLSVM-10	143	178	22	57	7	0.065
LDA	114	128	72	86	324	0.1625
SDA-0.5	141	166	34	59	1350	0.1625
SDA-1.0	137	168	32	63	1449	0.195
SDA-1.5	136	166	34	64	1417	0.165
SDA-2.0	136	166	34	64	1378	0.175
SDA-2.5	136	166	34	64	1391	0.165
SDA-3.0	135	166	34	65	1399	0.1625
\TheName{}-0.5	182	170	30	18	1470	0.1625
\TheName{}-1.0	156	171	29	44	1467	0.165
\TheName{}-1.5	153	169	31	47	1485	0.165
\TheName{}-2.0	148	167	33	52	1493	0.16
\TheName{}-2.5	147	167	33	53	1432	0.1725
\TheName{}-3.0	147	167	33	53	1488	0.1625
SVM	182	175	25	18	12	0.005
LR	0	200	0	200	1	0.0025
Ye-LDA	168	171	29	32	198	0.005
DTree-10	82	172	28	118	4	0.0025
DTree-20	106	168	32	94	6	0.0025
RFC-50	127	161	39	73	66	0.0175
RFC-100	124	159	41	76	127	0.045
NLSVM-0.1	200	27	173	0	10	0.09
NLSVM-1.0	193	73	127	7	9	0.075
NLSVM-10	197	76	124	3	8	0.065
LDA	89	137	63	111	322	0.1675
SDA-0.5	120	175	25	80	1426	0.16
SDA-1.0	119	175	25	81	1405	0.1625
SDA-1.5	119	175	25	81	1482	0.1625
SDA-2.0	118	175	25	82	1424	0.16
SDA-2.5	118	175	25	82	1398	0.17
SDA-3.0	118	175	25	82	1415	0.1625
\TheName{}-0.5	186	154	46	14	1525	0.16
\TheName{}-1.0	142	174	26	58	1459	0.1625
\TheName{}-1.5	136	176	24	64	1509	0.1625
\TheName{}-2.0	130	175	25	70	1507	0.165
\TheName{}-2.5	126	175	25	74	1467	0.1625
\TheName{}-3.0	125	175	25	75	1486	0.1725
SVM	181	164	36	19	15	0.005
LR	0	200	0	200	1	0.005
Ye-LDA	141	177	23	59	204	0.005
DTree-10	68	178	22	132	5	0.005
DTree-20	119	161	39	81	8	0.005
RFC-50	119	181	19	81	65	0.015
RFC-100	116	183	17	84	128	0.04
NLSVM-0.1	2	200	0	198	11	0.0975
NLSVM-1.0	195	76	124	5	8	0.075
NLSVM-10	191	140	60	9	8	0.065
LDA	99	112	88	101	319	0.1625
SDA-0.5	137	169	31	63	1357	0.165
SDA-1.0	138	170	30	62	1325	0.165
SDA-1.5	137	170	30	63	1423	0.165
SDA-2.0	137	170	30	63	1359	0.1625
SDA-2.5	137	170	30	63	1326	0.1625
SDA-3.0	136	170	30	64	1357	0.1625
\TheName{}-0.5	166	170	30	34	1426	0.1725
\TheName{}-1.0	146	174	26	54	1445	0.1625
\TheName{}-1.5	143	173	27	57	1422	0.1625
\TheName{}-2.0	141	172	28	59	1444	0.165
\TheName{}-2.5	140	171	29	60	1453	0.1625
\TheName{}-3.0	138	171	29	62	1391	0.1725
SVM	166	169	31	34	9	0.005
LR	0	200	0	200	0	0.005
Ye-LDA	139	168	32	61	200	0.005
DTree-10	89	171	29	111	3	0.0025
DTree-20	109	166	34	91	6	0.0025
RFC-50	120	172	28	80	62	0.015
RFC-100	125	170	30	75	124	0.0525
NLSVM-0.1	200	24	176	0	11	0.0925
NLSVM-1.0	196	61	139	4	8	0.0725
NLSVM-10	152	165	35	48	7	0.0625
LDA	109	134	66	91	317	0.165
SDA-0.5	134	175	25	66	1427	0.17
SDA-1.0	136	173	27	64	1419	0.1625
SDA-1.5	136	172	28	64	1396	0.1625
SDA-2.0	136	171	29	64	1503	0.1625
SDA-2.5	137	171	29	63	1427	0.1625
SDA-3.0	137	171	29	63	1383	0.1625
\TheName{}-0.5	159	184	16	41	1511	0.165
\TheName{}-1.0	144	175	25	56	1534	0.1725
\TheName{}-1.5	143	173	27	57	1517	0.165
\TheName{}-2.0	140	172	28	60	1553	0.1675
\TheName{}-2.5	139	172	28	61	1571	0.17
\TheName{}-3.0	139	172	28	61	1526	0.1775
SVM	166	167	33	34	15	0.0075
LR	0	200	0	200	0	0.0075
Ye-LDA	131	162	38	69	202	0.005
DTree-10	191	85	115	9	4	0.0025
DTree-20	101	173	27	99	7	0.0025
RFC-50	111	170	30	89	18	0.0175
RFC-100	111	176	24	89	125	0.035
NLSVM-0.1	200	29	171	0	11	0.0925
NLSVM-1.0	190	79	121	10	8	0.07
NLSVM-10	58	195	5	142	8	0.065
LDA	123	125	75	77	316	0.1625
SDA-0.5	160	177	23	40	1378	0.16
SDA-1.0	159	177	23	41	1377	0.17
SDA-1.5	159	177	23	41	1355	0.1675
SDA-2.0	158	177	23	42	1517	0.1675
SDA-2.5	158	177	23	42	1384	0.165
SDA-3.0	158	177	23	42	1373	0.165
\TheName{}-0.5	176	165	35	24	1445	0.1625
\TheName{}-1.0	169	172	28	31	1468	0.1725
\TheName{}-1.5	166	174	26	34	1460	0.175
\TheName{}-2.0	164	173	27	36	1437	0.165
\TheName{}-2.5	163	173	27	37	1468	0.165
\TheName{}-3.0	161	174	26	39	1459	0.165
SVM	175	165	35	25	11	0.005
LR	0	200	0	200	0	0.005
Ye-LDA	161	168	32	39	197	0.0025
DTree-10	56	186	14	144	4	0.0025
DTree-20	80	178	22	120	7	0.0025
RFC-50	93	185	15	107	58	0.0125
RFC-100	91	186	14	109	107	0.03
NLSVM-0.1	135	175	25	65	11	0.09
NLSVM-1.0	190	109	91	10	8	0.07
NLSVM-10	199	97	103	1	8	0.065
LDA	116	123	77	84	319	0.1625
SDA-0.5	137	169	31	63	1383	0.165
SDA-1.0	135	169	31	65	1439	0.1625
SDA-1.5	136	169	31	64	1432	0.1725
SDA-2.0	136	168	32	64	1452	0.165
SDA-2.5	135	169	31	65	1482	0.1625
SDA-3.0	135	169	31	65	1487	0.1675
\TheName{}-0.5	181	171	29	19	1549	0.165
\TheName{}-1.0	146	173	27	54	1554	0.1625
\TheName{}-1.5	143	170	30	57	1540	0.1625
\TheName{}-2.0	141	169	31	59	1501	0.17
\TheName{}-2.5	140	170	30	60	1509	0.165
\TheName{}-3.0	139	169	31	61	1525	0.1625
SVM	176	169	31	24	13	0.005
LR	0	200	0	200	1	0.005
Ye-LDA	135	177	23	65	203	0.005
DTree-10	81	174	26	119	4	0.005
DTree-20	87	170	30	113	5	0.005
RFC-50	118	161	39	82	59	0.015
RFC-100	110	167	33	90	114	0.035
NLSVM-0.1	198	24	176	2	11	0.095
NLSVM-1.0	179	86	114	21	8	0.075
NLSVM-10	89	189	11	111	8	0.07
LDA	125	145	55	75	310	0.16
SDA-0.5	115	176	24	85	1362	0.1625
SDA-1.0	112	175	25	88	1394	0.1625
SDA-1.5	113	175	25	87	1354	0.1625
SDA-2.0	112	175	25	88	1345	0.1625
SDA-2.5	112	175	25	88	1438	0.17
SDA-3.0	112	175	25	88	1373	0.165
\TheName{}-0.5	164	109	91	36	1380	0.165
\TheName{}-1.0	155	181	19	45	1419	0.1675
\TheName{}-1.5	140	179	21	60	1436	0.1725
\TheName{}-2.0	137	180	20	63	1423	0.165
\TheName{}-2.5	127	179	21	73	1421	0.1775
\TheName{}-3.0	125	178	22	75	1512	0.1925
SVM	177	167	33	23	9	0.005
LR	0	200	0	200	1	0.005
Ye-LDA	152	171	29	48	208	0.0025
DTree-10	71	176	24	129	4	0.005
DTree-20	117	164	36	83	6	0.005
RFC-50	101	183	17	99	53	0.0125
RFC-100	102	183	17	98	127	0.0425
NLSVM-0.1	200	36	164	0	12	0.1075
NLSVM-1.0	27	196	4	173	10	0.0775
NLSVM-10	190	138	62	10	9	0.0725
