LDA	148	142	58	52	248	0.1675
SDA-0.5	181	146	54	19	1294	0.1725
SDA-1.0	179	147	53	21	1206	0.1775
SDA-1.5	179	148	52	21	1231	0.185
SDA-2.0	179	148	52	21	1221	0.1725
SDA-2.5	179	148	52	21	1237	0.175
SDA-3.0	179	148	52	21	1288	0.1725
\TheName{}-0.5	172	161	39	28	1282	0.17
\TheName{}-1.0	179	156	44	21	1262	0.175
\TheName{}-1.5	180	150	50	20	1266	0.1775
\TheName{}-2.0	179	148	52	21	1298	0.1725
\TheName{}-2.5	179	149	51	21	1267	0.175
\TheName{}-3.0	179	149	51	21	1263	0.175
SVM	171	148	52	29	1	0.005
LR	0	200	0	200	0	0.005
Ye-LDA	163	153	47	37	105	0.0025
DTree-10	115	149	51	85	2	0.005
DTree-20	126	142	58	74	3	0.005
RFC-50	106	176	24	94	6	0.0075
RFC-100	102	175	25	98	14	0.0175
NLSVM-0.1	1	200	0	199	1	0.0275
NLSVM-1.0	199	57	143	1	1	0.0225
NLSVM-10	0	200	0	200	0	0.0225
LDA	141	156	44	59	230	0.165
SDA-0.5	136	179	21	64	1181	0.1725
SDA-1.0	129	180	20	71	1179	0.1775
SDA-1.5	128	180	20	72	1180	0.18
SDA-2.0	128	180	20	72	1181	0.1775
SDA-2.5	128	180	20	72	1235	0.1825
SDA-3.0	128	180	20	72	1297	0.1825
\TheName{}-0.5	128	78	122	72	1303	0.17
\TheName{}-1.0	170	155	45	30	1324	0.195
\TheName{}-1.5	151	173	27	49	1363	0.17
\TheName{}-2.0	146	177	23	54	1434	0.1775
\TheName{}-2.5	141	177	23	59	1454	0.1775
\TheName{}-3.0	139	176	24	61	1357	0.17
SVM	153	167	33	47	2	0.0025
LR	200	0	200	0	1	0.005
Ye-LDA	178	115	85	22	109	0.005
DTree-10	102	154	46	98	2	0.005
DTree-20	124	149	51	76	3	0.005
RFC-50	85	181	19	115	16	0.01
RFC-100	89	181	19	111	15	0.0125
NLSVM-0.1	200	14	186	0	1	0.0275
NLSVM-1.0	14	198	2	186	1	0.0225
NLSVM-10	200	59	141	0	1	0.02
LDA	128	154	46	72	231	0.165
SDA-0.5	140	169	31	60	1234	0.1775
SDA-1.0	139	167	33	61	1250	0.175
SDA-1.5	139	167	33	61	1253	0.175
SDA-2.0	139	167	33	61	1251	0.17
SDA-2.5	139	167	33	61	1241	0.175
SDA-3.0	139	167	33	61	1197	0.1725
\TheName{}-0.5	166	167	33	34	1237	0.1725
\TheName{}-1.0	141	175	25	59	1250	0.175
\TheName{}-1.5	142	172	28	58	1259	0.1725
\TheName{}-2.0	141	169	31	59	1356	0.1825
\TheName{}-2.5	141	169	31	59	1285	0.1725
\TheName{}-3.0	141	168	32	59	1258	0.1725
SVM	144	156	44	56	2	0.0025
LR	0	200	0	200	1	0.0025
Ye-LDA	119	167	33	81	114	0.0025
DTree-10	95	164	36	105	3	0.0025
DTree-20	110	152	48	90	3	0.0025
RFC-50	101	176	24	99	18	0.005
RFC-100	110	173	27	90	34	0.02
NLSVM-0.1	182	54	146	18	1	0.0275
NLSVM-1.0	184	53	147	16	0	0.0225
NLSVM-10	200	0	200	0	1	0.02
LDA	139	162	38	61	233	0.1675
SDA-0.5	113	181	19	87	1286	0.1825
SDA-1.0	112	181	19	88	1323	0.18
SDA-1.5	111	181	19	89	1273	0.185
SDA-2.0	111	180	20	89	1267	0.1775
SDA-2.5	111	180	20	89	1314	0.175
SDA-3.0	111	180	20	89	1195	0.18
\TheName{}-0.5	142	159	41	58	1244	0.175
\TheName{}-1.0	125	181	19	75	1245	0.1725
\TheName{}-1.5	121	181	19	79	1247	0.175
\TheName{}-2.0	118	180	20	82	1315	0.17
\TheName{}-2.5	115	182	18	85	1295	0.175
\TheName{}-3.0	113	182	18	87	1341	0.17
SVM	147	168	32	53	2	0.005
LR	0	200	0	200	0	0.005
Ye-LDA	91	178	22	109	115	0.0025
DTree-10	72	179	21	128	3	0.0025
DTree-20	87	170	30	113	3	0.005
RFC-50	74	189	11	126	14	0.005
RFC-100	68	187	13	132	14	0.0125
NLSVM-0.1	200	8	192	0	1	0.0275
NLSVM-1.0	183	43	157	17	1	0.0225
NLSVM-10	69	193	7	131	0	0.0225
LDA	124	160	40	76	251	0.165
SDA-0.5	127	169	31	73	1216	0.175
SDA-1.0	125	169	31	75	1271	0.1725
SDA-1.5	124	169	31	76	1242	0.175
SDA-2.0	124	169	31	76	1210	0.175
SDA-2.5	123	169	31	77	1211	0.1775
SDA-3.0	123	169	31	77	1223	0.17
\TheName{}-0.5	156	131	69	44	1337	0.1725
\TheName{}-1.0	143	170	30	57	1415	0.1725
\TheName{}-1.5	134	170	30	66	1291	0.17
\TheName{}-2.0	132	171	29	68	1371	0.17
\TheName{}-2.5	131	171	29	69	1406	0.17
\TheName{}-3.0	128	170	30	72	1368	0.1775
SVM	141	159	41	59	1	0.005
LR	0	200	0	200	0	0.005
Ye-LDA	113	167	33	87	119	0.0025
DTree-10	69	171	29	131	4	0.0025
DTree-20	113	148	52	87	4	0.0025
RFC-50	72	177	23	128	15	0.005
RFC-100	69	180	20	131	31	0.0175
NLSVM-0.1	200	20	180	0	1	0.0275
NLSVM-1.0	28	188	12	172	1	0.02
NLSVM-10	72	183	17	128	1	0.0225
LDA	123	138	62	77	238	0.1725
SDA-0.5	135	167	33	65	1339	0.185
SDA-1.0	132	167	33	68	1313	0.17
SDA-1.5	132	167	33	68	1195	0.175
SDA-2.0	132	167	33	68	1183	0.175
SDA-2.5	132	167	33	68	1183	0.1775
SDA-3.0	132	167	33	68	1185	0.1775
\TheName{}-0.5	172	134	66	28	1427	0.1875
\TheName{}-1.0	159	170	30	41	1297	0.1725
\TheName{}-1.5	146	172	28	54	1238	0.175
\TheName{}-2.0	140	170	30	60	1241	0.1775
\TheName{}-2.5	137	170	30	63	1244	0.1775
\TheName{}-3.0	136	169	31	64	1294	0.175
SVM	138	165	35	62	1	0.0025
LR	0	200	0	200	1	0.0025
Ye-LDA	118	167	33	82	113	0.005
DTree-10	108	157	43	92	2	0.005
DTree-20	121	148	52	79	3	0.0025
RFC-50	71	182	18	129	15	0.0075
RFC-100	62	188	12	138	15	0.01
NLSVM-0.1	2	199	1	198	1	0.0275
NLSVM-1.0	7	199	1	193	1	0.0225
NLSVM-10	200	0	200	0	1	0.02
LDA	153	166	34	47	245	0.17
SDA-0.5	137	161	39	63	1262	0.1725
SDA-1.0	138	160	40	62	1295	0.17
SDA-1.5	138	161	39	62	1247	0.1725
SDA-2.0	137	162	38	63	1273	0.1725
SDA-2.5	137	162	38	63	1260	0.175
SDA-3.0	137	162	38	63	1245	0.18
\TheName{}-0.5	177	131	69	23	1316	0.17
\TheName{}-1.0	161	166	34	39	1360	0.1775
\TheName{}-1.5	152	167	33	48	1387	0.1725
\TheName{}-2.0	149	166	34	51	1334	0.1825
\TheName{}-2.5	147	164	36	53	1340	0.1725
\TheName{}-3.0	141	164	36	59	1386	0.1725
SVM	160	161	39	40	1	0.005
LR	0	200	0	200	0	0.005
Ye-LDA	140	176	24	60	117	0.0025
DTree-10	192	104	96	8	3	0.0025
DTree-20	186	115	85	14	3	0.0025
RFC-50	82	189	11	118	16	0.0075
RFC-100	89	192	8	111	35	0.0125
NLSVM-0.1	200	5	195	0	1	0.0275
NLSVM-1.0	0	200	0	200	1	0.0225
NLSVM-10	138	171	29	62	1	0.02
LDA	154	151	49	46	254	0.1625
SDA-0.5	172	158	42	28	1408	0.18
SDA-1.0	164	160	40	36	1285	0.1725
SDA-1.5	164	161	39	36	1231	0.175
SDA-2.0	164	161	39	36	1309	0.175
SDA-2.5	164	161	39	36	1300	0.17
SDA-3.0	164	161	39	36	1318	0.1675
\TheName{}-0.5	144	166	34	56	1371	0.1825
\TheName{}-1.0	158	162	38	42	1320	0.1725
\TheName{}-1.5	161	161	39	39	1301	0.1825
\TheName{}-2.0	161	161	39	39	1392	0.175
\TheName{}-2.5	162	161	39	38	1367	0.175
\TheName{}-3.0	162	162	38	38	1352	0.18
SVM	145	160	40	55	1	0.005
LR	0	200	0	200	0	0.005
Ye-LDA	147	156	44	53	118	0.0025
DTree-10	80	170	30	120	3	0.0025
DTree-20	111	150	50	89	4	0.0025
RFC-50	76	183	17	124	18	0.01
RFC-100	84	185	15	116	33	0.0225
NLSVM-0.1	0	200	0	200	1	0.0275
NLSVM-1.0	4	199	1	196	0	0.0225
NLSVM-10	145	166	34	55	1	0.02
LDA	149	165	35	51	247	0.165
SDA-0.5	138	173	27	62	1695	0.17
SDA-1.0	137	173	27	63	1222	0.1825
SDA-1.5	137	173	27	63	1302	0.17
SDA-2.0	137	173	27	63	1282	0.175
SDA-2.5	138	172	28	62	1370	0.1725
SDA-3.0	138	171	29	62	1251	0.1775
\TheName{}-0.5	147	169	31	53	1687	0.3625
\TheName{}-1.0	142	172	28	58	1478	0.1725
\TheName{}-1.5	139	171	29	61	1699	0.1975
\TheName{}-2.0	139	172	28	61	1472	0.17
\TheName{}-2.5	139	172	28	61	1440	0.185
\TheName{}-3.0	138	172	28	62	1387	0.1825
SVM	156	166	34	44	1	0.005
LR	200	0	200	0	0	0.0025
Ye-LDA	138	177	23	62	107	0.0025
DTree-10	88	179	21	112	2	0.005
DTree-20	120	161	39	80	3	0.005
RFC-50	86	179	21	114	16	0.0075
RFC-100	84	180	20	116	32	0.02
NLSVM-0.1	63	186	14	137	1	0.0275
NLSVM-1.0	182	46	154	18	0	0.0225
NLSVM-10	190	123	77	10	1	0.02
LDA	141	151	49	59	297	0.205
SDA-0.5	106	182	18	94	1429	0.175
SDA-1.0	102	182	18	98	1224	0.185
SDA-1.5	101	181	19	99	1583	0.1975
SDA-2.0	101	181	19	99	1461	0.22
SDA-2.5	101	181	19	99	1437	0.19
SDA-3.0	101	181	19	99	1367	0.175
\TheName{}-0.5	124	55	145	76	1789	0.2
\TheName{}-1.0	169	170	30	31	1449	0.1725
\TheName{}-1.5	127	182	18	73	1377	0.175
\TheName{}-2.0	115	184	16	85	1414	0.1775
\TheName{}-2.5	110	183	17	90	1406	0.18
\TheName{}-3.0	110	183	17	90	1344	0.1775
SVM	134	177	23	66	1	0.005
LR	0	200	0	200	1	0.005
Ye-LDA	98	175	25	102	117	0.0025
DTree-10	88	173	27	112	3	0.005
DTree-20	115	156	44	85	3	0.005
RFC-50	94	188	12	106	9	0.0075
RFC-100	94	185	15	106	39	0.02
NLSVM-0.1	200	17	183	0	1	0.03
NLSVM-1.0	164	81	119	36	1	0.0225
NLSVM-10	200	0	200	0	0	0.0225
LDA	97	156	44	103	242	0.1675
SDA-0.5	85	178	22	115	1341	0.175
SDA-1.0	85	177	23	115	1298	0.1775
SDA-1.5	85	177	23	115	1316	0.1775
SDA-2.0	84	177	23	116	1261	0.1775
SDA-2.5	84	177	23	116	1447	0.1875
SDA-3.0	84	177	23	116	1299	0.175
\TheName{}-0.5	120	38	162	80	1382	0.1725
\TheName{}-1.0	112	178	22	88	1505	0.1725
\TheName{}-1.5	95	176	24	105	1296	0.1725
\TheName{}-2.0	88	177	23	112	1348	0.1775
\TheName{}-2.5	86	176	24	114	1362	0.18
\TheName{}-3.0	86	176	24	114	1308	0.1725
SVM	123	158	42	77	2	0.005
LR	0	200	0	200	0	0.005
Ye-LDA	97	178	22	103	123	0.0025
DTree-10	102	143	57	98	2	0.0025
DTree-20	102	143	57	98	2	0.0025
RFC-50	82	166	34	118	14	0.0075
RFC-100	77	179	21	123	29	0.015
NLSVM-0.1	200	18	182	0	1	0.0275
NLSVM-1.0	164	67	133	36	1	0.0225
NLSVM-10	21	194	6	179	0	0.0225
LDA	111	161	39	89	239	0.1625
SDA-0.5	132	155	45	68	1230	0.175
SDA-1.0	130	157	43	70	1265	0.1775
SDA-1.5	130	157	43	70	1252	0.1725
SDA-2.0	130	157	43	70	1211	0.1725
SDA-2.5	130	157	43	70	1207	0.175
SDA-3.0	130	157	43	70	1340	0.175
\TheName{}-0.5	171	154	46	29	1295	0.1825
\TheName{}-1.0	149	159	41	51	1266	0.1725
\TheName{}-1.5	136	159	41	64	1253	0.19
\TheName{}-2.0	134	159	41	66	1351	0.1725
\TheName{}-2.5	133	159	41	67	1292	0.175
\TheName{}-3.0	131	159	41	69	1348	0.18
SVM	163	160	40	37	1	0.005
LR	200	0	200	0	0	0.005
Ye-LDA	171	121	79	29	111	0.005
DTree-10	97	137	63	103	2	0.0025
DTree-20	124	128	72	76	4	0.0025
RFC-50	85	172	28	115	17	0.01
RFC-100	91	173	27	109	33	0.015
NLSVM-0.1	0	200	0	200	1	0.03
NLSVM-1.0	180	59	141	20	1	0.0225
NLSVM-10	55	194	6	145	1	0.0225
LDA	121	145	55	79	195	0.1675
SDA-0.5	133	169	31	67	1252	0.1725
SDA-1.0	133	169	31	67	1196	0.1725
SDA-1.5	131	169	31	69	1205	0.1725
SDA-2.0	131	168	32	69	1217	0.1725
SDA-2.5	131	168	32	69	1230	0.17
SDA-3.0	131	168	32	69	1235	0.1725
\TheName{}-0.5	127	172	28	73	1255	0.1775
\TheName{}-1.0	126	173	27	74	1292	0.1775
\TheName{}-1.5	130	173	27	70	1322	0.185
\TheName{}-2.0	132	172	28	68	1279	0.1725
\TheName{}-2.5	130	171	29	70	1344	0.1775
\TheName{}-3.0	131	171	29	69	1336	0.1725
SVM	127	158	42	73	1	0.005
LR	0	200	0	200	1	0.0025
Ye-LDA	120	174	26	80	109	0.0025
DTree-10	86	165	35	114	3	0.0025
DTree-20	102	149	51	98	3	0.0025
RFC-50	95	181	19	105	6	0.0075
RFC-100	100	174	26	100	29	0.0125
NLSVM-0.1	0	200	0	200	1	0.0275
NLSVM-1.0	192	48	152	8	1	0.0225
NLSVM-10	10	199	1	190	0	0.0225
LDA	161	131	69	39	237	0.17
SDA-0.5	164	169	31	36	1205	0.1725
SDA-1.0	163	169	31	37	1209	0.215
SDA-1.5	163	169	31	37	1246	0.175
SDA-2.0	163	169	31	37	1232	0.1675
SDA-2.5	163	169	31	37	1233	0.215
SDA-3.0	162	169	31	38	1410	0.1725
\TheName{}-0.5	179	157	43	21	1737	0.19
\TheName{}-1.0	170	169	31	30	1616	0.1725
\TheName{}-1.5	169	168	32	31	1410	0.205
\TheName{}-2.0	167	169	31	33	1452	0.1925
\TheName{}-2.5	165	169	31	35	1683	0.18
\TheName{}-3.0	164	169	31	36	1559	0.3075
SVM	162	150	50	38	2	0.0075
LR	0	200	0	200	0	0.01
Ye-LDA	126	175	25	74	114	0.0025
DTree-10	101	160	40	99	2	0.005
DTree-20	131	140	60	69	4	0.0025
RFC-50	89	165	35	111	16	0.01
RFC-100	95	168	32	105	33	0.0175
NLSVM-0.1	199	14	186	1	2	0.0275
NLSVM-1.0	187	66	134	13	1	0.025
NLSVM-10	25	200	0	175	1	0.02
LDA	122	172	28	78	280	0.1875
SDA-0.5	114	187	13	86	1713	0.18
SDA-1.0	115	187	13	85	1277	0.18
SDA-1.5	115	187	13	85	1293	0.1825
SDA-2.0	115	187	13	85	1289	0.1725
SDA-2.5	115	187	13	85	1284	0.175
SDA-3.0	115	187	13	85	1321	0.18
\TheName{}-0.5	155	158	42	45	1362	0.19
\TheName{}-1.0	122	186	14	78	1418	0.17
\TheName{}-1.5	122	186	14	78	1318	0.1775
\TheName{}-2.0	120	185	15	80	1320	0.18
\TheName{}-2.5	116	185	15	84	1505	0.175
\TheName{}-3.0	116	186	14	84	1380	0.1775
SVM	129	175	25	71	2	0.005
LR	0	200	0	200	0	0.0025
Ye-LDA	97	184	16	103	111	0.0025
DTree-10	62	187	13	138	2	0.0025
DTree-20	77	178	22	123	3	0.005
RFC-50	69	193	7	131	13	0.005
RFC-100	73	189	11	127	29	0.01
NLSVM-0.1	45	192	8	155	1	0.0275
NLSVM-1.0	167	62	138	33	1	0.02
NLSVM-10	1	200	0	199	1	0.0225
LDA	120	144	56	80	229	0.1625
SDA-0.5	155	180	20	45	1231	0.1725
SDA-1.0	153	179	21	47	1298	0.1825
SDA-1.5	150	179	21	50	1307	0.1775
SDA-2.0	150	179	21	50	1256	0.1725
SDA-2.5	150	178	22	50	1368	0.205
SDA-3.0	150	178	22	50	1365	0.1775
\TheName{}-0.5	165	173	27	35	1512	0.175
\TheName{}-1.0	159	177	23	41	1409	0.1775
\TheName{}-1.5	155	178	22	45	1379	0.175
\TheName{}-2.0	152	178	22	48	1342	0.175
\TheName{}-2.5	152	178	22	48	1298	0.1775
\TheName{}-3.0	152	178	22	48	1377	0.1775
SVM	143	163	37	57	1	0.0075
LR	0	200	0	200	0	0.005
Ye-LDA	142	164	36	58	112	0.005
DTree-10	91	174	26	109	2	0.005
DTree-20	112	161	39	88	3	0.0025
RFC-50	90	183	17	110	9	0.0075
RFC-100	90	186	14	110	33	0.02
NLSVM-0.1	200	13	187	0	1	0.0275
NLSVM-1.0	170	79	121	30	1	0.0225
NLSVM-10	0	200	0	200	1	0.0225
LDA	171	132	68	29	300	0.1775
SDA-0.5	142	182	18	58	1364	0.175
SDA-1.0	141	181	19	59	1284	0.1875
SDA-1.5	140	181	19	60	1563	0.1825
SDA-2.0	141	181	19	59	1308	0.1825
SDA-2.5	141	181	19	59	1327	0.18
SDA-3.0	141	181	19	59	1260	0.1725
\TheName{}-0.5	181	139	61	19	1356	0.1725
\TheName{}-1.0	159	179	21	41	1455	0.1775
\TheName{}-1.5	151	179	21	49	1435	0.18
\TheName{}-2.0	148	178	22	52	1472	0.1925
\TheName{}-2.5	146	178	22	54	1381	0.19
\TheName{}-3.0	146	179	21	54	1404	0.175
SVM	171	142	58	29	1	0.005
LR	0	200	0	200	1	0.0025
Ye-LDA	119	182	18	81	120	0.005
DTree-10	188	80	120	12	3	0.0025
DTree-20	111	182	18	89	4	0.0025
RFC-50	91	190	10	109	18	0.0075
RFC-100	90	190	10	110	17	0.02
NLSVM-0.1	38	192	8	162	1	0.0375
NLSVM-1.0	195	56	144	5	1	0.02
NLSVM-10	0	200	0	200	1	0.02
LDA	155	141	59	45	230	0.1775
SDA-0.5	179	143	57	21	1328	0.2675
SDA-1.0	179	141	59	21	1268	0.175
SDA-1.5	178	140	60	22	1266	0.1775
SDA-2.0	178	140	60	22	1265	0.1825
SDA-2.5	178	140	60	22	1319	0.1775
SDA-3.0	178	140	60	22	1327	0.19
\TheName{}-0.5	174	141	59	26	1347	0.1925
\TheName{}-1.0	177	141	59	23	1346	0.1875
\TheName{}-1.5	178	141	59	22	1359	0.175
\TheName{}-2.0	178	141	59	22	1340	0.1725
\TheName{}-2.5	178	141	59	22	1334	0.175
\TheName{}-3.0	178	141	59	22	1347	0.175
SVM	158	149	51	42	2	0.005
LR	0	200	0	200	0	0.005
Ye-LDA	157	141	59	43	105	0.005
DTree-10	101	153	47	99	2	0.0025
DTree-20	128	119	81	72	3	0.005
RFC-50	99	158	42	101	7	0.005
RFC-100	81	174	26	119	28	0.0175
NLSVM-0.1	112	161	39	88	1	0.0275
NLSVM-1.0	41	189	11	159	0	0.0225
NLSVM-10	0	200	0	200	1	0.02
LDA	112	159	41	88	240	0.17
SDA-0.5	154	164	36	46	1317	0.1775
SDA-1.0	154	164	36	46	1438	0.2225
SDA-1.5	153	166	34	47	1397	0.1775
SDA-2.0	152	166	34	48	1291	0.17
SDA-2.5	152	166	34	48	1307	0.185
SDA-3.0	152	166	34	48	1320	0.2
\TheName{}-0.5	153	166	34	47	1466	0.1775
\TheName{}-1.0	154	164	36	46	1391	0.1775
\TheName{}-1.5	154	165	35	46	1314	0.18
\TheName{}-2.0	154	165	35	46	1401	0.1775
\TheName{}-2.5	154	165	35	46	1370	0.175
\TheName{}-3.0	154	164	36	46	1372	0.175
SVM	136	154	46	64	1	0.005
LR	0	200	0	200	0	0.005
Ye-LDA	136	176	24	64	113	0.005
DTree-10	98	165	35	102	2	0.0025
DTree-20	117	146	54	83	4	0.0025
RFC-50	116	162	38	84	18	0.01
RFC-100	101	168	32	99	34	0.0175
NLSVM-0.1	44	178	22	156	1	0.03
NLSVM-1.0	156	88	112	44	0	0.0225
NLSVM-10	0	200	0	200	1	0.0225
LDA	131	164	36	69	238	0.2225
SDA-0.5	119	169	31	81	1271	0.1725
SDA-1.0	118	169	31	82	1197	0.1775
SDA-1.5	118	169	31	82	1257	0.1875
SDA-2.0	118	169	31	82	1202	0.1775
SDA-2.5	118	169	31	82	1227	0.1825
SDA-3.0	118	169	31	82	1180	0.1775
\TheName{}-0.5	125	46	154	75	1298	0.17
\TheName{}-1.0	145	165	35	55	1269	0.18
\TheName{}-1.5	131	169	31	69	1259	0.175
\TheName{}-2.0	129	170	30	71	1255	0.18
\TheName{}-2.5	127	170	30	73	1301	0.18
\TheName{}-3.0	126	168	32	74	1264	0.23
SVM	149	166	34	51	2	0.005
LR	0	200	0	200	0	0.005
Ye-LDA	115	167	33	85	138	0.005
DTree-10	113	144	56	87	2	0.0025
DTree-20	127	139	61	73	3	0.005
RFC-50	99	173	27	101	6	0.0075
RFC-100	95	173	27	105	29	0.0175
NLSVM-0.1	200	16	184	0	1	0.0275
NLSVM-1.0	190	55	145	10	1	0.0225
NLSVM-10	21	199	1	179	1	0.02
LDA	167	118	82	33	250	0.18
SDA-0.5	107	187	13	93	1267	0.1725
SDA-1.0	107	187	13	93	1219	0.175
SDA-1.5	108	187	13	92	1258	0.1825
SDA-2.0	108	187	13	92	1218	0.175
SDA-2.5	108	187	13	92	1202	0.1725
SDA-3.0	107	187	13	93	1204	0.175
\TheName{}-0.5	156	70	130	44	1327	0.19
\TheName{}-1.0	175	150	50	25	1302	0.175
\TheName{}-1.5	149	182	18	51	1290	0.1675
\TheName{}-2.0	134	183	17	66	1414	0.175
\TheName{}-2.5	126	186	14	74	1303	0.18
\TheName{}-3.0	122	187	13	78	1284	0.1725
SVM	174	123	77	26	1	0.005
LR	200	0	200	0	1	0.0025
Ye-LDA	179	127	73	21	115	0.0025
DTree-10	65	168	32	135	3	0.0025
DTree-20	104	128	72	96	5	0.0025
RFC-50	51	192	8	149	14	0.0075
RFC-100	60	194	6	140	31	0.01
NLSVM-0.1	200	11	189	0	1	0.0275
NLSVM-1.0	106	122	78	94	1	0.0225
NLSVM-10	63	198	2	137	0	0.0225
LDA	155	127	73	45	238	0.1675
SDA-0.5	177	123	77	23	1241	0.1725
SDA-1.0	177	120	80	23	1245	0.185
SDA-1.5	178	117	83	22	1273	0.175
SDA-2.0	178	116	84	22	1231	0.1725
SDA-2.5	180	111	89	20	1236	0.1725
SDA-3.0	180	111	89	20	1215	0.1725
\TheName{}-0.5	183	124	76	17	1328	0.17
\TheName{}-1.0	181	124	76	19	1305	0.1775
\TheName{}-1.5	180	123	77	20	1331	0.175
\TheName{}-2.0	181	124	76	19	1299	0.1725
\TheName{}-2.5	180	121	79	20	1299	0.17
\TheName{}-3.0	179	121	79	21	1371	0.19
SVM	159	137	63	41	1	0.005
LR	0	200	0	200	0	0.005
Ye-LDA	177	122	78	23	112	0.005
DTree-10	108	149	51	92	2	0.0025
DTree-20	125	141	59	75	6	0.0025
RFC-50	86	186	14	114	8	0.005
RFC-100	74	182	18	126	34	0.02
NLSVM-0.1	90	149	51	110	1	0.0275
NLSVM-1.0	200	30	170	0	0	0.025
NLSVM-10	187	85	115	13	1	0.02
LDA	173	90	110	27	235	0.1625
SDA-0.5	129	184	16	71	1221	0.1725
SDA-1.0	127	185	15	73	1228	0.18
SDA-1.5	125	185	15	75	1221	0.19
SDA-2.0	125	185	15	75	1325	0.1725
SDA-2.5	125	185	15	75	1251	0.18
SDA-3.0	125	185	15	75	1393	0.1725
\TheName{}-0.5	156	63	137	44	1657	0.185
\TheName{}-1.0	175	119	81	25	1421	0.1775
\TheName{}-1.5	164	164	36	36	1325	0.1775
\TheName{}-2.0	148	173	27	52	1386	0.18
\TheName{}-2.5	143	173	27	57	1493	0.1825
\TheName{}-3.0	136	173	27	64	1273	0.17
SVM	166	97	103	34	1	0.0025
LR	200	0	200	0	1	0.0025
Ye-LDA	168	125	75	32	113	0.0025
DTree-10	171	98	102	29	3	0.0025
DTree-20	171	101	99	29	3	0.0025
RFC-50	60	196	4	140	6	0.0075
RFC-100	66	194	6	134	30	0.015
NLSVM-0.1	2	200	0	198	1	0.03
NLSVM-1.0	200	21	179	0	0	0.0225
NLSVM-10	200	0	200	0	1	0.02
LDA	133	138	62	67	356	0.19
SDA-0.5	147	156	44	53	1341	0.1775
SDA-1.0	149	156	44	51	1358	0.185
SDA-1.5	149	156	44	51	1286	0.1925
SDA-2.0	148	156	44	52	1282	0.19
SDA-2.5	148	156	44	52	1249	0.18
SDA-3.0	148	156	44	52	1504	0.1775
\TheName{}-0.5	160	162	38	40	1329	0.175
\TheName{}-1.0	153	162	38	47	1299	0.1725
\TheName{}-1.5	152	160	40	48	1288	0.17
\TheName{}-2.0	152	159	41	48	1285	0.1725
\TheName{}-2.5	152	158	42	48	1274	0.17
\TheName{}-3.0	151	157	43	49	1332	0.175
SVM	163	153	47	37	1	0.005
LR	0	200	0	200	0	0.005
Ye-LDA	123	162	38	77	110	0.005
DTree-10	109	156	44	91	2	0.0025
DTree-20	137	135	65	63	4	0.0025
RFC-50	105	164	36	95	15	0.005
RFC-100	101	169	31	99	30	0.015
NLSVM-0.1	200	22	178	0	1	0.025
NLSVM-1.0	169	63	137	31	1	0.0225
NLSVM-10	181	116	84	19	1	0.02
LDA	145	133	67	55	264	0.19
SDA-0.5	104	184	16	96	1286	0.1825
SDA-1.0	102	183	17	98	1425	0.1775
SDA-1.5	102	183	17	98	1385	0.1775
SDA-2.0	102	183	17	98	1393	0.1725
SDA-2.5	102	183	17	98	1255	0.1825
SDA-3.0	102	183	17	98	1359	0.175
\TheName{}-0.5	130	43	157	70	1587	0.175
\TheName{}-1.0	176	159	41	24	1407	0.195
\TheName{}-1.5	129	187	13	71	1284	0.18
\TheName{}-2.0	116	189	11	84	1346	0.2075
\TheName{}-2.5	115	187	13	85	1364	0.18
\TheName{}-3.0	113	187	13	87	1315	0.18
SVM	158	157	43	42	2	0.0025
LR	0	200	0	200	1	0.0025
Ye-LDA	99	190	10	101	114	0.005
DTree-10	99	165	35	101	2	0.005
DTree-20	127	147	53	73	3	0.005
RFC-50	93	182	18	107	15	0.0075
RFC-100	87	182	18	113	31	0.015
NLSVM-0.1	200	17	183	0	1	0.0275
NLSVM-1.0	70	172	28	130	1	0.02
NLSVM-10	3	200	0	197	1	0.02
LDA	161	153	47	39	234	0.165
SDA-0.5	124	178	22	76	1293	0.1825
SDA-1.0	121	178	22	79	1337	0.175
SDA-1.5	120	178	22	80	1324	0.1775
SDA-2.0	121	178	22	79	1276	0.175
SDA-2.5	121	178	22	79	1310	0.175
SDA-3.0	121	178	22	79	1360	0.18
\TheName{}-0.5	175	156	44	25	1347	0.185
\TheName{}-1.0	143	177	23	57	1397	0.1775
\TheName{}-1.5	131	178	22	69	1478	0.1825
\TheName{}-2.0	126	178	22	74	1367	0.1775
\TheName{}-2.5	124	178	22	76	1428	0.185
\TheName{}-3.0	124	178	22	76	1419	0.1775
SVM	177	157	43	23	2	0.005
LR	0	200	0	200	0	0.0025
Ye-LDA	117	174	26	83	109	0.0025
DTree-10	92	174	26	108	2	0.0025
DTree-20	121	153	47	79	4	0.0025
RFC-50	73	181	19	127	6	0.005
RFC-100	80	178	22	120	37	0.0175
NLSVM-0.1	149	117	83	51	1	0.0275
NLSVM-1.0	10	197	3	190	0	0.0225
NLSVM-10	200	0	200	0	1	0.02
LDA	176	114	86	24	281	0.2
SDA-0.5	175	163	37	25	1301	0.175
SDA-1.0	174	162	38	26	1323	0.1775
SDA-1.5	171	162	38	29	1344	0.185
SDA-2.0	171	162	38	29	1378	0.175
SDA-2.5	171	162	38	29	1329	0.18
SDA-3.0	171	162	38	29	1352	0.1775
\TheName{}-0.5	175	134	66	25	1410	0.175
\TheName{}-1.0	181	158	42	19	1386	0.185
\TheName{}-1.5	180	162	38	20	1358	0.175
\TheName{}-2.0	179	161	39	21	1382	0.18
\TheName{}-2.5	177	161	39	23	1421	0.19
\TheName{}-3.0	177	161	39	23	1341	0.18
SVM	186	124	76	14	1	0.0025
LR	0	200	0	200	1	0.0025
Ye-LDA	154	175	25	46	132	0.005
DTree-10	84	170	30	116	2	0.0025
DTree-20	102	157	43	98	4	0.005
RFC-50	77	186	14	123	6	0.0075
RFC-100	84	190	10	116	27	0.0175
NLSVM-0.1	0	199	1	200	1	0.0275
NLSVM-1.0	200	53	147	0	1	0.0225
NLSVM-10	200	0	200	0	0	0.02
LDA	152	116	84	48	282	0.175
SDA-0.5	145	173	27	55	1283	0.1725
SDA-1.0	145	173	27	55	1274	0.175
SDA-1.5	145	172	28	55	1286	0.175
SDA-2.0	144	173	27	56	1254	0.1775
SDA-2.5	144	173	27	56	1293	0.185
SDA-3.0	144	173	27	56	1307	0.1775
\TheName{}-0.5	184	137	63	16	1314	0.18
\TheName{}-1.0	159	169	31	41	1352	0.1775
\TheName{}-1.5	148	169	31	52	1382	0.1875
\TheName{}-2.0	148	171	29	52	1323	0.1725
\TheName{}-2.5	147	172	28	53	1353	0.1775
\TheName{}-3.0	146	172	28	54	1403	0.1725
SVM	162	146	54	38	2	0.0025
LR	0	200	0	200	1	0.0025
Ye-LDA	118	170	30	82	114	0.0025
DTree-10	115	160	40	85	2	0.0025
DTree-20	127	157	43	73	4	0.005
RFC-50	97	176	24	103	8	0.0075
RFC-100	98	180	20	102	20	0.0125
NLSVM-0.1	2	200	0	198	1	0.03
NLSVM-1.0	10	198	2	190	0	0.0225
NLSVM-10	0	200	0	200	1	0.02
LDA	153	139	61	47	231	0.1675
SDA-0.5	133	158	42	67	1229	0.175
SDA-1.0	134	160	40	66	1247	0.18
SDA-1.5	133	160	40	67	1252	0.1725
SDA-2.0	133	160	40	67	1257	0.1725
SDA-2.5	133	160	40	67	1214	0.175
SDA-3.0	133	160	40	67	1256	0.175
\TheName{}-0.5	183	134	66	17	1339	0.175
\TheName{}-1.0	162	156	44	38	1355	0.18
\TheName{}-1.5	149	156	44	51	1311	0.1775
\TheName{}-2.0	142	158	42	58	1378	0.2025
\TheName{}-2.5	142	159	41	58	1309	0.175
\TheName{}-3.0	139	159	41	61	1314	0.19
SVM	168	139	61	32	1	0.0075
LR	0	200	0	200	0	0.005
Ye-LDA	146	168	32	54	113	0.01
DTree-10	114	157	43	86	3	0.0125
DTree-20	120	147	53	80	3	0.0125
RFC-50	90	179	21	110	6	0.01
RFC-100	97	169	31	103	32	0.015
NLSVM-0.1	200	5	195	0	1	0.0475
NLSVM-1.0	185	84	116	15	1	0.0225
NLSVM-10	0	200	0	200	1	0.0225
LDA	131	164	36	69	240	0.175
SDA-0.5	143	175	25	57	1258	0.175
SDA-1.0	141	174	26	59	1288	0.1775
SDA-1.5	140	173	27	60	1365	0.18
SDA-2.0	138	173	27	62	1279	0.175
SDA-2.5	138	173	27	62	1303	0.1725
SDA-3.0	138	173	27	62	1289	0.1775
\TheName{}-0.5	157	175	25	43	1330	0.1775
\TheName{}-1.0	148	173	27	52	1369	0.1775
\TheName{}-1.5	144	174	26	56	1388	0.1775
\TheName{}-2.0	144	174	26	56	1330	0.1775
\TheName{}-2.5	142	174	26	58	1314	0.175
\TheName{}-3.0	141	174	26	59	1380	0.18
SVM	150	171	29	50	1	0.0025
LR	0	200	0	200	1	0.005
Ye-LDA	133	178	22	67	114	0.0025
DTree-10	93	162	38	107	2	0.005
DTree-20	109	154	46	91	3	0.0025
RFC-50	82	177	23	118	17	0.01
RFC-100	78	180	20	122	14	0.0175
NLSVM-0.1	0	200	0	200	1	0.0275
NLSVM-1.0	176	50	150	24	1	0.02
NLSVM-10	113	178	22	87	1	0.02
LDA	141	160	40	59	239	0.1675
SDA-0.5	142	182	18	58	1256	0.175
SDA-1.0	141	181	19	59	1341	0.1825
SDA-1.5	141	181	19	59	1291	0.18
SDA-2.0	141	181	19	59	1268	0.175
SDA-2.5	141	181	19	59	1279	0.185
SDA-3.0	141	181	19	59	1261	0.175
\TheName{}-0.5	130	77	123	70	1375	0.1725
\TheName{}-1.0	168	136	64	32	1330	0.1725
\TheName{}-1.5	166	173	27	34	1365	0.1825
\TheName{}-2.0	159	179	21	41	1348	0.1775
\TheName{}-2.5	158	180	20	42	1321	0.1775
\TheName{}-3.0	155	181	19	45	1357	0.175
SVM	148	176	24	52	1	0.005
LR	0	200	0	200	1	0.0025
Ye-LDA	126	179	21	74	119	0.0025
DTree-10	62	182	18	138	2	0.005
DTree-20	88	175	25	112	3	0.0025
RFC-50	75	187	13	125	8	0.0075
RFC-100	85	185	15	115	17	0.0125
NLSVM-0.1	0	200	0	200	1	0.03
NLSVM-1.0	187	56	144	13	1	0.0225
NLSVM-10	15	200	0	185	0	0.0225
LDA	166	82	118	34	239	0.1675
SDA-0.5	129	171	29	71	1240	0.175
SDA-1.0	128	171	29	72	1275	0.18
SDA-1.5	128	172	28	72	1244	0.185
SDA-2.0	128	172	28	72	1231	0.175
SDA-2.5	128	172	28	72	1273	0.1825
SDA-3.0	128	172	28	72	1208	0.1725
\TheName{}-0.5	156	95	105	44	1279	0.17
\TheName{}-1.0	146	159	41	54	1325	0.175
\TheName{}-1.5	131	169	31	69	1409	0.1775
\TheName{}-2.0	129	170	30	71	1299	0.1725
\TheName{}-2.5	128	170	30	72	1296	0.18
\TheName{}-3.0	128	171	29	72	1449	0.185
SVM	166	126	74	34	2	0.005
LR	0	200	0	200	0	0.005
Ye-LDA	125	155	45	75	117	0.0025
DTree-10	102	169	31	98	3	0.005
DTree-20	123	125	75	77	4	0.005
RFC-50	88	175	25	112	20	0.01
RFC-100	90	175	25	110	15	0.02
NLSVM-0.1	0	200	0	200	1	0.03
NLSVM-1.0	200	35	165	0	0	0.0225
NLSVM-10	81	188	12	119	1	0.02
LDA	169	146	54	31	242	0.1625
SDA-0.5	164	177	23	36	1237	0.1725
SDA-1.0	164	176	24	36	1259	0.18
SDA-1.5	163	176	24	37	1288	0.18
SDA-2.0	163	176	24	37	1233	0.1725
SDA-2.5	163	176	24	37	1213	0.17
SDA-3.0	163	176	24	37	1282	0.18
\TheName{}-0.5	181	161	39	19	1327	0.1775
\TheName{}-1.0	171	172	28	29	1314	0.175
\TheName{}-1.5	167	173	27	33	1355	0.1825
\TheName{}-2.0	167	174	26	33	1360	0.1775
\TheName{}-2.5	166	176	24	34	1328	0.185
\TheName{}-3.0	166	176	24	34	1340	0.175
SVM	173	153	47	27	1	0.005
LR	0	200	0	200	0	0.005
Ye-LDA	135	171	29	65	116	0.0025
DTree-10	110	167	33	90	2	0.005
DTree-20	128	158	42	72	3	0.0025
RFC-50	105	183	17	95	19	0.0125
RFC-100	116	180	20	84	32	0.02
NLSVM-0.1	200	3	197	0	1	0.03
NLSVM-1.0	158	118	82	42	1	0.02
NLSVM-10	200	0	200	0	1	0.02
LDA	100	161	39	100	241	0.17
SDA-0.5	124	172	28	76	1344	0.1725
SDA-1.0	123	170	30	77	1287	0.175
SDA-1.5	122	170	30	78	1393	0.185
SDA-2.0	122	169	31	78	1437	0.185
SDA-2.5	121	169	31	79	1329	0.18
SDA-3.0	121	169	31	79	1267	0.1725
\TheName{}-0.5	148	177	23	52	1345	0.1725
\TheName{}-1.0	133	173	27	67	1357	0.1725
\TheName{}-1.5	130	172	28	70	1441	0.19
\TheName{}-2.0	126	172	28	74	1389	0.1775
\TheName{}-2.5	125	171	29	75	1385	0.1775
\TheName{}-3.0	125	170	30	75	1448	0.1825
SVM	124	166	34	76	2	0.005
LR	0	200	0	200	0	0.005
Ye-LDA	124	165	35	76	111	0.0025
DTree-10	87	172	28	113	2	0.005
DTree-20	101	168	32	99	3	0.005
RFC-50	76	182	18	124	6	0.0075
RFC-100	81	179	21	119	28	0.0175
NLSVM-0.1	2	200	0	198	1	0.025
NLSVM-1.0	2	200	0	198	1	0.0225
NLSVM-10	78	183	17	122	1	0.02
LDA	79	169	31	121	329	0.17
SDA-0.5	100	184	16	100	1341	0.175
SDA-1.0	96	185	15	104	1464	0.1775
SDA-1.5	95	186	14	105	1361	0.175
SDA-2.0	95	186	14	105	1284	0.175
SDA-2.5	95	186	14	105	1251	0.175
SDA-3.0	95	186	14	105	1291	0.175
\TheName{}-0.5	120	185	15	80	1404	0.23
\TheName{}-1.0	108	186	14	92	1348	0.1775
\TheName{}-1.5	105	185	15	95	1351	0.1725
\TheName{}-2.0	103	185	15	97	1412	0.195
\TheName{}-2.5	102	185	15	98	1359	0.17
\TheName{}-3.0	99	186	14	101	1411	0.2025
SVM	105	172	28	95	1	0.005
LR	0	200	0	200	0	0.005
Ye-LDA	83	187	13	117	119	0.0075
DTree-10	90	169	31	110	3	0.0025
DTree-20	100	164	36	100	3	0.0025
RFC-50	79	183	17	121	7	0.01
RFC-100	70	184	16	130	34	0.0125
NLSVM-0.1	199	10	190	1	2	0.0275
NLSVM-1.0	155	65	135	45	1	0.02
NLSVM-10	142	162	38	58	0	0.02
LDA	169	115	85	31	245	0.165
SDA-0.5	96	176	24	104	1314	0.1775
SDA-1.0	96	176	24	104	1306	0.18
SDA-1.5	96	176	24	104	1322	0.175
SDA-2.0	96	176	24	104	1401	0.1975
SDA-2.5	95	176	24	105	1508	0.1975
SDA-3.0	95	176	24	105	1325	0.1825
\TheName{}-0.5	125	37	163	75	1401	0.18
\TheName{}-1.0	146	97	103	54	1377	0.1775
\TheName{}-1.5	149	175	25	51	1371	0.1725
\TheName{}-2.0	123	181	19	77	1360	0.175
\TheName{}-2.5	109	179	21	91	1432	0.185
\TheName{}-3.0	103	178	22	97	1376	0.1775
SVM	158	158	42	42	1	0.005
LR	0	200	0	200	0	0.005
Ye-LDA	114	177	23	86	115	0.0025
DTree-10	103	161	39	97	2	0.0025
DTree-20	125	138	62	75	4	0.0025
RFC-50	75	180	20	125	7	0.0075
RFC-100	84	180	20	116	14	0.01
NLSVM-0.1	200	16	184	0	0	0.03
NLSVM-1.0	190	49	151	10	1	0.02
NLSVM-10	28	200	0	172	1	0.02
LDA	152	113	87	48	236	0.1625
SDA-0.5	99	176	24	101	1238	0.1775
SDA-1.0	99	176	24	101	1261	0.175
SDA-1.5	99	176	24	101	1300	0.175
SDA-2.0	99	176	24	101	1253	0.1725
SDA-2.5	99	176	24	101	1312	0.1775
SDA-3.0	99	176	24	101	1298	0.1775
\TheName{}-0.5	142	53	147	58	1333	0.1825
\TheName{}-1.0	112	177	23	88	1347	0.1825
\TheName{}-1.5	104	176	24	96	1326	0.18
\TheName{}-2.0	104	176	24	96	1345	0.185
\TheName{}-2.5	102	175	25	98	1293	0.17
\TheName{}-3.0	102	175	25	98	1337	0.185
SVM	148	154	46	52	1	0.005
LR	0	200	0	200	1	0.0075
Ye-LDA	100	171	29	100	118	0.0025
DTree-10	113	145	55	87	2	0.005
DTree-20	113	145	55	87	2	0.005
RFC-50	76	177	23	124	5	0.005
RFC-100	75	176	24	125	27	0.0125
NLSVM-0.1	200	20	180	0	1	0.03
NLSVM-1.0	151	102	98	49	1	0.02
NLSVM-10	200	9	191	0	1	0.02
LDA	168	133	67	32	242	0.1675
SDA-0.5	127	164	36	73	1346	0.175
SDA-1.0	126	163	37	74	1313	0.175
SDA-1.5	125	163	37	75	1301	0.1775
SDA-2.0	125	162	38	75	1336	0.1775
SDA-2.5	123	162	38	77	1368	0.185
SDA-3.0	123	162	38	77	1266	0.1775
\TheName{}-0.5	169	99	101	31	1419	0.1725
\TheName{}-1.0	165	157	43	35	1391	0.175
\TheName{}-1.5	149	162	38	51	1459	0.18
\TheName{}-2.0	141	162	38	59	1356	0.18
\TheName{}-2.5	134	163	37	66	1325	0.1725
\TheName{}-3.0	131	163	37	69	1362	0.1775
SVM	166	141	59	34	1	0.005
LR	0	200	0	200	0	0.005
Ye-LDA	149	163	37	51	114	0.0025
DTree-10	99	158	42	101	2	0.0025
DTree-20	114	148	52	86	4	0.0025
RFC-50	92	170	30	108	8	0.005
RFC-100	117	156	44	83	31	0.02
NLSVM-0.1	200	21	179	0	1	0.0275
NLSVM-1.0	167	82	118	33	1	0.02
NLSVM-10	200	68	132	0	1	0.02
LDA	136	146	54	64	239	0.165
SDA-0.5	151	144	56	49	1234	0.1775
SDA-1.0	149	146	54	51	1274	0.175
SDA-1.5	149	146	54	51	1432	0.1775
SDA-2.0	149	146	54	51	1336	0.1725
SDA-2.5	149	145	55	51	1199	0.175
SDA-3.0	149	145	55	51	1346	0.1875
\TheName{}-0.5	169	156	44	31	1350	0.1775
\TheName{}-1.0	158	148	52	42	1314	0.1725
\TheName{}-1.5	153	147	53	47	1345	0.18
\TheName{}-2.0	153	145	55	47	1413	0.1775
\TheName{}-2.5	151	145	55	49	1315	0.1725
\TheName{}-3.0	151	145	55	49	1325	0.175
SVM	163	159	41	37	1	0.005
LR	0	200	0	200	0	0.005
Ye-LDA	139	149	51	61	114	0.0025
DTree-10	108	165	35	92	2	0.005
DTree-20	130	134	66	70	3	0.0025
RFC-50	71	174	26	129	7	0.005
RFC-100	82	174	26	118	29	0.01
NLSVM-0.1	4	200	0	196	1	0.0275
NLSVM-1.0	197	34	166	3	1	0.0225
NLSVM-10	5	200	0	195	0	0.02
LDA	156	135	65	44	238	0.1675
SDA-0.5	123	170	30	77	1470	0.1825
SDA-1.0	121	170	30	79	1307	0.1875
SDA-1.5	121	170	30	79	1277	0.1775
SDA-2.0	121	170	30	79	1303	0.175
SDA-2.5	121	170	30	79	1234	0.1825
SDA-3.0	121	170	30	79	1257	0.1775
\TheName{}-0.5	139	88	112	61	1325	0.17
\TheName{}-1.0	161	164	36	39	1328	0.185
\TheName{}-1.5	143	173	27	57	1296	0.18
\TheName{}-2.0	135	173	27	65	1295	0.1825
\TheName{}-2.5	133	170	30	67	1341	0.1775
\TheName{}-3.0	129	170	30	71	1293	0.1775
SVM	170	157	43	30	2	0.0025
LR	0	200	0	200	1	0.0025
Ye-LDA	107	160	40	93	107	0.0025
DTree-10	98	152	48	102	2	0.005
DTree-20	129	138	62	71	3	0.005
RFC-50	77	178	22	123	15	0.0075
RFC-100	84	177	23	116	32	0.015
NLSVM-0.1	200	2	198	0	1	0.0275
NLSVM-1.0	15	190	10	185	1	0.0225
NLSVM-10	0	200	0	200	0	0.02
LDA	108	146	54	92	240	0.1725
SDA-0.5	171	153	47	29	1293	0.175
SDA-1.0	171	152	48	29	1319	0.2025
SDA-1.5	169	152	48	31	1335	0.175
SDA-2.0	169	152	48	31	1245	0.1825
SDA-2.5	168	152	48	32	1285	0.185
SDA-3.0	168	152	48	32	1383	0.185
\TheName{}-0.5	163	88	112	37	1296	0.1775
\TheName{}-1.0	191	119	81	9	1299	0.1725
\TheName{}-1.5	187	138	62	13	1365	0.175
\TheName{}-2.0	185	142	58	15	1354	0.175
\TheName{}-2.5	182	145	55	18	1294	0.1825
\TheName{}-3.0	182	147	53	18	1321	0.175
SVM	171	135	65	29	1	0.0025
LR	0	200	0	200	0	0.005
Ye-LDA	161	148	52	39	127	0.005
DTree-10	87	171	29	113	2	0.0025
DTree-20	112	163	37	88	3	0.005
RFC-50	91	178	22	109	7	0.0075
RFC-100	101	179	21	99	31	0.015
NLSVM-0.1	2	200	0	198	1	0.035
NLSVM-1.0	189	69	131	11	1	0.0275
NLSVM-10	1	200	0	199	1	0.0275
LDA	169	152	48	31	201	0.1775
SDA-0.5	118	174	26	82	1319	0.175
SDA-1.0	117	172	28	83	1271	0.1775
SDA-1.5	117	171	29	83	1288	0.185
SDA-2.0	116	171	29	84	1292	0.1725
SDA-2.5	116	171	29	84	1256	0.1725
SDA-3.0	116	171	29	84	1343	0.19
\TheName{}-0.5	120	179	21	80	1364	0.1725
\TheName{}-1.0	121	176	24	79	1353	0.175
\TheName{}-1.5	119	176	24	81	1274	0.1775
\TheName{}-2.0	117	175	25	83	1413	0.1775
\TheName{}-2.5	117	175	25	83	1296	0.1775
\TheName{}-3.0	117	175	25	83	1358	0.1825
SVM	167	149	51	33	2	0.005
LR	0	200	0	200	0	0.005
Ye-LDA	91	176	24	109	115	0.01
DTree-10	94	146	54	106	2	0.005
DTree-20	104	146	54	96	3	0.005
RFC-50	79	179	21	121	7	0.0075
RFC-100	86	175	25	114	31	0.02
NLSVM-0.1	117	119	81	83	1	0.03
NLSVM-1.0	91	147	53	109	1	0.0225
NLSVM-10	200	0	200	0	1	0.02
LDA	155	147	53	45	243	0.1725
SDA-0.5	117	158	42	83	1319	0.17
SDA-1.0	119	158	42	81	1191	0.1725
SDA-1.5	119	158	42	81	1223	0.175
SDA-2.0	118	158	42	82	1182	0.1725
SDA-2.5	117	158	42	83	1181	0.175
SDA-3.0	117	158	42	83	1196	0.17
\TheName{}-0.5	148	84	116	52	1279	0.18
\TheName{}-1.0	138	159	41	62	1268	0.175
\TheName{}-1.5	123	158	42	77	1368	0.19
\TheName{}-2.0	118	158	42	82	1249	0.1675
\TheName{}-2.5	117	158	42	83	1244	0.175
\TheName{}-3.0	116	159	41	84	1265	0.175
SVM	160	157	43	40	1	0.005
LR	200	0	200	0	1	0.0025
Ye-LDA	135	165	35	65	105	0.005
DTree-10	107	134	66	93	2	0.0025
DTree-20	134	117	83	66	3	0.0025
RFC-50	85	167	33	115	13	0.0075
RFC-100	87	155	45	113	27	0.0125
NLSVM-0.1	200	23	177	0	1	0.0275
NLSVM-1.0	170	69	131	30	1	0.0225
NLSVM-10	8	200	0	192	0	0.0225
LDA	146	125	75	54	230	0.1675
SDA-0.5	149	178	22	51	1212	0.1725
SDA-1.0	147	178	22	53	1221	0.18
SDA-1.5	146	179	21	54	1345	0.18
SDA-2.0	146	181	19	54	1290	0.1775
SDA-2.5	145	181	19	55	1329	0.1775
SDA-3.0	145	181	19	55	1283	0.1775
\TheName{}-0.5	179	127	73	21	1300	0.1775
\TheName{}-1.0	173	164	36	27	1303	0.175
\TheName{}-1.5	168	173	27	32	1351	0.175
\TheName{}-2.0	163	175	25	37	1301	0.1775
\TheName{}-2.5	157	175	25	43	1317	0.1775
\TheName{}-3.0	156	177	23	44	1289	0.18
SVM	153	133	67	47	1	0.005
LR	0	200	0	200	1	0.0025
Ye-LDA	145	179	21	55	117	0.0025
DTree-10	62	175	25	138	2	0.005
DTree-20	106	157	43	94	4	0.005
RFC-50	72	187	13	128	8	0.0075
RFC-100	79	189	11	121	33	0.02
NLSVM-0.1	2	200	0	198	1	0.0275
NLSVM-1.0	200	11	189	0	1	0.0225
NLSVM-10	0	200	0	200	1	0.02
LDA	143	130	70	57	331	0.17
SDA-0.5	113	190	10	87	1291	0.17
SDA-1.0	112	190	10	88	1211	0.18
SDA-1.5	111	191	9	89	1222	0.175
SDA-2.0	111	191	9	89	1306	0.175
SDA-2.5	111	192	8	89	1297	0.18
SDA-3.0	111	192	8	89	1234	0.1725
\TheName{}-0.5	125	58	142	75	1319	0.1725
\TheName{}-1.0	155	138	62	45	1271	0.1725
\TheName{}-1.5	149	184	16	51	1263	0.1725
\TheName{}-2.0	133	189	11	67	1285	0.175
\TheName{}-2.5	125	189	11	75	1337	0.17
\TheName{}-3.0	120	191	9	80	1335	0.17
SVM	154	133	67	46	2	0.005
LR	0	200	0	200	0	0.0025
Ye-LDA	98	183	17	102	113	0.005
DTree-10	55	173	27	145	2	0.0025
DTree-20	101	152	48	99	4	0.0025
RFC-50	42	198	2	158	15	0.0075
RFC-100	54	196	4	146	31	0.0225
NLSVM-0.1	199	6	194	1	1	0.0275
NLSVM-1.0	198	25	175	2	1	0.02
NLSVM-10	88	196	4	112	1	0.0225
LDA	153	135	65	47	230	0.165
SDA-0.5	123	162	38	77	1227	0.1725
SDA-1.0	122	161	39	78	1279	0.185
SDA-1.5	122	161	39	78	1233	0.175
SDA-2.0	122	162	38	78	1184	0.1775
SDA-2.5	122	162	38	78	1205	0.1725
SDA-3.0	122	162	38	78	1208	0.18
\TheName{}-0.5	170	133	67	30	1264	0.1725
\TheName{}-1.0	151	170	30	49	1259	0.175
\TheName{}-1.5	144	166	34	56	1269	0.1725
\TheName{}-2.0	138	165	35	62	1264	0.175
\TheName{}-2.5	130	164	36	70	1240	0.175
\TheName{}-3.0	128	161	39	72	1278	0.1875
SVM	162	139	61	38	2	0.005
LR	0	200	0	200	0	0.005
Ye-LDA	132	163	37	68	109	0.0025
DTree-10	107	152	48	93	2	0.0025
DTree-20	126	142	58	74	4	0.005
RFC-50	92	179	21	108	15	0.0075
RFC-100	83	182	18	117	15	0.0125
NLSVM-0.1	105	129	71	95	1	0.0275
NLSVM-1.0	198	54	146	2	1	0.0225
NLSVM-10	200	0	200	0	0	0.02
LDA	190	134	66	10	243	0.1625
SDA-0.5	144	167	33	56	1281	0.1725
SDA-1.0	143	167	33	57	1303	0.1725
SDA-1.5	141	166	34	59	1275	0.18
SDA-2.0	141	166	34	59	1276	0.175
SDA-2.5	141	166	34	59	1238	0.18
SDA-3.0	141	166	34	59	1227	0.1775
\TheName{}-0.5	182	128	72	18	1351	0.1775
\TheName{}-1.0	173	164	36	27	1301	0.185
\TheName{}-1.5	168	167	33	32	1300	0.1725
\TheName{}-2.0	158	167	33	42	1352	0.1725
\TheName{}-2.5	151	166	34	49	1291	0.1725
\TheName{}-3.0	148	166	34	52	1281	0.1725
SVM	183	139	61	17	1	0.005
LR	0	200	0	200	0	0.005
Ye-LDA	133	167	33	67	108	0.0025
DTree-10	94	168	32	106	2	0.005
DTree-20	131	145	55	69	4	0.005
RFC-50	69	184	16	131	8	0.0075
RFC-100	77	188	12	123	29	0.015
NLSVM-0.1	200	11	189	0	1	0.0275
NLSVM-1.0	200	43	157	0	1	0.0225
NLSVM-10	0	200	0	200	0	0.0225
LDA	151	146	54	49	235	0.1675
SDA-0.5	163	177	23	37	1196	0.175
SDA-1.0	162	175	25	38	1195	0.1725
SDA-1.5	162	175	25	38	1192	0.1725
SDA-2.0	162	175	25	38	1180	0.1775
SDA-2.5	162	174	26	38	1180	0.175
SDA-3.0	162	174	26	38	1208	0.1725
\TheName{}-0.5	154	176	24	46	1250	0.1725
\TheName{}-1.0	159	175	25	41	1234	0.175
\TheName{}-1.5	161	175	25	39	1237	0.1725
\TheName{}-2.0	161	175	25	39	1242	0.17
\TheName{}-2.5	161	175	25	39	1245	0.18
\TheName{}-3.0	162	173	27	38	1239	0.1775
SVM	160	159	41	40	1	0.005
LR	0	200	0	200	0	0.005
Ye-LDA	138	177	23	62	108	0.005
DTree-10	109	163	37	91	2	0.005
DTree-20	119	160	40	81	4	0.0025
RFC-50	76	183	17	124	15	0.0075
RFC-100	83	181	19	117	31	0.0175
NLSVM-0.1	200	8	192	0	1	0.0275
NLSVM-1.0	176	96	104	24	1	0.0225
NLSVM-10	199	31	169	1	0	0.0225
LDA	141	135	65	59	226	0.19
SDA-0.5	191	146	54	9	1185	0.175
SDA-1.0	191	145	55	9	1195	0.175
SDA-1.5	191	146	54	9	1187	0.175
SDA-2.0	191	146	54	9	1196	0.175
SDA-2.5	191	145	55	9	1184	0.17
SDA-3.0	191	145	55	9	1197	0.17
\TheName{}-0.5	178	157	43	22	1257	0.175
\TheName{}-1.0	187	156	44	13	1253	0.175
\TheName{}-1.5	189	152	48	11	1265	0.175
\TheName{}-2.0	190	149	51	10	1265	0.1775
\TheName{}-2.5	190	147	53	10	1252	0.175
\TheName{}-3.0	190	147	53	10	1286	0.175
SVM	149	161	39	51	1	0.005
LR	0	200	0	200	0	0.005
Ye-LDA	181	147	53	19	110	0.0025
DTree-10	96	165	35	104	2	0.005
DTree-20	98	158	42	102	4	0.005
RFC-50	108	178	22	92	17	0.01
RFC-100	102	178	22	98	38	0.0225
NLSVM-0.1	1	200	0	199	1	0.0275
NLSVM-1.0	199	46	154	1	1	0.02
NLSVM-10	200	0	200	0	1	0.02
LDA	132	146	54	68	232	0.1625
SDA-0.5	108	181	19	92	1167	0.175
SDA-1.0	105	180	20	95	1191	0.1775
SDA-1.5	105	180	20	95	1193	0.17
SDA-2.0	105	180	20	95	1251	0.1775
SDA-2.5	104	180	20	96	1214	0.1725
SDA-3.0	104	180	20	96	1195	0.18
\TheName{}-0.5	149	119	81	51	1352	0.17
\TheName{}-1.0	129	178	22	71	1285	0.1725
\TheName{}-1.5	118	182	18	82	1344	0.1725
\TheName{}-2.0	113	180	20	87	1284	0.1725
\TheName{}-2.5	111	179	21	89	1252	0.175
\TheName{}-3.0	108	180	20	92	1251	0.17
SVM	144	162	38	56	1	0.005
LR	0	200	0	200	0	0.005
Ye-LDA	120	175	25	80	108	0.0025
DTree-10	96	156	44	104	3	0.0025
DTree-20	112	147	53	88	4	0.0025
RFC-50	61	183	17	139	16	0.005
RFC-100	66	184	16	134	31	0.015
NLSVM-0.1	200	9	191	0	1	0.0275
NLSVM-1.0	179	61	139	21	1	0.02
NLSVM-10	0	200	0	200	1	0.02
LDA	137	141	59	63	231	0.17
SDA-0.5	158	163	37	42	1255	0.18
SDA-1.0	158	161	39	42	1244	0.175
SDA-1.5	158	161	39	42	1229	0.1725
SDA-2.0	158	161	39	42	1250	0.1725
SDA-2.5	158	160	40	42	1238	0.1775
SDA-3.0	158	160	40	42	1205	0.1775
\TheName{}-0.5	177	155	45	23	1287	0.1875
\TheName{}-1.0	174	166	34	26	1307	0.17
\TheName{}-1.5	166	163	37	34	1324	0.1725
\TheName{}-2.0	165	163	37	35	1264	0.1775
\TheName{}-2.5	162	163	37	38	1280	0.1725
\TheName{}-3.0	162	161	39	38	1262	0.1725
SVM	165	140	60	35	2	0.0025
LR	0	200	0	200	1	0.0025
Ye-LDA	106	170	30	94	111	0.0025
DTree-10	103	152	48	97	2	0.005
DTree-20	113	147	53	87	3	0.0025
RFC-50	93	178	22	107	7	0.005
RFC-100	109	176	24	91	30	0.0175
NLSVM-0.1	200	23	177	0	1	0.0275
NLSVM-1.0	22	195	5	178	1	0.0225
NLSVM-10	200	0	200	0	0	0.0225
LDA	176	133	67	24	239	0.175
SDA-0.5	155	180	20	45	1246	0.1725
SDA-1.0	150	181	19	50	1231	0.175
SDA-1.5	150	181	19	50	1212	0.175
SDA-2.0	149	180	20	51	1240	0.18
SDA-2.5	149	180	20	51	1262	0.1775
SDA-3.0	149	180	20	51	1326	0.1725
\TheName{}-0.5	170	158	42	30	1279	0.175
\TheName{}-1.0	166	171	29	34	1283	0.17
\TheName{}-1.5	158	178	22	42	1274	0.1775
\TheName{}-2.0	155	178	22	45	1257	0.1725
\TheName{}-2.5	155	178	22	45	1253	0.175
\TheName{}-3.0	155	178	22	45	1271	0.1775
SVM	174	135	65	26	1	0.005
LR	0	200	0	200	0	0.0075
Ye-LDA	133	176	24	67	110	0.0025
DTree-10	80	180	20	120	2	0.005
DTree-20	107	149	51	93	4	0.0025
RFC-50	62	189	11	138	8	0.0075
RFC-100	77	193	7	123	33	0.02
NLSVM-0.1	0	200	0	200	1	0.0275
NLSVM-1.0	46	176	24	154	0	0.0225
NLSVM-10	65	200	0	135	1	0.02
LDA	154	117	83	46	359	0.1625
SDA-0.5	153	170	30	47	1179	0.175
SDA-1.0	152	168	32	48	1170	0.175
SDA-1.5	152	167	33	48	1179	0.1725
SDA-2.0	152	167	33	48	1186	0.17
SDA-2.5	152	164	36	48	1170	0.1775
SDA-3.0	152	164	36	48	1180	0.1725
\TheName{}-0.5	173	130	70	27	1307	0.17
\TheName{}-1.0	160	155	45	40	1232	0.1725
\TheName{}-1.5	158	162	38	42	1254	0.175
\TheName{}-2.0	160	160	40	40	1225	0.1775
\TheName{}-2.5	159	161	39	41	1273	0.1725
\TheName{}-3.0	159	162	38	41	1287	0.1725
SVM	163	133	67	37	2	0.0075
LR	0	200	0	200	0	0.0025
Ye-LDA	116	171	29	84	113	0.0025
DTree-10	102	143	57	98	2	0.0025
DTree-20	121	126	74	79	4	0.005
RFC-50	91	183	17	109	16	0.01
RFC-100	98	169	31	102	33	0.0175
NLSVM-0.1	2	199	1	198	1	0.0275
NLSVM-1.0	20	186	14	180	1	0.0225
NLSVM-10	0	200	0	200	0	0.0225
LDA	162	140	60	38	255	0.1725
SDA-0.5	164	168	32	36	1303	0.1725
SDA-1.0	162	170	30	38	1200	0.1775
SDA-1.5	162	170	30	38	1224	0.1725
SDA-2.0	162	170	30	38	1223	0.1775
SDA-2.5	162	170	30	38	1205	0.175
SDA-3.0	162	169	31	38	1229	0.1725
\TheName{}-0.5	165	167	33	35	1276	0.175
\TheName{}-1.0	164	164	36	36	1283	0.1725
\TheName{}-1.5	163	165	35	37	1276	0.1725
\TheName{}-2.0	163	166	34	37	1319	0.1725
\TheName{}-2.5	162	169	31	38	1301	0.17
\TheName{}-3.0	162	169	31	38	1286	0.17
SVM	169	162	38	31	1	0.005
LR	0	200	0	200	0	0.005
Ye-LDA	138	174	26	62	115	0.0025
DTree-10	65	177	23	135	3	0.0025
DTree-20	172	93	107	28	4	0.0025
RFC-50	101	178	22	99	17	0.0075
RFC-100	94	180	20	106	35	0.015
NLSVM-0.1	200	11	189	0	1	0.03
NLSVM-1.0	185	53	147	15	1	0.0225
NLSVM-10	0	200	0	200	1	0.02
LDA	143	163	37	57	240	0.165
SDA-0.5	93	177	23	107	1214	0.17
SDA-1.0	93	177	23	107	1198	0.1675
SDA-1.5	92	176	24	108	1191	0.175
SDA-2.0	92	176	24	108	1211	0.1775
SDA-2.5	92	176	24	108	1222	0.1725
SDA-3.0	92	176	24	108	1198	0.18
\TheName{}-0.5	155	109	91	45	1332	0.1725
\TheName{}-1.0	108	185	15	92	1295	0.175
\TheName{}-1.5	99	180	20	101	1321	0.19
\TheName{}-2.0	95	179	21	105	1378	0.17
\TheName{}-2.5	94	179	21	106	1282	0.1725
\TheName{}-3.0	94	178	22	106	1314	0.1775
SVM	151	166	34	49	2	0.005
LR	0	200	0	200	0	0.005
Ye-LDA	83	179	21	117	115	0.0025
DTree-10	86	168	32	114	2	0.0025
DTree-20	112	155	45	88	3	0.0025
RFC-50	85	176	24	115	8	0.0075
RFC-100	87	175	25	113	30	0.0175
NLSVM-0.1	200	15	185	0	1	0.03
NLSVM-1.0	171	69	131	29	1	0.0225
NLSVM-10	200	0	200	0	2	0.02
LDA	135	142	58	65	234	0.16
SDA-0.5	105	180	20	95	1218	0.175
SDA-1.0	103	180	20	97	1204	0.18
SDA-1.5	103	178	22	97	1256	0.1725
SDA-2.0	103	178	22	97	1224	0.1775
SDA-2.5	102	178	22	98	1242	0.1725
SDA-3.0	102	178	22	98	1217	0.17
\TheName{}-0.5	128	34	166	72	1298	0.19
\TheName{}-1.0	159	83	117	41	1334	0.1725
\TheName{}-1.5	162	153	47	38	1301	0.175
\TheName{}-2.0	142	174	26	58	1414	0.1725
\TheName{}-2.5	133	179	21	67	1294	0.19
\TheName{}-3.0	124	178	22	76	1409	0.18
SVM	161	159	41	39	2	0.0025
LR	0	200	0	200	1	0.0025
Ye-LDA	97	175	25	103	111	0.005
DTree-10	94	154	46	106	2	0.005
DTree-20	114	140	60	86	3	0.0025
RFC-50	54	187	13	146	7	0.005
RFC-100	69	179	21	131	28	0.015
NLSVM-0.1	0	199	1	200	0	0.0275
NLSVM-1.0	28	191	9	172	1	0.025
NLSVM-10	199	21	179	1	1	0.0225
LDA	161	142	58	39	299	0.17
SDA-0.5	109	178	22	91	1199	0.175
SDA-1.0	109	179	21	91	1189	0.17
SDA-1.5	110	178	22	90	1184	0.17
SDA-2.0	109	178	22	91	1192	0.1725
SDA-2.5	109	178	22	91	1173	0.17
SDA-3.0	109	177	23	91	1245	0.1725
\TheName{}-0.5	162	81	119	38	1276	0.1725
\TheName{}-1.0	155	175	25	45	1244	0.1725
\TheName{}-1.5	120	177	23	80	1247	0.175
\TheName{}-2.0	116	179	21	84	1394	0.1775
\TheName{}-2.5	114	181	19	86	1296	0.17
\TheName{}-3.0	113	180	20	87	1372	0.17
SVM	156	164	36	44	2	0.005
LR	200	0	200	0	0	0.005
Ye-LDA	131	170	30	69	110	0.005
DTree-10	77	165	35	123	2	0.0025
DTree-20	93	157	43	107	4	0.0025
RFC-50	71	177	23	129	17	0.005
RFC-100	79	174	26	121	31	0.015
NLSVM-0.1	1	199	1	199	1	0.0275
NLSVM-1.0	32	186	14	168	1	0.02
NLSVM-10	97	182	18	103	1	0.0225
LDA	136	156	44	64	233	0.1675
SDA-0.5	109	169	31	91	1238	0.1825
SDA-1.0	108	169	31	92	1197	0.175
SDA-1.5	108	169	31	92	1187	0.175
SDA-2.0	107	169	31	93	1200	0.1775
SDA-2.5	107	169	31	93	1250	0.175
SDA-3.0	107	169	31	93	1306	0.1775
\TheName{}-0.5	160	145	55	40	1306	0.1725
\TheName{}-1.0	125	170	30	75	1294	0.1725
\TheName{}-1.5	118	169	31	82	1389	0.1725
\TheName{}-2.0	114	168	32	86	1277	0.1775
\TheName{}-2.5	114	168	32	86	1276	0.1725
\TheName{}-3.0	113	169	31	87	1408	0.1725
SVM	137	153	47	63	1	0.005
LR	0	200	0	200	1	0.0025
Ye-LDA	109	156	44	91	112	0.005
DTree-10	72	170	30	128	2	0.0025
DTree-20	89	166	34	111	3	0.005
RFC-50	66	177	23	134	5	0.0075
RFC-100	66	184	16	134	28	0.0175
NLSVM-0.1	200	1	199	0	1	0.0275
NLSVM-1.0	178	39	161	22	1	0.02
NLSVM-10	0	200	0	200	1	0.02
LDA	146	133	67	54	232	0.1625
SDA-0.5	148	168	32	52	1225	0.18
SDA-1.0	146	166	34	54	1223	0.18
SDA-1.5	146	166	34	54	1207	0.1725
SDA-2.0	145	166	34	55	1287	0.1725
SDA-2.5	144	166	34	56	1231	0.1775
SDA-3.0	144	166	34	56	1233	0.1775
\TheName{}-0.5	135	118	82	65	1269	0.1725
\TheName{}-1.0	172	165	35	28	1290	0.1775
\TheName{}-1.5	163	169	31	37	1281	0.1775
\TheName{}-2.0	160	167	33	40	1323	0.175
\TheName{}-2.5	157	166	34	43	1308	0.1725
\TheName{}-3.0	154	166	34	46	1321	0.1725
SVM	152	145	55	48	1	0.005
LR	200	0	200	0	0	0.005
Ye-LDA	179	160	40	21	102	0.0025
DTree-10	105	165	35	95	2	0.005
DTree-20	109	150	50	91	3	0.0025
RFC-50	80	188	12	120	5	0.0075
RFC-100	87	187	13	113	23	0.025
NLSVM-0.1	0	200	0	200	1	0.03
NLSVM-1.0	191	66	134	9	1	0.0225
NLSVM-10	196	121	79	4	0	0.0225
LDA	154	134	66	46	243	0.165
SDA-0.5	173	164	36	27	1243	0.1775
SDA-1.0	173	166	34	27	1254	0.1725
SDA-1.5	173	166	34	27	1225	0.175
SDA-2.0	173	166	34	27	1229	0.175
SDA-2.5	173	166	34	27	1223	0.175
SDA-3.0	173	165	35	27	1226	0.17
\TheName{}-0.5	154	133	67	46	1295	0.1775
\TheName{}-1.0	176	155	45	24	1280	0.175
\TheName{}-1.5	176	155	45	24	1279	0.1725
\TheName{}-2.0	176	157	43	24	1286	0.1725
\TheName{}-2.5	175	159	41	25	1269	0.1725
\TheName{}-3.0	175	159	41	25	1287	0.185
SVM	164	143	57	36	1	0.005
LR	0	200	0	200	0	0.0075
Ye-LDA	135	177	23	65	108	0.005
DTree-10	160	78	122	40	2	0.005
DTree-20	95	149	51	105	4	0.005
RFC-50	62	190	10	138	13	0.0075
RFC-100	75	183	17	125	24	0.0175
NLSVM-0.1	199	9	191	1	1	0.0275
NLSVM-1.0	40	164	36	160	1	0.0225
NLSVM-10	200	0	200	0	0	0.0225
LDA	151	130	70	49	241	0.1725
SDA-0.5	131	166	34	69	1195	0.17
SDA-1.0	131	165	35	69	1241	0.175
SDA-1.5	130	165	35	70	1199	0.1725
SDA-2.0	129	165	35	71	1213	0.1775
SDA-2.5	129	164	36	71	1207	0.1725
SDA-3.0	129	164	36	71	1184	0.18
\TheName{}-0.5	162	124	76	38	1262	0.1725
\TheName{}-1.0	150	156	44	50	1289	0.17
\TheName{}-1.5	141	163	37	59	1279	0.175
\TheName{}-2.0	135	163	37	65	1267	0.1775
\TheName{}-2.5	134	166	34	66	1377	0.1725
\TheName{}-3.0	133	166	34	67	1275	0.17
SVM	162	134	66	38	1	0.0075
LR	0	200	0	200	0	0.005
Ye-LDA	125	161	39	75	111	0.0025
DTree-10	113	142	58	87	2	0.0025
DTree-20	121	139	61	79	3	0.0025
RFC-50	94	178	22	106	11	0.0075
RFC-100	111	171	29	89	24	0.015
NLSVM-0.1	200	13	187	0	1	0.0275
NLSVM-1.0	13	197	3	187	1	0.02
NLSVM-10	1	200	0	199	0	0.02
LDA	137	155	45	63	235	0.1625
SDA-0.5	121	184	16	79	1199	0.18
SDA-1.0	120	184	16	80	1211	0.1725
SDA-1.5	119	184	16	81	1219	0.17
SDA-2.0	119	184	16	81	1195	0.17
SDA-2.5	118	184	16	82	1191	0.1775
SDA-3.0	118	184	16	82	1198	0.1725
\TheName{}-0.5	152	124	76	48	1259	0.1725
\TheName{}-1.0	132	185	15	68	1358	0.1725
\TheName{}-1.5	131	184	16	69	1342	0.1725
\TheName{}-2.0	126	184	16	74	1277	0.1725
\TheName{}-2.5	124	184	16	76	1287	0.1725
\TheName{}-3.0	123	184	16	77	1296	0.175
SVM	133	168	32	67	1	0.005
LR	0	200	0	200	0	0.01
Ye-LDA	106	180	20	94	115	0.005
DTree-10	66	186	14	134	2	0.005
DTree-20	113	165	35	87	3	0.005
RFC-50	69	193	7	131	4	0.0075
RFC-100	70	193	7	130	25	0.0175
NLSVM-0.1	69	148	52	131	1	0.0275
NLSVM-1.0	7	200	0	193	1	0.02
NLSVM-10	197	76	124	3	1	0.02
LDA	175	149	51	25	243	0.1625
SDA-0.5	141	171	29	59	1250	0.175
SDA-1.0	137	171	29	63	1245	0.1725
SDA-1.5	136	171	29	64	1224	0.18
SDA-2.0	136	171	29	64	1244	0.1725
SDA-2.5	136	172	28	64	1243	0.175
SDA-3.0	136	172	28	64	1237	0.165
\TheName{}-0.5	173	139	61	27	1403	0.1825
\TheName{}-1.0	176	165	35	24	1284	0.1725
\TheName{}-1.5	160	170	30	40	1394	0.1775
\TheName{}-2.0	148	169	31	52	1429	0.1775
\TheName{}-2.5	148	170	30	52	1413	0.175
\TheName{}-3.0	146	170	30	54	1338	0.1775
SVM	175	155	45	25	1	0.005
LR	0	200	0	200	1	0.0025
Ye-LDA	168	169	31	32	117	0.0025
DTree-10	104	163	37	96	2	0.005
DTree-20	117	159	41	83	3	0.005
RFC-50	89	179	21	111	12	0.0075
RFC-100	93	177	23	107	26	0.0175
NLSVM-0.1	200	9	191	0	0	0.03
NLSVM-1.0	198	56	144	2	1	0.02
NLSVM-10	200	46	154	0	1	0.02
LDA	142	172	28	58	195	0.165
SDA-0.5	130	176	24	70	1256	0.17
SDA-1.0	129	176	24	71	1181	0.1775
SDA-1.5	129	176	24	71	1262	0.175
SDA-2.0	129	176	24	71	1327	0.175
SDA-2.5	129	176	24	71	1288	0.1625
SDA-3.0	129	175	25	71	1282	0.17
\TheName{}-0.5	159	176	24	41	1265	0.1725
\TheName{}-1.0	142	179	21	58	1264	0.19
\TheName{}-1.5	138	179	21	62	1251	0.1725
\TheName{}-2.0	133	179	21	67	1256	0.1725
\TheName{}-2.5	130	179	21	70	1261	0.175
\TheName{}-3.0	129	179	21	71	1296	0.175
SVM	155	178	22	45	1	0.005
LR	0	200	0	200	0	0.005
Ye-LDA	113	172	28	87	111	0.005
DTree-10	110	166	34	90	4	0.0025
DTree-20	125	166	34	75	3	0.005
RFC-50	79	178	22	121	14	0.0075
RFC-100	83	180	20	117	25	0.015
NLSVM-0.1	0	200	0	200	1	0.0275
NLSVM-1.0	188	55	145	12	1	0.0225
NLSVM-10	200	0	200	0	0	0.0225
LDA	158	175	25	42	245	0.165
SDA-0.5	144	175	25	56	1235	0.18
SDA-1.0	142	175	25	58	1253	0.175
SDA-1.5	140	175	25	60	1275	0.18
SDA-2.0	140	174	26	60	1252	0.1725
SDA-2.5	140	174	26	60	1224	0.1675
SDA-3.0	140	174	26	60	1237	0.175
\TheName{}-0.5	170	169	31	30	1306	0.1725
\TheName{}-1.0	151	178	22	49	1327	0.1725
\TheName{}-1.5	148	176	24	52	1365	0.1775
\TheName{}-2.0	147	175	25	53	1321	0.18
\TheName{}-2.5	146	175	25	54	1320	0.1725
\TheName{}-3.0	146	174	26	54	1303	0.175
SVM	165	176	24	35	1	0.005
LR	0	200	0	200	0	0.005
Ye-LDA	127	175	25	73	122	0.0025
DTree-10	107	156	44	93	2	0.005
DTree-20	132	147	53	68	2	0.005
RFC-50	70	183	17	130	13	0.01
RFC-100	71	183	17	129	28	0.0175
NLSVM-0.1	200	13	187	0	1	0.0275
NLSVM-1.0	180	94	106	20	1	0.0225
NLSVM-10	0	200	0	200	1	0.0225
LDA	165	132	68	35	227	0.16
SDA-0.5	139	177	23	61	1178	0.1625
SDA-1.0	139	177	23	61	1241	0.17
SDA-1.5	139	177	23	61	1172	0.1775
SDA-2.0	139	177	23	61	1187	0.1675
SDA-2.5	139	177	23	61	1199	0.1625
SDA-3.0	139	177	23	61	1224	0.175
\TheName{}-0.5	184	142	58	16	1251	0.1775
\TheName{}-1.0	153	171	29	47	1237	0.1775
\TheName{}-1.5	146	173	27	54	1256	0.1625
\TheName{}-2.0	143	175	25	57	1280	0.165
\TheName{}-2.5	139	177	23	61	1284	0.1675
\TheName{}-3.0	139	176	24	61	1259	0.175
SVM	170	137	63	30	1	0.005
LR	200	0	200	0	0	0.005
Ye-LDA	177	124	76	23	111	0.005
DTree-10	104	147	53	96	2	0.0025
DTree-20	123	141	59	77	4	0.0025
RFC-50	78	191	9	122	11	0.0075
RFC-100	77	191	9	123	9	0.0125
NLSVM-0.1	200	5	195	0	1	0.0275
NLSVM-1.0	198	22	178	2	1	0.0225
NLSVM-10	200	0	200	0	1	0.02
LDA	142	147	53	58	239	0.1675
SDA-0.5	164	160	40	36	1196	0.1625
SDA-1.0	164	160	40	36	1173	0.1725
SDA-1.5	164	160	40	36	1181	0.1725
SDA-2.0	166	158	42	34	1213	0.165
SDA-2.5	166	158	42	34	1203	0.1725
SDA-3.0	166	158	42	34	1194	0.175
\TheName{}-0.5	170	159	41	30	1282	0.165
\TheName{}-1.0	171	161	39	29	1261	0.175
\TheName{}-1.5	167	162	38	33	1278	0.17
\TheName{}-2.0	166	160	40	34	1305	0.1775
\TheName{}-2.5	165	160	40	35	1279	0.175
\TheName{}-3.0	165	159	41	35	1270	0.16
SVM	158	153	47	42	2	0.005
LR	0	200	0	200	0	0.005
Ye-LDA	150	157	43	50	118	0.0025
DTree-10	107	155	45	93	2	0.005
DTree-20	131	135	65	69	4	0.0025
RFC-50	89	171	29	111	14	0.01
RFC-100	107	164	36	93	30	0.0225
NLSVM-0.1	200	9	191	0	1	0.0275
NLSVM-1.0	163	93	107	37	0	0.0225
NLSVM-10	196	112	88	4	1	0.02
LDA	152	162	38	48	241	0.1625
SDA-0.5	132	177	23	68	1205	0.1775
SDA-1.0	131	177	23	69	1213	0.1675
SDA-1.5	130	176	24	70	1294	0.185
SDA-2.0	130	176	24	70	1232	0.175
SDA-2.5	130	175	25	70	1223	0.175
SDA-3.0	130	175	25	70	1225	0.1825
\TheName{}-0.5	138	134	66	62	1298	0.1725
\TheName{}-1.0	149	179	21	51	1287	0.1775
\TheName{}-1.5	141	181	19	59	1294	0.165
\TheName{}-2.0	139	177	23	61	1280	0.17
\TheName{}-2.5	136	175	25	64	1314	0.175
\TheName{}-3.0	136	175	25	64	1270	0.175
SVM	154	163	37	46	1	0.005
LR	200	0	200	0	0	0.005
Ye-LDA	148	176	24	52	106	0.0025
DTree-10	114	160	40	86	3	0.0025
DTree-20	119	156	44	81	3	0.0025
RFC-50	101	176	24	99	5	0.0075
RFC-100	109	178	22	91	32	0.0175
NLSVM-0.1	0	200	0	200	1	0.0275
NLSVM-1.0	180	65	135	20	0	0.0225
NLSVM-10	1	200	0	199	1	0.02
LDA	156	152	48	44	234	0.1675
SDA-0.5	149	156	44	51	1216	0.185
SDA-1.0	148	157	43	52	1223	0.17
SDA-1.5	148	157	43	52	1235	0.1675
SDA-2.0	148	158	42	52	1243	0.185
SDA-2.5	148	158	42	52	1287	0.1725
SDA-3.0	148	158	42	52	1216	0.1625
\TheName{}-0.5	164	137	63	36	1309	0.1725
\TheName{}-1.0	162	161	39	38	1312	0.17
\TheName{}-1.5	153	158	42	47	1320	0.175
\TheName{}-2.0	149	158	42	51	1441	0.185
\TheName{}-2.5	149	158	42	51	1305	0.1675
\TheName{}-3.0	149	158	42	51	1305	0.175
SVM	167	155	45	33	1	0.005
LR	200	0	200	0	0	0.005
Ye-LDA	171	158	42	29	105	0.005
DTree-10	84	155	45	116	2	0.005
DTree-20	91	155	45	109	2	0.0025
RFC-50	105	173	27	95	13	0.005
RFC-100	93	170	30	107	23	0.0125
NLSVM-0.1	200	15	185	0	1	0.0275
NLSVM-1.0	39	193	7	161	1	0.02
NLSVM-10	199	25	175	1	1	0.0225
LDA	131	142	58	69	235	0.165
SDA-0.5	162	162	38	38	1214	0.1625
SDA-1.0	162	161	39	38	1213	0.18
SDA-1.5	162	161	39	38	1217	0.1775
SDA-2.0	161	161	39	39	1277	0.1725
SDA-2.5	161	161	39	39	1344	0.1775
SDA-3.0	159	161	39	41	1316	0.1725
\TheName{}-0.5	169	159	41	31	1315	0.165
\TheName{}-1.0	166	159	41	34	1313	0.1725
\TheName{}-1.5	163	159	41	37	1329	0.1925
\TheName{}-2.0	163	159	41	37	1379	0.1725
\TheName{}-2.5	163	159	41	37	1314	0.1725
\TheName{}-3.0	163	159	41	37	1296	0.1625
SVM	140	148	52	60	1	0.005
LR	0	200	0	200	0	0.005
Ye-LDA	154	158	42	46	119	0.0025
DTree-10	79	173	27	121	3	0.0025
DTree-20	116	149	51	84	4	0.0025
RFC-50	79	183	17	121	14	0.01
RFC-100	83	183	17	117	27	0.0175
NLSVM-0.1	200	15	185	0	1	0.0275
NLSVM-1.0	169	72	128	31	1	0.0225
NLSVM-10	200	0	200	0	0	0.0225
LDA	142	146	54	58	238	0.165
SDA-0.5	142	167	33	58	1272	0.17
SDA-1.0	143	167	33	57	1265	0.17
SDA-1.5	143	167	33	57	1352	0.17
SDA-2.0	143	166	34	57	1238	0.18
SDA-2.5	143	166	34	57	1223	0.1675
SDA-3.0	143	166	34	57	1249	0.1725
\TheName{}-0.5	151	157	43	49	1316	0.1775
\TheName{}-1.0	149	173	27	51	1360	0.1725
\TheName{}-1.5	144	169	31	56	1328	0.1675
\TheName{}-2.0	145	168	32	55	1347	0.165
\TheName{}-2.5	144	169	31	56	1296	0.175
\TheName{}-3.0	143	169	31	57	1307	0.17
SVM	143	157	43	57	1	0.005
LR	0	200	0	200	1	0.0025
Ye-LDA	116	167	33	84	115	0.005
DTree-10	80	170	30	120	2	0.0025
DTree-20	92	165	35	108	4	0.0025
RFC-50	75	185	15	125	15	0.005
RFC-100	78	185	15	122	28	0.0175
NLSVM-0.1	200	9	191	0	1	0.0275
NLSVM-1.0	4	199	1	196	1	0.02
NLSVM-10	200	0	200	0	1	0.02
LDA	134	164	36	66	241	0.17
SDA-0.5	133	170	30	67	1220	0.1725
SDA-1.0	129	170	30	71	1241	0.1775
SDA-1.5	129	170	30	71	1306	0.165
SDA-2.0	129	170	30	71	1311	0.175
SDA-2.5	129	170	30	71	1254	0.175
SDA-3.0	129	170	30	71	1361	0.165
\TheName{}-0.5	164	114	86	36	1337	0.17
\TheName{}-1.0	166	166	34	34	1394	0.1725
\TheName{}-1.5	152	169	31	48	1327	0.165
\TheName{}-2.0	144	169	31	56	1323	0.17
\TheName{}-2.5	140	168	32	60	1353	0.1725
\TheName{}-3.0	138	169	31	62	1290	0.17
SVM	152	160	40	48	2	0.0025
LR	0	200	0	200	0	0.005
Ye-LDA	131	171	29	69	113	0.0025
DTree-10	99	172	28	101	3	0.0025
DTree-20	116	153	47	84	3	0.0025
RFC-50	92	181	19	108	12	0.0075
RFC-100	87	178	22	113	23	0.0175
NLSVM-0.1	200	18	182	0	1	0.025
NLSVM-1.0	173	60	140	27	1	0.0225
NLSVM-10	9	200	0	191	1	0.02
LDA	126	150	50	74	235	0.17
SDA-0.5	157	174	26	43	1227	0.1775
SDA-1.0	155	174	26	45	1223	0.1675
SDA-1.5	155	174	26	45	1225	0.17
SDA-2.0	155	174	26	45	1239	0.1775
SDA-2.5	155	174	26	45	1242	0.165
SDA-3.0	155	174	26	45	1236	0.1725
\TheName{}-0.5	163	172	28	37	1307	0.1675
\TheName{}-1.0	160	171	29	40	1411	0.17
\TheName{}-1.5	159	171	29	41	1271	0.175
\TheName{}-2.0	157	172	28	43	1289	0.1725
\TheName{}-2.5	157	174	26	43	1285	0.1625
\TheName{}-3.0	156	174	26	44	1296	0.1725
SVM	143	166	34	57	1	0.005
LR	0	200	0	200	0	0.0025
Ye-LDA	142	177	23	58	112	0.0025
DTree-10	100	157	43	100	2	0.0025
DTree-20	105	153	47	95	3	0.0025
RFC-50	112	178	22	88	14	0.005
RFC-100	101	180	20	99	10	0.0175
NLSVM-0.1	0	200	0	200	1	0.03
NLSVM-1.0	165	54	146	35	1	0.02
NLSVM-10	142	180	20	58	1	0.02
LDA	179	116	84	21	237	0.1675
SDA-0.5	170	152	48	30	1252	0.1775
SDA-1.0	171	144	56	29	1363	0.1825
SDA-1.5	170	144	56	30	1213	0.165
SDA-2.0	170	144	56	30	1212	0.1725
SDA-2.5	170	144	56	30	1215	0.1625
SDA-3.0	170	144	56	30	1278	0.1775
\TheName{}-0.5	156	103	97	44	1305	0.1675
\TheName{}-1.0	167	126	74	33	1383	0.1675
\TheName{}-1.5	167	134	66	33	1321	0.175
\TheName{}-2.0	169	134	66	31	1317	0.175
\TheName{}-2.5	172	135	65	28	1301	0.165
\TheName{}-3.0	171	137	63	29	1283	0.175
SVM	175	137	63	25	1	0.005
LR	200	0	200	0	0	0.005
Ye-LDA	157	116	84	43	111	0.0025
DTree-10	60	193	7	140	2	0.0025
DTree-20	109	106	94	91	4	0.0025
RFC-50	44	197	3	156	5	0.005
RFC-100	49	200	0	151	26	0.0175
NLSVM-0.1	138	109	91	62	1	0.0275
NLSVM-1.0	43	166	34	157	1	0.02
NLSVM-10	0	200	0	200	1	0.02
LDA	147	116	84	53	237	0.1625
SDA-0.5	139	175	25	61	1236	0.18
SDA-1.0	136	171	29	64	1231	0.17
SDA-1.5	136	171	29	64	1241	0.17
SDA-2.0	136	171	29	64	1225	0.1725
SDA-2.5	136	171	29	64	1335	0.165
SDA-3.0	136	171	29	64	1228	0.1775
\TheName{}-0.5	130	98	102	70	1265	0.1675
\TheName{}-1.0	163	178	22	37	1278	0.175
\TheName{}-1.5	148	176	24	52	1264	0.175
\TheName{}-2.0	144	174	26	56	1275	0.17
\TheName{}-2.5	142	173	27	58	1300	0.175
\TheName{}-3.0	143	172	28	57	1343	0.185
SVM	159	155	45	41	1	0.005
LR	0	200	0	200	0	0.005
Ye-LDA	130	171	29	70	117	0.0025
DTree-10	118	136	64	82	2	0.005
DTree-20	124	129	71	76	2	0.005
RFC-50	114	174	26	86	4	0.0075
RFC-100	122	157	43	78	27	0.015
NLSVM-0.1	200	17	183	0	1	0.03
NLSVM-1.0	157	104	96	43	1	0.0225
NLSVM-10	186	124	76	14	1	0.02
LDA	120	160	40	80	245	0.165
SDA-0.5	117	172	28	83	1265	0.175
SDA-1.0	114	170	30	86	1234	0.1625
SDA-1.5	112	170	30	88	1283	0.1725
SDA-2.0	112	170	30	88	1306	0.165
SDA-2.5	111	170	30	89	1246	0.1775
SDA-3.0	111	170	30	89	1323	0.1775
\TheName{}-0.5	164	165	35	36	1437	0.165
\TheName{}-1.0	137	170	30	63	1405	0.18
\TheName{}-1.5	124	171	29	76	1345	0.175
\TheName{}-2.0	118	170	30	82	1427	0.165
\TheName{}-2.5	117	170	30	83	1327	0.1725
\TheName{}-3.0	118	170	30	82	1321	0.1725
SVM	135	156	44	65	1	0.005
LR	0	200	0	200	0	0.0025
Ye-LDA	131	166	34	69	109	0.005
DTree-10	78	141	59	122	2	0.0025
DTree-20	94	137	63	106	3	0.005
RFC-50	92	169	31	108	13	0.01
RFC-100	92	167	33	108	26	0.0175
NLSVM-0.1	199	12	188	1	1	0.0275
NLSVM-1.0	0	200	0	200	0	0.0225
NLSVM-10	74	188	12	126	1	0.02
LDA	122	157	43	78	235	0.1625
SDA-0.5	118	174	26	82	1237	0.1775
SDA-1.0	118	174	26	82	1236	0.17
SDA-1.5	117	174	26	83	1275	0.1725
SDA-2.0	116	174	26	84	1220	0.1625
SDA-2.5	116	174	26	84	1311	0.17
SDA-3.0	115	174	26	85	1243	0.1825
\TheName{}-0.5	112	62	138	88	1372	0.1725
\TheName{}-1.0	154	181	19	46	1338	0.17
\TheName{}-1.5	138	181	19	62	1383	0.17
\TheName{}-2.0	124	177	23	76	1343	0.1725
\TheName{}-2.5	122	176	24	78	1302	0.21
\TheName{}-3.0	120	176	24	80	1310	0.165
SVM	152	164	36	48	1	0.005
LR	200	0	200	0	0	0.005
Ye-LDA	139	178	22	61	112	0.0025
DTree-10	117	154	46	83	3	0.0025
DTree-20	136	136	64	64	2	0.005
RFC-50	84	180	20	116	6	0.005
RFC-100	86	183	17	114	22	0.015
NLSVM-0.1	200	19	181	0	1	0.0275
NLSVM-1.0	176	63	137	24	1	0.02
NLSVM-10	198	66	134	2	1	0.0225
LDA	137	144	56	63	244	0.17
SDA-0.5	168	162	38	32	1339	0.1625
SDA-1.0	168	162	38	32	1253	0.175
SDA-1.5	166	162	38	34	1341	0.165
SDA-2.0	166	162	38	34	1198	0.175
SDA-2.5	164	163	37	36	1204	0.165
SDA-3.0	164	163	37	36	1225	0.1725
\TheName{}-0.5	126	127	73	74	1344	0.1775
\TheName{}-1.0	168	155	45	32	1332	0.1625
\TheName{}-1.5	168	160	40	32	1413	0.1775
\TheName{}-2.0	167	164	36	33	1287	0.1625
\TheName{}-2.5	167	164	36	33	1319	0.19
\TheName{}-3.0	167	164	36	33	1382	0.1725
SVM	163	147	53	37	1	0.005
LR	0	200	0	200	1	0.0025
Ye-LDA	126	165	35	74	110	0.005
DTree-10	95	173	27	105	2	0.0025
DTree-20	130	144	56	70	5	0.0025
RFC-50	119	175	25	81	16	0.0075
RFC-100	100	179	21	100	30	0.02
NLSVM-0.1	200	7	193	0	1	0.0275
NLSVM-1.0	197	37	163	3	0	0.0225
NLSVM-10	3	200	0	197	1	0.02
LDA	160	142	58	40	237	0.165
SDA-0.5	153	174	26	47	1204	0.17
SDA-1.0	152	172	28	48	1193	0.17
SDA-1.5	148	172	28	52	1181	0.185
SDA-2.0	147	172	28	53	1224	0.1625
SDA-2.5	147	172	28	53	1236	0.175
SDA-3.0	147	172	28	53	1355	0.1675
\TheName{}-0.5	187	130	70	13	1411	0.1725
\TheName{}-1.0	172	171	29	28	1392	0.165
\TheName{}-1.5	166	174	26	34	1274	0.17
\TheName{}-2.0	155	174	26	45	1306	0.1725
\TheName{}-2.5	152	174	26	48	1302	0.1625
\TheName{}-3.0	151	174	26	49	1297	0.1825
SVM	173	146	54	27	2	0.0025
LR	200	0	200	0	1	0.0025
Ye-LDA	180	116	84	20	113	0.0025
DTree-10	101	155	45	99	2	0.0025
DTree-20	117	150	50	83	4	0.0025
RFC-50	81	182	18	119	13	0.0075
RFC-100	86	180	20	114	25	0.0175
NLSVM-0.1	114	131	69	86	1	0.0275
NLSVM-1.0	156	128	72	44	0	0.0225
NLSVM-10	0	200	0	200	1	0.02
LDA	174	131	69	26	214	0.165
SDA-0.5	135	174	26	65	1253	0.1725
SDA-1.0	134	175	25	66	1214	0.1675
SDA-1.5	134	175	25	66	1231	0.1725
SDA-2.0	134	175	25	66	1209	0.165
SDA-2.5	134	175	25	66	1292	0.165
SDA-3.0	134	175	25	66	1318	0.175
\TheName{}-0.5	180	133	67	20	1305	0.1675
\TheName{}-1.0	157	170	30	43	1395	0.175
\TheName{}-1.5	142	170	30	58	1235	0.1775
\TheName{}-2.0	140	173	27	60	1345	0.1775
\TheName{}-2.5	139	173	27	61	1299	0.1725
\TheName{}-3.0	138	173	27	62	1274	0.1625
SVM	177	138	62	23	2	0.0025
LR	0	200	0	200	1	0.0025
Ye-LDA	125	177	23	75	111	0.0025
DTree-10	86	169	31	114	2	0.005
DTree-20	114	153	47	86	4	0.0025
RFC-50	77	183	17	123	12	0.0075
RFC-100	71	185	15	129	25	0.0175
NLSVM-0.1	98	140	60	102	1	0.0275
NLSVM-1.0	198	32	168	2	0	0.0225
NLSVM-10	198	73	127	2	1	0.02
LDA	152	106	94	48	236	0.1625
SDA-0.5	184	152	48	16	1247	0.165
SDA-1.0	184	154	46	16	1197	0.1775
SDA-1.5	184	154	46	16	1229	0.1625
SDA-2.0	184	154	46	16	1182	0.17
SDA-2.5	184	154	46	16	1175	0.1725
SDA-3.0	184	154	46	16	1185	0.1625
\TheName{}-0.5	179	135	65	21	1293	0.175
\TheName{}-1.0	181	139	61	19	1251	0.1675
\TheName{}-1.5	184	145	55	16	1251	0.18
\TheName{}-2.0	184	148	52	16	1258	0.17
\TheName{}-2.5	184	148	52	16	1327	0.1675
\TheName{}-3.0	184	150	50	16	1385	0.17
SVM	166	124	76	34	1	0.005
LR	0	200	0	200	1	0.0025
Ye-LDA	144	166	34	56	106	0.0025
DTree-10	87	165	35	113	2	0.005
DTree-20	120	134	66	80	4	0.0025
RFC-50	66	188	12	134	14	0.005
RFC-100	76	190	10	124	26	0.015
NLSVM-0.1	200	8	192	0	1	0.0275
NLSVM-1.0	78	146	54	122	1	0.02
NLSVM-10	190	92	108	10	1	0.02
LDA	164	142	58	36	235	0.1625
SDA-0.5	175	139	61	25	1281	0.1675
SDA-1.0	173	139	61	27	1235	0.1675
SDA-1.5	173	137	63	27	1242	0.175
SDA-2.0	173	137	63	27	1227	0.1625
SDA-2.5	173	137	63	27	1235	0.175
SDA-3.0	173	137	63	27	1258	0.17
\TheName{}-0.5	169	143	57	31	1362	0.1725
\TheName{}-1.0	171	141	59	29	1334	0.1675
\TheName{}-1.5	170	139	61	30	1341	0.17
\TheName{}-2.0	172	139	61	28	1361	0.1775
\TheName{}-2.5	172	139	61	28	1397	0.165
\TheName{}-3.0	172	138	62	28	1290	0.175
SVM	158	149	51	42	1	0.005
LR	0	200	0	200	0	0.005
Ye-LDA	144	149	51	56	106	0.0025
DTree-10	87	156	44	113	3	0.0025
DTree-20	123	146	54	77	4	0.005
RFC-50	109	167	33	91	17	0.01
RFC-100	132	153	47	68	35	0.025
NLSVM-0.1	1	200	0	199	1	0.0275
NLSVM-1.0	40	176	24	160	0	0.0225
NLSVM-10	200	0	200	0	1	0.02
LDA	106	158	42	94	245	0.165
SDA-0.5	111	178	22	89	1218	0.175
SDA-1.0	112	179	21	88	1201	0.1625
SDA-1.5	111	179	21	89	1212	0.175
SDA-2.0	111	179	21	89	1193	0.175
SDA-2.5	111	179	21	89	1212	0.1775
SDA-3.0	111	178	22	89	1236	0.1625
\TheName{}-0.5	117	112	88	83	1274	0.1725
\TheName{}-1.0	119	185	15	81	1275	0.1625
\TheName{}-1.5	118	182	18	82	1262	0.1775
\TheName{}-2.0	113	181	19	87	1263	0.1625
\TheName{}-2.5	111	181	19	89	1284	0.1725
\TheName{}-3.0	111	181	19	89	1269	0.17
SVM	130	172	28	70	1	0.005
LR	0	200	0	200	0	0.005
Ye-LDA	101	177	23	99	111	0.0025
DTree-10	93	149	51	107	2	0.005
DTree-20	93	149	51	107	2	0.005
RFC-50	90	164	36	110	13	0.0075
RFC-100	90	164	36	110	26	0.015
NLSVM-0.1	199	8	192	1	1	0.0275
NLSVM-1.0	162	55	145	38	1	0.02
NLSVM-10	124	168	32	76	1	0.02
LDA	167	143	57	33	237	0.1775
SDA-0.5	136	175	25	64	1190	0.1625
SDA-1.0	136	174	26	64	1199	0.1625
SDA-1.5	136	174	26	64	1235	0.18
SDA-2.0	136	174	26	64	1254	0.165
SDA-2.5	136	174	26	64	1235	0.1725
SDA-3.0	136	174	26	64	1237	0.165
\TheName{}-0.5	176	116	84	24	1291	0.17
\TheName{}-1.0	174	170	30	26	1281	0.1775
\TheName{}-1.5	159	173	27	41	1302	0.1725
\TheName{}-2.0	154	175	25	46	1294	0.1625
\TheName{}-2.5	147	174	26	53	1272	0.17
\TheName{}-3.0	144	174	26	56	1267	0.1725
SVM	166	162	38	34	1	0.005
LR	0	200	0	200	0	0.005
Ye-LDA	153	169	31	47	118	0.0025
DTree-10	93	171	29	107	2	0.0025
DTree-20	121	156	44	79	3	0.005
RFC-50	71	188	12	129	5	0.005
RFC-100	82	183	17	118	25	0.0175
NLSVM-0.1	72	186	14	128	1	0.0275
NLSVM-1.0	200	37	163	0	1	0.02
NLSVM-10	88	190	10	112	1	0.02
LDA	151	135	65	49	237	0.165
SDA-0.5	147	175	25	53	1232	0.1675
SDA-1.0	143	176	24	57	1233	0.1725
SDA-1.5	143	175	25	57	1204	0.165
SDA-2.0	143	175	25	57	1219	0.1725
SDA-2.5	143	175	25	57	1222	0.1675
SDA-3.0	143	175	25	57	1228	0.175
\TheName{}-0.5	159	181	19	41	1291	0.1675
\TheName{}-1.0	149	175	25	51	1296	0.17
\TheName{}-1.5	148	175	25	52	1292	0.175
\TheName{}-2.0	147	176	24	53	1287	0.1775
\TheName{}-2.5	147	177	23	53	1311	0.1875
\TheName{}-3.0	147	177	23	53	1274	0.1625
SVM	151	178	22	49	1	0.005
LR	0	200	0	200	0	0.005
Ye-LDA	120	176	24	80	111	0.0025
DTree-10	71	172	28	129	3	0.0025
DTree-20	112	154	46	88	4	0.0025
RFC-50	87	183	17	113	15	0.01
RFC-100	86	187	13	114	28	0.02
NLSVM-0.1	200	25	175	0	1	0.0275
NLSVM-1.0	14	199	1	186	1	0.0225
NLSVM-10	200	0	200	0	0	0.0225
LDA	140	132	68	60	238	0.1675
SDA-0.5	116	180	20	84	1171	0.165
SDA-1.0	114	180	20	86	1218	0.1725
SDA-1.5	114	180	20	86	1243	0.1625
SDA-2.0	114	180	20	86	1216	0.175
SDA-2.5	114	180	20	86	1208	0.1725
SDA-3.0	114	180	20	86	1211	0.18
\TheName{}-0.5	162	62	138	38	1304	0.1725
\TheName{}-1.0	163	167	33	37	1272	0.1675
\TheName{}-1.5	135	178	22	65	1281	0.1725
\TheName{}-2.0	125	179	21	75	1421	0.165
\TheName{}-2.5	122	179	21	78	1292	0.1825
\TheName{}-3.0	121	179	21	79	1258	0.165
SVM	142	148	52	58	1	0.005
LR	0	200	0	200	0	0.005
Ye-LDA	137	176	24	63	114	0.0025
DTree-10	93	166	34	107	2	0.005
DTree-20	105	157	43	95	3	0.0025
RFC-50	73	179	21	127	5	0.0075
RFC-100	77	186	14	123	28	0.0175
NLSVM-0.1	0	200	0	200	1	0.03
NLSVM-1.0	197	40	160	3	1	0.0225
NLSVM-10	0	200	0	200	1	0.0275
LDA	118	164	36	82	241	0.17
SDA-0.5	111	192	8	89	1228	0.1625
SDA-1.0	108	191	9	92	1282	0.175
SDA-1.5	108	191	9	92	1268	0.165
SDA-2.0	108	191	9	92	1296	0.17
SDA-2.5	108	191	9	92	1233	0.1625
SDA-3.0	108	191	9	92	1267	0.17
\TheName{}-0.5	129	182	18	71	1330	0.1675
\TheName{}-1.0	111	195	5	89	1412	0.18
\TheName{}-1.5	110	193	7	90	1390	0.17
\TheName{}-2.0	110	191	9	90	1355	0.185
\TheName{}-2.5	110	191	9	90	1368	0.1625
\TheName{}-3.0	110	191	9	90	1328	0.1725
SVM	126	164	36	74	1	0.005
LR	0	200	0	200	0	0.005
Ye-LDA	84	183	17	116	119	0.0025
DTree-10	89	167	33	111	2	0.005
DTree-20	105	165	35	95	3	0.005
RFC-50	85	187	13	115	13	0.0075
RFC-100	72	190	10	128	25	0.015
NLSVM-0.1	199	11	189	1	1	0.0275
NLSVM-1.0	175	58	142	25	1	0.02
NLSVM-10	0	200	0	200	1	0.02
LDA	116	164	36	84	197	0.16
SDA-0.5	117	177	23	83	1237	0.1725
SDA-1.0	116	177	23	84	1269	0.1625
SDA-1.5	116	177	23	84	1230	0.17
SDA-2.0	117	177	23	83	1205	0.1625
SDA-2.5	117	177	23	83	1202	0.1775
SDA-3.0	117	177	23	83	1255	0.165
\TheName{}-0.5	140	153	47	60	1282	0.18
\TheName{}-1.0	118	179	21	82	1327	0.165
\TheName{}-1.5	118	179	21	82	1290	0.18
\TheName{}-2.0	117	179	21	83	1287	0.165
\TheName{}-2.5	117	178	22	83	1283	0.1725
\TheName{}-3.0	117	177	23	83	1288	0.165
SVM	124	160	40	76	1	0.0025
LR	0	200	0	200	1	0.0025
Ye-LDA	104	172	28	96	116	0.0025
DTree-10	107	144	56	93	2	0.005
DTree-20	112	143	57	88	3	0.0025
RFC-50	95	169	31	105	13	0.0075
RFC-100	96	174	26	104	27	0.015
NLSVM-0.1	200	2	198	0	1	0.0275
NLSVM-1.0	3	200	0	197	1	0.0225
NLSVM-10	86	187	13	114	0	0.0225
LDA	107	172	28	93	247	0.165
SDA-0.5	101	171	29	99	1210	0.16
SDA-1.0	102	171	29	98	1261	0.175
SDA-1.5	102	171	29	98	1329	0.1725
SDA-2.0	101	171	29	99	1209	0.1675
SDA-2.5	101	171	29	99	1346	0.1825
SDA-3.0	101	171	29	99	1348	0.175
\TheName{}-0.5	134	108	92	66	1470	0.1675
\TheName{}-1.0	124	178	22	76	1416	0.175
\TheName{}-1.5	107	173	27	93	1486	0.165
\TheName{}-2.0	100	173	27	100	1344	0.1775
\TheName{}-2.5	100	173	27	100	1293	0.165
\TheName{}-3.0	100	173	27	100	1433	0.1725
SVM	124	165	35	76	1	0.0025
LR	0	200	0	200	1	0.0025
Ye-LDA	109	179	21	91	112	0.0025
DTree-10	86	154	46	114	3	0.0025
DTree-20	92	155	45	108	3	0.0025
RFC-50	83	171	29	117	14	0.005
RFC-100	88	167	33	112	25	0.015
NLSVM-0.1	0	200	0	200	1	0.0275
NLSVM-1.0	151	82	118	49	1	0.02
NLSVM-10	200	14	186	0	1	0.02
LDA	148	129	71	52	232	0.1625
SDA-0.5	158	167	33	42	1189	0.1725
SDA-1.0	159	163	37	41	1181	0.1675
SDA-1.5	160	163	37	40	1184	0.1725
SDA-2.0	160	163	37	40	1188	0.165
SDA-2.5	160	163	37	40	1187	0.1675
SDA-3.0	160	163	37	40	1186	0.1775
\TheName{}-0.5	166	165	35	34	1250	0.1675
\TheName{}-1.0	162	163	37	38	1254	0.1725
\TheName{}-1.5	158	163	37	42	1260	0.1675
\TheName{}-2.0	158	163	37	42	1270	0.175
\TheName{}-2.5	160	163	37	40	1258	0.1625
\TheName{}-3.0	160	163	37	40	1293	0.1725
SVM	154	140	60	46	1	0.005
LR	0	200	0	200	0	0.005
Ye-LDA	127	162	38	73	117	0.0025
DTree-10	76	160	40	124	3	0.0025
DTree-20	117	146	54	83	3	0.005
RFC-50	80	185	15	120	13	0.0075
RFC-100	85	183	17	115	25	0.0175
NLSVM-0.1	1	200	0	199	1	0.03
NLSVM-1.0	89	147	53	111	0	0.0225
NLSVM-10	200	0	200	0	1	0.02
LDA	155	154	46	45	243	0.165
SDA-0.5	169	177	23	31	1288	0.175
SDA-1.0	169	177	23	31	1286	0.165
SDA-1.5	168	177	23	32	1224	0.1675
SDA-2.0	168	177	23	32	1235	0.165
SDA-2.5	168	177	23	32	1257	0.1675
SDA-3.0	168	177	23	32	1228	0.1825
\TheName{}-0.5	171	160	40	29	1359	0.17
\TheName{}-1.0	167	173	27	33	1363	0.17
\TheName{}-1.5	167	173	27	33	1289	0.165
\TheName{}-2.0	167	176	24	33	1305	0.17
\TheName{}-2.5	167	176	24	33	1301	0.1725
\TheName{}-3.0	168	176	24	32	1275	0.1675
SVM	165	154	46	35	2	0.005
LR	0	200	0	200	1	0.005
Ye-LDA	140	177	23	60	109	0.005
DTree-10	87	175	25	113	2	0.005
DTree-20	99	154	46	101	3	0.0025
RFC-50	71	188	12	129	12	0.0075
RFC-100	75	184	16	125	26	0.02
NLSVM-0.1	0	200	0	200	0	0.03
NLSVM-1.0	60	156	44	140	0	0.0225
NLSVM-10	0	200	0	200	1	0.02
LDA	129	174	26	71	230	0.17
SDA-0.5	113	181	19	87	1213	0.1725
SDA-1.0	111	180	20	89	1247	0.1675
SDA-1.5	110	180	20	90	1219	0.1775
SDA-2.0	110	180	20	90	1223	0.1675
SDA-2.5	110	180	20	90	1237	0.185
SDA-3.0	109	180	20	91	1241	0.1675
\TheName{}-0.5	126	85	115	74	1314	0.17
\TheName{}-1.0	151	178	22	49	1362	0.1625
\TheName{}-1.5	130	183	17	70	1341	0.1725
\TheName{}-2.0	121	183	17	79	1414	0.1675
\TheName{}-2.5	116	185	15	84	1429	0.1825
\TheName{}-3.0	114	185	15	86	1431	0.17
SVM	145	176	24	55	1	0.005
LR	0	200	0	200	1	0.0025
Ye-LDA	105	180	20	95	113	0.0025
DTree-10	99	157	43	101	3	0.005
DTree-20	114	145	55	86	4	0.0025
RFC-50	93	165	35	107	5	0.005
RFC-100	78	171	29	122	22	0.015
NLSVM-0.1	200	10	190	0	1	0.03
NLSVM-1.0	6	200	0	194	1	0.02
NLSVM-10	200	0	200	0	1	0.02
LDA	179	125	75	21	233	0.1625
SDA-0.5	125	164	36	75	1301	0.17
SDA-1.0	123	164	36	77	1225	0.17
SDA-1.5	123	165	35	77	1219	0.1725
SDA-2.0	123	165	35	77	1258	0.17
SDA-2.5	123	165	35	77	1223	0.17
SDA-3.0	123	165	35	77	1249	0.165
\TheName{}-0.5	159	147	53	41	1330	0.1675
\TheName{}-1.0	137	162	38	63	1307	0.17
\TheName{}-1.5	127	162	38	73	1306	0.17
\TheName{}-2.0	126	164	36	74	1305	0.175
\TheName{}-2.5	126	165	35	74	1317	0.165
\TheName{}-3.0	125	165	35	75	1292	0.17
SVM	178	119	81	22	1	0.005
LR	0	200	0	200	1	0.0025
Ye-LDA	153	157	43	47	110	0.0025
DTree-10	109	155	45	91	3	0.0025
DTree-20	118	141	59	82	3	0.005
RFC-50	75	169	31	125	13	0.0075
RFC-100	70	170	30	130	11	0.015
NLSVM-0.1	200	15	185	0	1	0.0275
NLSVM-1.0	26	178	22	174	1	0.02
NLSVM-10	0	200	0	200	1	0.02
LDA	165	143	57	35	233	0.1625
SDA-0.5	120	167	33	80	1317	0.1725
SDA-1.0	115	167	33	85	1212	0.1625
SDA-1.5	114	167	33	86	1207	0.165
SDA-2.0	114	167	33	86	1230	0.1775
SDA-2.5	114	167	33	86	1226	0.17
SDA-3.0	114	166	34	86	1298	0.1775
\TheName{}-0.5	168	149	51	32	1314	0.1625
\TheName{}-1.0	144	167	33	56	1256	0.1775
\TheName{}-1.5	134	170	30	66	1255	0.1625
\TheName{}-2.0	128	169	31	72	1253	0.1675
\TheName{}-2.5	124	167	33	76	1241	0.1675
\TheName{}-3.0	123	167	33	77	1242	0.165
SVM	175	150	50	25	2	0.005
LR	0	200	0	200	0	0.005
Ye-LDA	119	172	28	81	108	0.0025
DTree-10	113	134	66	87	2	0.005
DTree-20	131	118	82	69	4	0.0025
RFC-50	86	169	31	114	5	0.005
RFC-100	95	171	29	105	25	0.0175
NLSVM-0.1	200	19	181	0	0	0.0275
NLSVM-1.0	94	162	38	106	1	0.0225
NLSVM-10	200	0	200	0	1	0.02
LDA	138	134	66	62	234	0.1625
SDA-0.5	125	173	27	75	1196	0.16
SDA-1.0	124	172	28	76	1194	0.1725
SDA-1.5	124	172	28	76	1183	0.17
SDA-2.0	124	172	28	76	1189	0.16
SDA-2.5	124	172	28	76	1202	0.17
SDA-3.0	124	172	28	76	1210	0.17
\TheName{}-0.5	133	103	97	67	1256	0.18
\TheName{}-1.0	159	168	32	41	1264	0.165
\TheName{}-1.5	146	171	29	54	1268	0.165
\TheName{}-2.0	137	170	30	63	1351	0.1675
\TheName{}-2.5	132	170	30	68	1278	0.17
\TheName{}-3.0	129	170	30	71	1305	0.175
SVM	149	143	57	51	1	0.005
LR	0	200	0	200	0	0.005
Ye-LDA	100	173	27	100	112	0.005
DTree-10	62	173	27	138	2	0.0025
DTree-20	99	154	46	101	4	0.005
RFC-50	59	190	10	141	13	0.0075
RFC-100	54	192	8	146	25	0.015
NLSVM-0.1	199	11	189	1	1	0.0275
NLSVM-1.0	197	19	181	3	0	0.0225
NLSVM-10	76	192	8	124	1	0.02
LDA	136	152	48	64	243	0.16
SDA-0.5	139	175	25	61	1217	0.1725
SDA-1.0	139	175	25	61	1356	0.165
SDA-1.5	136	175	25	64	1228	0.165
SDA-2.0	136	175	25	64	1259	0.175
SDA-2.5	135	175	25	65	1270	0.1625
SDA-3.0	135	175	25	65	1238	0.1725
\TheName{}-0.5	142	124	76	58	1289	0.1625
\TheName{}-1.0	162	174	26	38	1410	0.17
\TheName{}-1.5	155	174	26	45	1302	0.175
\TheName{}-2.0	150	172	28	50	1327	0.165
\TheName{}-2.5	148	171	29	52	1340	0.1725
\TheName{}-3.0	144	173	27	56	1257	0.1675
SVM	166	165	35	34	2	0.0025
LR	0	200	0	200	1	0.0025
Ye-LDA	115	169	31	85	109	0.0025
DTree-10	72	186	14	128	2	0.0025
DTree-20	88	179	21	112	4	0.0025
RFC-50	86	188	12	114	14	0.0075
RFC-100	81	192	8	119	28	0.015
NLSVM-0.1	200	10	190	0	1	0.03
NLSVM-1.0	187	62	138	13	0	0.0225
NLSVM-10	200	0	200	0	0	0.0225
LDA	103	172	28	97	242	0.165
SDA-0.5	88	192	8	112	1185	0.1775
SDA-1.0	91	191	9	109	1189	0.1625
SDA-1.5	93	190	10	107	1185	0.175
SDA-2.0	93	190	10	107	1182	0.1725
SDA-2.5	93	190	10	107	1186	0.17
SDA-3.0	93	190	10	107	1250	0.175
\TheName{}-0.5	137	59	141	63	1380	0.1625
\TheName{}-1.0	104	190	10	96	1271	0.1725
\TheName{}-1.5	103	193	7	97	1255	0.16
\TheName{}-2.0	97	193	7	103	1251	0.17
\TheName{}-2.5	95	192	8	105	1351	0.1675
\TheName{}-3.0	92	191	9	108	1282	0.17
SVM	118	168	32	82	1	0.005
LR	0	200	0	200	0	0.005
Ye-LDA	96	179	21	104	124	0.0025
DTree-10	60	171	29	140	2	0.005
DTree-20	70	160	40	130	2	0.005
RFC-50	49	193	7	151	5	0.005
RFC-100	55	195	5	145	28	0.0175
NLSVM-0.1	200	18	182	0	1	0.0275
NLSVM-1.0	159	71	129	41	1	0.02
NLSVM-10	0	200	0	200	1	0.02
LDA	157	131	69	43	245	0.165
SDA-0.5	111	171	29	89	1296	0.1625
SDA-1.0	111	171	29	89	1305	0.1725
SDA-1.5	111	170	30	89	1190	0.1725
SDA-2.0	111	170	30	89	1185	0.165
SDA-2.5	111	170	30	89	1194	0.16
SDA-3.0	111	170	30	89	1183	0.1775
\TheName{}-0.5	118	56	144	82	1256	0.1675
\TheName{}-1.0	143	167	33	57	1292	0.175
\TheName{}-1.5	121	171	29	79	1336	0.1625
\TheName{}-2.0	114	170	30	86	1270	0.1625
\TheName{}-2.5	113	170	30	87	1261	0.17
\TheName{}-3.0	114	170	30	86	1246	0.1775
SVM	154	147	53	46	1	0.005
LR	0	200	0	200	1	0.005
Ye-LDA	99	159	41	101	118	0.0025
DTree-10	79	170	30	121	2	0.0025
DTree-20	112	150	50	88	5	0.0025
RFC-50	83	170	30	117	6	0.0075
RFC-100	93	171	29	107	29	0.0175
NLSVM-0.1	200	24	176	0	1	0.025
NLSVM-1.0	170	74	126	30	0	0.0225
NLSVM-10	6	200	0	194	1	0.02
LDA	132	155	45	68	247	0.17
SDA-0.5	130	175	25	70	1222	0.17
SDA-1.0	127	174	26	73	1215	0.1675
SDA-1.5	126	174	26	74	1192	0.175
SDA-2.0	125	174	26	75	1247	0.1675
SDA-2.5	124	174	26	76	1195	0.1675
SDA-3.0	124	174	26	76	1242	0.17
\TheName{}-0.5	138	167	33	62	1287	0.165
\TheName{}-1.0	129	172	28	71	1284	0.1775
\TheName{}-1.5	129	174	26	71	1278	0.1725
\TheName{}-2.0	130	173	27	70	1285	0.1825
\TheName{}-2.5	131	173	27	69	1338	0.1675
\TheName{}-3.0	130	174	26	70	1282	0.165
SVM	143	156	44	57	2	0.0025
LR	0	200	0	200	1	0.0025
Ye-LDA	117	163	37	83	125	0.0025
DTree-10	120	165	35	80	3	0.0025
DTree-20	127	159	41	73	3	0.005
RFC-50	95	176	24	105	12	0.005
RFC-100	106	179	21	94	24	0.015
NLSVM-0.1	52	188	12	148	1	0.0275
NLSVM-1.0	177	72	128	23	0	0.025
NLSVM-10	0	200	0	200	0	0.02
LDA	145	156	44	55	233	0.1625
SDA-0.5	177	159	41	23	1242	0.17
SDA-1.0	177	160	40	23	1261	0.17
SDA-1.5	177	160	40	23	1360	0.1625
SDA-2.0	176	160	40	24	1231	0.17
SDA-2.5	176	160	40	24	1239	0.17
SDA-3.0	176	160	40	24	1229	0.1625
\TheName{}-0.5	119	179	21	81	1278	0.1725
\TheName{}-1.0	158	177	23	42	1290	0.165
\TheName{}-1.5	167	170	30	33	1289	0.17
\TheName{}-2.0	170	169	31	30	1292	0.165
\TheName{}-2.5	175	163	37	25	1290	0.17
\TheName{}-3.0	175	163	37	25	1294	0.1625
SVM	145	157	43	55	1	0.005
LR	0	200	0	200	0	0.005
Ye-LDA	137	175	25	63	116	0.0025
DTree-10	81	181	19	119	2	0.005
DTree-20	102	154	46	98	4	0.0025
RFC-50	86	182	18	114	17	0.01
RFC-100	98	181	19	102	32	0.0225
NLSVM-0.1	199	13	187	1	0	0.0275
NLSVM-1.0	150	125	75	50	1	0.0225
NLSVM-10	64	195	5	136	1	0.0175
