LDA	120	140	60	80	274	0.1775
SDA-0.5	143	169	31	57	1431	0.1675
SDA-1.0	143	169	31	57	1537	0.1925
SDA-1.5	143	169	31	57	1418	0.1725
SDA-2.0	143	169	31	57	1398	0.1775
SDA-2.5	143	169	31	57	1760	0.1925
SDA-3.0	143	169	31	57	1615	0.1625
\TheName{}-0.5	178	175	25	22	1386	0.1725
\TheName{}-1.0	156	171	29	44	1391	0.175
\TheName{}-1.5	145	170	30	55	1361	0.165
\TheName{}-2.0	143	168	32	57	1368	0.1675
\TheName{}-2.5	143	168	32	57	1372	0.165
\TheName{}-3.0	143	168	32	57	1364	0.1725
SVM	170	151	49	30	4	0.005
LR	0	200	0	200	0	0.005
Ye-LDA	163	172	28	37	156	0.005
DTree-10	78	165	35	122	3	0.005
DTree-20	114	143	57	86	5	0.0025
RFC-50	94	173	27	106	9	0.005
RFC-100	76	179	21	124	41	0.015
NLSVM-0.1	200	16	184	0	4	0.0575
NLSVM-1.0	192	85	115	8	3	0.045
NLSVM-10	158	159	41	42	3	0.0375
LDA	148	145	55	52	267	0.17
SDA-0.5	152	164	36	48	1287	0.1675
SDA-1.0	148	163	37	52	1278	0.185
SDA-1.5	148	163	37	52	1314	0.1725
SDA-2.0	148	163	37	52	1353	0.1725
SDA-2.5	148	163	37	52	1345	0.1625
SDA-3.0	148	163	37	52	1269	0.1625
\TheName{}-0.5	186	173	27	14	1349	0.1625
\TheName{}-1.0	160	168	32	40	1363	0.2025
\TheName{}-1.5	157	167	33	43	1343	0.165
\TheName{}-2.0	150	165	35	50	1342	0.17
\TheName{}-2.5	149	167	33	51	1461	0.1675
\TheName{}-3.0	149	167	33	51	1478	0.18
SVM	183	157	43	17	6	0.005
LR	0	200	0	200	1	0.0025
Ye-LDA	164	155	45	36	144	0.005
DTree-10	78	177	23	122	3	0.0025
DTree-20	120	161	39	80	5	0.005
RFC-50	89	171	29	111	18	0.0075
RFC-100	86	169	31	114	36	0.0175
NLSVM-0.1	3	199	1	197	4	0.0525
NLSVM-1.0	184	95	105	16	3	0.04
NLSVM-10	11	200	0	189	3	0.0375
LDA	155	159	41	45	259	0.165
SDA-0.5	125	178	22	75	1323	0.165
SDA-1.0	125	177	23	75	1318	0.1675
SDA-1.5	124	176	24	76	1326	0.175
SDA-2.0	124	176	24	76	1475	0.1675
SDA-2.5	124	176	24	76	1504	0.165
SDA-3.0	124	176	24	76	1427	0.1725
\TheName{}-0.5	160	132	68	40	1640	0.2025
\TheName{}-1.0	139	178	22	61	1477	0.175
\TheName{}-1.5	131	177	23	69	1484	0.17
\TheName{}-2.0	125	176	24	75	1515	0.1675
\TheName{}-2.5	125	176	24	75	1661	0.1875
\TheName{}-3.0	125	176	24	75	1702	0.1775
SVM	152	163	37	48	5	0.01
LR	0	200	0	200	0	0.005
Ye-LDA	133	177	23	67	162	0.0075
DTree-10	60	175	25	140	3	0.0075
DTree-20	98	164	36	102	6	0.005
RFC-50	84	171	29	116	20	0.0075
RFC-100	77	178	22	123	13	0.0175
NLSVM-0.1	200	23	177	0	3	0.0575
NLSVM-1.0	18	196	4	182	2	0.045
NLSVM-10	45	198	2	155	3	0.0425
LDA	114	150	50	86	296	0.31
SDA-0.5	128	174	26	72	1774	0.17
SDA-1.0	126	173	27	74	1578	0.19
SDA-1.5	126	173	27	74	1701	0.185
SDA-2.0	126	173	27	74	1670	0.17
SDA-2.5	123	173	27	77	1592	0.175
SDA-3.0	123	173	27	77	1785	0.1925
\TheName{}-0.5	166	157	43	34	1897	0.175
\TheName{}-1.0	143	177	23	57	1776	0.175
\TheName{}-1.5	139	176	24	61	1891	0.1775
\TheName{}-2.0	135	176	24	65	1723	0.1825
\TheName{}-2.5	134	176	24	66	1804	0.17
\TheName{}-3.0	130	174	26	70	1774	0.17
SVM	149	176	24	51	5	0.005
LR	0	200	0	200	0	0.005
Ye-LDA	119	164	36	81	151	0.0025
DTree-10	79	171	29	121	3	0.005
DTree-20	107	160	40	93	5	0.0025
RFC-50	97	178	22	103	25	0.01
RFC-100	90	181	19	110	55	0.0275
NLSVM-0.1	200	21	179	0	4	0.0525
NLSVM-1.0	188	49	151	12	3	0.0425
NLSVM-10	0	200	0	200	3	0.0375
LDA	151	153	47	49	281	0.255
SDA-0.5	171	170	30	29	1604	0.175
SDA-1.0	172	169	31	28	1717	0.21
SDA-1.5	172	169	31	28	1430	0.1675
SDA-2.0	172	169	31	28	1406	0.1775
SDA-2.5	172	169	31	28	1670	0.175
SDA-3.0	168	169	31	32	1449	0.175
\TheName{}-0.5	179	165	35	21	1475	0.1725
\TheName{}-1.0	176	173	27	24	1702	0.18
\TheName{}-1.5	175	172	28	25	1729	0.1675
\TheName{}-2.0	174	171	29	26	1628	0.1675
\TheName{}-2.5	172	170	30	28	1535	0.17
\TheName{}-3.0	172	169	31	28	1510	0.185
SVM	175	159	41	25	4	0.005
LR	0	200	0	200	1	0.0025
Ye-LDA	166	170	30	34	161	0.005
DTree-10	70	178	22	130	3	0.0025
DTree-20	115	163	37	85	5	0.005
RFC-50	94	183	17	106	24	0.01
RFC-100	92	184	16	108	42	0.0225
NLSVM-0.1	97	173	27	103	3	0.055
NLSVM-1.0	24	194	6	176	3	0.04
NLSVM-10	157	174	26	43	3	0.04
LDA	119	164	36	81	280	0.19
SDA-0.5	102	177	23	98	1492	0.165
SDA-1.0	99	175	25	101	1403	0.175
SDA-1.5	98	175	25	102	1372	0.165
SDA-2.0	98	175	25	102	1383	0.1625
SDA-2.5	98	175	25	102	1467	0.175
SDA-3.0	98	175	25	102	1470	0.19
\TheName{}-0.5	154	124	76	46	1509	0.165
\TheName{}-1.0	139	183	17	61	1556	0.19
\TheName{}-1.5	120	179	21	80	1437	0.1725
\TheName{}-2.0	108	179	21	92	1525	0.185
\TheName{}-2.5	106	179	21	94	1679	0.18
\TheName{}-3.0	106	178	22	94	1557	0.1825
SVM	140	169	31	60	5	0.005
LR	0	200	0	200	1	0.005
Ye-LDA	125	186	14	75	182	0.01
DTree-10	77	168	32	123	3	0.005
DTree-20	96	158	42	104	4	0.005
RFC-50	87	182	18	113	23	0.01
RFC-100	86	183	17	114	46	0.0125
NLSVM-0.1	200	20	180	0	3	0.0625
NLSVM-1.0	174	67	133	26	3	0.0425
NLSVM-10	72	193	7	128	2	0.0425
LDA	159	134	66	41	267	0.1675
SDA-0.5	132	178	22	68	1476	0.1825
SDA-1.0	131	177	23	69	1430	0.165
SDA-1.5	131	177	23	69	1422	0.17
SDA-2.0	131	177	23	69	1561	0.195
SDA-2.5	131	177	23	69	1580	0.1875
SDA-3.0	131	177	23	69	1658	0.1875
\TheName{}-0.5	170	144	56	30	1611	0.165
\TheName{}-1.0	156	176	24	44	1462	0.18
\TheName{}-1.5	145	177	23	55	1476	0.1725
\TheName{}-2.0	136	176	24	64	1405	0.1675
\TheName{}-2.5	135	177	23	65	1430	0.185
\TheName{}-3.0	135	177	23	65	1424	0.185
SVM	161	166	34	39	4	0.005
LR	0	200	0	200	0	0.005
Ye-LDA	127	182	18	73	160	0.0025
DTree-10	82	161	39	118	3	0.0025
DTree-20	118	146	54	82	5	0.005
RFC-50	77	176	24	123	19	0.0075
RFC-100	72	179	21	128	36	0.0175
NLSVM-0.1	200	21	179	0	3	0.055
NLSVM-1.0	194	60	140	6	3	0.0425
NLSVM-10	199	5	195	1	3	0.0375
LDA	93	154	46	107	282	0.1675
SDA-0.5	119	165	35	81	1448	0.1675
SDA-1.0	115	165	35	85	1470	0.17
SDA-1.5	115	164	36	85	1321	0.1725
SDA-2.0	115	164	36	85	1300	0.165
SDA-2.5	115	164	36	85	1387	0.1675
SDA-3.0	115	164	36	85	1461	0.165
\TheName{}-0.5	158	141	59	42	1446	0.175
\TheName{}-1.0	140	169	31	60	1481	0.1675
\TheName{}-1.5	133	168	32	67	1378	0.1625
\TheName{}-2.0	124	167	33	76	1476	0.1625
\TheName{}-2.5	120	167	33	80	1372	0.175
\TheName{}-3.0	119	165	35	81	1400	0.1625
SVM	151	160	40	49	5	0.005
LR	0	200	0	200	0	0.0025
Ye-LDA	129	169	31	71	156	0.005
DTree-10	63	178	22	137	2	0.005
DTree-20	102	161	39	98	5	0.0025
RFC-50	96	167	33	104	17	0.0075
RFC-100	85	171	29	115	41	0.0175
NLSVM-0.1	200	13	187	0	3	0.0525
NLSVM-1.0	179	54	146	21	3	0.0425
NLSVM-10	137	161	39	63	3	0.0425
LDA	132	145	55	68	276	0.1675
SDA-0.5	110	179	21	90	1330	0.1625
SDA-1.0	108	179	21	92	1328	0.1825
SDA-1.5	108	179	21	92	1453	0.185
SDA-2.0	108	179	21	92	1508	0.185
SDA-2.5	108	179	21	92	1388	0.1675
SDA-3.0	107	179	21	93	1409	0.17
\TheName{}-0.5	180	128	72	20	1446	0.165
\TheName{}-1.0	164	176	24	36	1391	0.17
\TheName{}-1.5	144	180	20	56	1475	0.165
\TheName{}-2.0	130	180	20	70	1417	0.17
\TheName{}-2.5	122	180	20	78	1464	0.1675
\TheName{}-3.0	120	179	21	80	1464	0.165
SVM	158	163	37	42	6	0.0025
LR	0	200	0	200	1	0.0025
Ye-LDA	144	179	21	56	147	0.005
DTree-10	50	188	12	150	3	0.0025
DTree-20	86	176	24	114	5	0.005
RFC-50	68	181	19	132	5	0.0075
RFC-100	72	181	19	128	13	0.015
NLSVM-0.1	199	15	185	1	3	0.0525
NLSVM-1.0	194	55	145	6	3	0.04
NLSVM-10	200	0	200	0	3	0.0375
LDA	100	154	46	100	291	0.17
SDA-0.5	129	185	15	71	1339	0.1725
SDA-1.0	126	185	15	74	1363	0.165
SDA-1.5	126	185	15	74	1353	0.1625
SDA-2.0	126	185	15	74	1345	0.1625
SDA-2.5	125	185	15	75	1357	0.2325
SDA-3.0	125	185	15	75	1401	0.1725
\TheName{}-0.5	167	180	20	33	1449	0.1725
\TheName{}-1.0	141	188	12	59	1426	0.1725
\TheName{}-1.5	135	186	14	65	1468	0.1825
\TheName{}-2.0	132	185	15	68	1534	0.1675
\TheName{}-2.5	132	184	16	68	1453	0.1675
\TheName{}-3.0	127	184	16	73	1375	0.165
SVM	147	180	20	53	4	0.005
LR	0	200	0	200	1	0.0025
Ye-LDA	129	179	21	71	159	0.005
DTree-10	60	185	15	140	3	0.0025
DTree-20	85	167	33	115	5	0.005
RFC-50	82	183	17	118	21	0.0075
RFC-100	81	175	25	119	43	0.015
NLSVM-0.1	199	18	182	1	3	0.055
NLSVM-1.0	175	69	131	25	2	0.045
NLSVM-10	11	200	0	189	2	0.04
LDA	138	143	57	62	261	0.1775
SDA-0.5	164	172	28	36	1440	0.165
SDA-1.0	163	170	30	37	1321	0.1675
SDA-1.5	163	169	31	37	1305	0.17
SDA-2.0	163	169	31	37	1363	0.1725
SDA-2.5	163	169	31	37	1418	0.1625
SDA-3.0	163	169	31	37	1294	0.1625
\TheName{}-0.5	184	136	64	16	1404	0.1625
\TheName{}-1.0	181	163	37	19	1387	0.1725
\TheName{}-1.5	177	165	35	23	1393	0.1675
\TheName{}-2.0	169	169	31	31	1379	0.165
\TheName{}-2.5	167	171	29	33	1497	0.1625
\TheName{}-3.0	166	171	29	34	1400	0.17
SVM	177	152	48	23	5	0.005
LR	0	200	0	200	1	0.0025
Ye-LDA	153	153	47	47	149	0.005
DTree-10	82	184	16	118	3	0.0025
DTree-20	114	176	24	86	6	0.0025
RFC-50	89	182	18	111	19	0.0075
RFC-100	97	179	21	103	37	0.02
NLSVM-0.1	200	20	180	0	3	0.055
NLSVM-1.0	13	198	2	187	2	0.0425
NLSVM-10	12	200	0	188	3	0.04
LDA	143	154	46	57	272	0.165
SDA-0.5	167	162	38	33	1310	0.1625
SDA-1.0	163	162	38	37	1287	0.165
SDA-1.5	162	162	38	38	1296	0.1725
SDA-2.0	162	162	38	38	1377	0.17
SDA-2.5	161	162	38	39	1308	0.17
SDA-3.0	161	162	38	39	1284	0.165
\TheName{}-0.5	167	155	45	33	1364	0.1675
\TheName{}-1.0	175	168	32	25	1493	0.17
\TheName{}-1.5	174	165	35	26	1488	0.165
\TheName{}-2.0	171	164	36	29	1495	0.1725
\TheName{}-2.5	171	162	38	29	1427	0.18
\TheName{}-3.0	168	163	37	32	1369	0.175
SVM	173	161	39	27	5	0.0025
LR	0	200	0	200	0	0.005
Ye-LDA	154	158	42	46	146	0.005
DTree-10	93	165	35	107	3	0.0025
DTree-20	137	143	57	63	6	0.0025
RFC-50	116	150	50	84	22	0.01
RFC-100	117	155	45	83	45	0.0225
NLSVM-0.1	2	200	0	198	3	0.055
NLSVM-1.0	174	99	101	26	2	0.0425
NLSVM-10	29	199	1	171	3	0.0375
LDA	155	150	50	45	263	0.17
SDA-0.5	138	172	28	62	1247	0.1825
SDA-1.0	138	172	28	62	1242	0.165
SDA-1.5	138	171	29	62	1233	0.1675
SDA-2.0	138	171	29	62	1236	0.1625
SDA-2.5	138	171	29	62	1308	0.165
SDA-3.0	138	171	29	62	1381	0.1675
\TheName{}-0.5	165	143	57	35	1497	0.17
\TheName{}-1.0	166	174	26	34	1448	0.1725
\TheName{}-1.5	153	172	28	47	1332	0.1625
\TheName{}-2.0	144	172	28	56	1343	0.1625
\TheName{}-2.5	143	172	28	57	1324	0.1675
\TheName{}-3.0	141	171	29	59	1349	0.1725
SVM	179	166	34	21	3	0.005
LR	0	200	0	200	0	0.005
Ye-LDA	148	169	31	52	151	0.0025
DTree-10	78	176	24	122	3	0.0025
DTree-20	111	171	29	89	6	0.005
RFC-50	86	182	18	114	16	0.0075
RFC-100	96	176	24	104	34	0.015
NLSVM-0.1	200	19	181	0	3	0.055
NLSVM-1.0	196	64	136	4	3	0.0425
NLSVM-10	194	123	77	6	2	0.04
LDA	153	138	62	47	261	0.165
SDA-0.5	132	168	32	68	1269	0.1625
SDA-1.0	131	166	34	69	1296	0.1625
SDA-1.5	131	165	35	69	1270	0.1725
SDA-2.0	131	165	35	69	1245	0.175
SDA-2.5	131	164	36	69	1278	0.16
SDA-3.0	131	164	36	69	1347	0.1625
\TheName{}-0.5	156	167	33	44	1335	0.165
\TheName{}-1.0	141	170	30	59	1366	0.1725
\TheName{}-1.5	139	170	30	61	1381	0.1625
\TheName{}-2.0	136	167	33	64	1351	0.17
\TheName{}-2.5	135	166	34	65	1347	0.165
\TheName{}-3.0	134	167	33	66	1377	0.1925
SVM	161	154	46	39	3	0.005
LR	0	200	0	200	1	0.0025
Ye-LDA	134	174	26	66	157	0.005
DTree-10	100	153	47	100	3	0.0025
DTree-20	132	148	52	68	5	0.0025
RFC-50	106	171	29	94	19	0.0075
RFC-100	104	172	28	96	36	0.02
NLSVM-0.1	200	16	184	0	4	0.0525
NLSVM-1.0	9	198	2	191	3	0.0425
NLSVM-10	18	199	1	182	2	0.04
LDA	143	152	48	57	268	0.1625
SDA-0.5	128	184	16	72	1400	0.1675
SDA-1.0	127	184	16	73	1302	0.1675
SDA-1.5	127	182	18	73	1299	0.1725
SDA-2.0	127	182	18	73	1332	0.165
SDA-2.5	127	182	18	73	1383	0.175
SDA-3.0	127	182	18	73	1348	0.165
\TheName{}-0.5	152	192	8	48	1396	0.165
\TheName{}-1.0	137	188	12	63	1410	0.1625
\TheName{}-1.5	133	186	14	67	1353	0.165
\TheName{}-2.0	130	186	14	70	1361	0.1625
\TheName{}-2.5	128	185	15	72	1423	0.1725
\TheName{}-3.0	128	184	16	72	1370	0.1675
SVM	154	161	39	46	4	0.005
LR	0	200	0	200	1	0.0025
Ye-LDA	134	177	23	66	158	0.005
DTree-10	81	165	35	119	3	0.005
DTree-20	97	166	34	103	5	0.0025
RFC-50	65	191	9	135	6	0.01
RFC-100	63	193	7	137	36	0.0175
NLSVM-0.1	200	16	184	0	3	0.055
NLSVM-1.0	160	91	109	40	3	0.0425
NLSVM-10	68	196	4	132	3	0.04
LDA	145	132	68	55	269	0.1675
SDA-0.5	131	167	33	69	1328	0.165
SDA-1.0	129	167	33	71	1346	0.17
SDA-1.5	129	167	33	71	1353	0.1625
SDA-2.0	129	167	33	71	1332	0.17
SDA-2.5	129	167	33	71	1379	0.16
SDA-3.0	129	167	33	71	1331	0.1725
\TheName{}-0.5	114	125	75	86	1509	0.165
\TheName{}-1.0	139	177	23	61	1396	0.16
\TheName{}-1.5	131	172	28	69	1438	0.165
\TheName{}-2.0	133	170	30	67	1395	0.175
\TheName{}-2.5	133	168	32	67	1399	0.165
\TheName{}-3.0	132	167	33	68	1397	0.165
SVM	170	147	53	30	4	0.005
LR	0	200	0	200	0	0.005
Ye-LDA	120	169	31	80	158	0.0025
DTree-10	115	156	44	85	3	0.005
DTree-20	134	150	50	66	5	0.0025
RFC-50	119	163	37	81	21	0.0075
RFC-100	111	161	39	89	41	0.02
NLSVM-0.1	200	15	185	0	3	0.0525
NLSVM-1.0	198	55	145	2	3	0.04
NLSVM-10	24	198	2	176	3	0.0425
LDA	127	123	77	73	259	0.165
SDA-0.5	153	165	35	47	1260	0.165
SDA-1.0	151	162	38	49	1274	0.1625
SDA-1.5	149	161	39	51	1298	0.165
SDA-2.0	149	161	39	51	1292	0.17
SDA-2.5	148	161	39	52	1273	0.19
SDA-3.0	148	161	39	52	1330	0.165
\TheName{}-0.5	187	139	61	13	1361	0.17
\TheName{}-1.0	175	165	35	25	1375	0.1625
\TheName{}-1.5	167	163	37	33	1365	0.1725
\TheName{}-2.0	161	164	36	39	1463	0.1825
\TheName{}-2.5	161	163	37	39	1370	0.1675
\TheName{}-3.0	160	162	38	40	1397	0.175
SVM	163	152	48	37	5	0.005
LR	0	200	0	200	0	0.005
Ye-LDA	157	168	32	43	157	0.0025
DTree-10	192	80	120	8	3	0.005
DTree-20	176	106	94	24	5	0.0025
RFC-50	102	183	17	98	20	0.0075
RFC-100	96	175	25	104	40	0.0175
NLSVM-0.1	199	17	183	1	3	0.0525
NLSVM-1.0	188	50	150	12	3	0.0425
NLSVM-10	200	20	180	0	2	0.04
LDA	122	130	70	78	274	0.1625
SDA-0.5	105	179	21	95	1319	0.1825
SDA-1.0	105	176	24	95	1276	0.1625
SDA-1.5	105	176	24	95	1269	0.165
SDA-2.0	105	176	24	95	1307	0.1725
SDA-2.5	104	176	24	96	1313	0.17
SDA-3.0	104	176	24	96	1309	0.165
\TheName{}-0.5	160	110	90	40	1360	0.17
\TheName{}-1.0	144	181	19	56	1485	0.17
\TheName{}-1.5	126	182	18	74	1323	0.1625
\TheName{}-2.0	120	181	19	80	1335	0.165
\TheName{}-2.5	118	180	20	82	1337	0.165
\TheName{}-3.0	115	177	23	85	1340	0.1725
SVM	160	167	33	40	4	0.005
LR	0	200	0	200	1	0.0025
Ye-LDA	139	172	28	61	146	0.005
DTree-10	65	186	14	135	3	0.0025
DTree-20	94	166	34	106	6	0.0025
RFC-50	73	180	20	127	18	0.0075
RFC-100	76	178	22	124	38	0.0175
NLSVM-0.1	0	200	0	200	3	0.055
NLSVM-1.0	199	36	164	1	3	0.0425
NLSVM-10	190	128	72	10	2	0.04
LDA	138	124	76	62	261	0.1675
SDA-0.5	184	170	30	16	1273	0.1625
SDA-1.0	184	170	30	16	1275	0.17
SDA-1.5	183	170	30	17	1285	0.1625
SDA-2.0	183	170	30	17	1283	0.175
SDA-2.5	183	168	32	17	1295	0.165
SDA-3.0	183	168	32	17	1290	0.165
\TheName{}-0.5	184	159	41	16	1411	0.165
\TheName{}-1.0	184	163	37	16	1337	0.1775
\TheName{}-1.5	184	164	36	16	1388	0.1625
\TheName{}-2.0	183	164	36	17	1455	0.165
\TheName{}-2.5	183	168	32	17	1393	0.165
\TheName{}-3.0	183	167	33	17	1367	0.1725
SVM	167	153	47	33	6	0.0025
LR	0	200	0	200	1	0.0025
Ye-LDA	151	177	23	49	146	0.005
DTree-10	57	191	9	143	3	0.005
DTree-20	100	173	27	100	5	0.0025
RFC-50	69	186	14	131	6	0.005
RFC-100	72	185	15	128	35	0.015
NLSVM-0.1	199	21	179	1	4	0.0525
NLSVM-1.0	195	69	131	5	3	0.04
NLSVM-10	0	200	0	200	3	0.0375
LDA	117	121	79	83	267	0.16
SDA-0.5	126	175	25	74	1443	0.1625
SDA-1.0	122	174	26	78	1335	0.1625
SDA-1.5	121	174	26	79	1337	0.175
SDA-2.0	121	174	26	79	1373	0.1625
SDA-2.5	121	174	26	79	1352	0.1625
SDA-3.0	121	174	26	79	1313	0.165
\TheName{}-0.5	172	148	52	28	1472	0.1825
\TheName{}-1.0	143	180	20	57	1494	0.165
\TheName{}-1.5	128	178	22	72	1377	0.165
\TheName{}-2.0	124	176	24	76	1395	0.165
\TheName{}-2.5	122	176	24	78	1402	0.1675
\TheName{}-3.0	122	176	24	78	1381	0.1625
SVM	147	165	35	53	5	0.0025
LR	0	200	0	200	1	0.0025
Ye-LDA	119	177	23	81	148	0.005
DTree-10	74	159	41	126	3	0.0025
DTree-20	109	159	41	91	6	0.0025
RFC-50	103	162	38	97	23	0.0075
RFC-100	100	162	38	100	40	0.02
NLSVM-0.1	55	192	8	145	4	0.0525
NLSVM-1.0	173	60	140	27	3	0.0425
NLSVM-10	32	196	4	168	2	0.04
LDA	121	130	70	79	261	0.17
SDA-0.5	137	179	21	63	1403	0.1675
SDA-1.0	135	178	22	65	1302	0.17
SDA-1.5	135	178	22	65	1294	0.1725
SDA-2.0	134	178	22	66	1263	0.17
SDA-2.5	134	178	22	66	1289	0.1625
SDA-3.0	134	178	22	66	1283	0.185
\TheName{}-0.5	164	141	59	36	1347	0.17
\TheName{}-1.0	154	180	20	46	1334	0.1725
\TheName{}-1.5	147	179	21	53	1337	0.1625
\TheName{}-2.0	142	178	22	58	1329	0.17
\TheName{}-2.5	141	178	22	59	1346	0.165
\TheName{}-3.0	140	177	23	60	1366	0.175
SVM	160	158	42	40	3	0.005
LR	0	200	0	200	1	0.005
Ye-LDA	149	176	24	51	144	0.005
DTree-10	86	172	28	114	2	0.005
DTree-20	113	164	36	87	5	0.0025
RFC-50	100	161	39	100	19	0.0075
RFC-100	102	160	40	98	38	0.0175
NLSVM-0.1	200	8	192	0	4	0.0525
NLSVM-1.0	189	67	133	11	3	0.04
NLSVM-10	200	21	179	0	3	0.04
LDA	146	159	41	54	278	0.17
SDA-0.5	150	177	23	50	1320	0.165
SDA-1.0	149	175	25	51	1314	0.165
SDA-1.5	149	175	25	51	1256	0.1625
SDA-2.0	148	174	26	52	1292	0.1675
SDA-2.5	148	174	26	52	1317	0.1675
SDA-3.0	148	174	26	52	1279	0.165
\TheName{}-0.5	181	148	52	19	1368	0.18
\TheName{}-1.0	176	170	30	24	1464	0.19
\TheName{}-1.5	163	175	25	37	1332	0.165
\TheName{}-2.0	161	174	26	39	1541	0.165
\TheName{}-2.5	158	175	25	42	1532	0.175
\TheName{}-3.0	154	175	25	46	1528	0.16
SVM	178	153	47	22	4	0.005
LR	0	200	0	200	0	0.005
Ye-LDA	162	163	37	38	165	0.005
DTree-10	94	147	53	106	3	0.0025
DTree-20	118	144	56	82	5	0.0025
RFC-50	95	173	27	105	20	0.01
RFC-100	95	172	28	105	36	0.02
NLSVM-0.1	199	25	175	1	3	0.055
NLSVM-1.0	199	58	142	1	3	0.045
NLSVM-10	14	200	0	186	2	0.04
LDA	168	125	75	32	270	0.1725
SDA-0.5	152	163	37	48	1637	0.18
SDA-1.0	146	162	38	54	1495	0.175
SDA-1.5	145	162	38	55	1670	0.165
SDA-2.0	145	162	38	55	2001	0.165
SDA-2.5	145	160	40	55	1947	0.1725
SDA-3.0	145	160	40	55	2133	0.19
\TheName{}-0.5	187	158	42	13	2730	0.1725
\TheName{}-1.0	170	167	33	30	2071	0.17
\TheName{}-1.5	163	165	35	37	2088	0.1675
\TheName{}-2.0	157	164	36	43	1682	0.175
\TheName{}-2.5	156	164	36	44	1859	0.1925
\TheName{}-3.0	154	164	36	46	1625	0.1675
SVM	188	149	51	12	6	0.005
LR	0	200	0	200	1	0.0025
Ye-LDA	163	164	36	37	158	0.01
DTree-10	100	171	29	100	3	0.0025
DTree-20	122	159	41	78	6	0.005
RFC-50	108	156	44	92	8	0.01
RFC-100	129	155	45	71	44	0.0225
NLSVM-0.1	102	169	31	98	3	0.055
NLSVM-1.0	193	74	126	7	3	0.0425
NLSVM-10	199	63	137	1	3	0.0425
LDA	150	152	48	50	306	0.22
SDA-0.5	138	182	18	62	1561	0.1775
SDA-1.0	136	182	18	64	1804	0.1725
SDA-1.5	134	182	18	66	1678	0.1675
SDA-2.0	133	182	18	67	1594	0.1675
SDA-2.5	133	182	18	67	1633	0.1725
SDA-3.0	133	182	18	67	1475	0.17
\TheName{}-0.5	190	154	46	10	1633	0.165
\TheName{}-1.0	165	183	17	35	1830	0.195
\TheName{}-1.5	159	183	17	41	1563	0.1775
\TheName{}-2.0	149	184	16	51	1703	0.185
\TheName{}-2.5	143	183	17	57	1688	0.17
\TheName{}-3.0	142	183	17	58	1569	0.1825
SVM	188	154	46	12	6	0.0075
LR	0	200	0	200	0	0.005
Ye-LDA	150	177	23	50	163	0.0225
DTree-10	90	175	25	110	4	0.0125
DTree-20	113	164	36	87	6	0.0125
RFC-50	100	167	33	100	37	0.03
RFC-100	101	170	30	99	84	0.0625
NLSVM-0.1	129	151	49	71	3	0.08
NLSVM-1.0	200	57	143	0	3	0.1525
NLSVM-10	200	33	167	0	2	0.0575
LDA	142	149	51	58	297	0.2575
SDA-0.5	111	175	25	89	1573	0.17
SDA-1.0	110	175	25	90	1481	0.18
SDA-1.5	110	174	26	90	1537	0.1925
SDA-2.0	110	174	26	90	1543	0.165
SDA-2.5	110	174	26	90	1462	0.185
SDA-3.0	110	174	26	90	1490	0.17
\TheName{}-0.5	136	73	127	64	1652	0.1725
\TheName{}-1.0	181	137	63	19	1528	0.1675
\TheName{}-1.5	160	176	24	40	1647	0.1875
\TheName{}-2.0	134	176	24	66	1660	0.1825
\TheName{}-2.5	127	177	23	73	1497	0.165
\TheName{}-3.0	123	177	23	77	1601	0.1675
SVM	163	172	28	37	5	0.005
LR	0	200	0	200	0	0.005
Ye-LDA	96	165	35	104	151	0.0025
DTree-10	76	174	26	124	14	0.005
DTree-20	107	163	37	93	5	0.0025
RFC-50	85	171	29	115	18	0.0075
RFC-100	89	168	32	111	33	0.0175
NLSVM-0.1	200	22	178	0	3	0.0525
NLSVM-1.0	133	170	30	67	3	0.0425
NLSVM-10	200	31	169	0	2	0.0375
LDA	155	152	48	45	352	0.2775
SDA-0.5	119	186	14	81	1630	0.1725
SDA-1.0	116	185	15	84	1456	0.1675
SDA-1.5	116	185	15	84	1655	0.165
SDA-2.0	116	185	15	84	1510	0.175
SDA-2.5	116	185	15	84	1438	0.1675
SDA-3.0	116	185	15	84	1568	0.1725
\TheName{}-0.5	151	189	11	49	1787	0.1675
\TheName{}-1.0	127	190	10	73	1512	0.1725
\TheName{}-1.5	124	189	11	76	1709	0.1825
\TheName{}-2.0	119	187	13	81	1588	0.1825
\TheName{}-2.5	118	187	13	82	1466	0.165
\TheName{}-3.0	119	186	14	81	1674	0.1625
SVM	159	176	24	41	4	0.0075
LR	0	200	0	200	0	0.005
Ye-LDA	101	185	15	99	177	0.0075
DTree-10	82	175	25	118	3	0.005
DTree-20	109	156	44	91	26	0.0075
RFC-50	81	187	13	119	22	0.0075
RFC-100	76	189	11	124	46	0.04
NLSVM-0.1	200	22	178	0	3	0.075
NLSVM-1.0	191	46	154	9	3	0.0525
NLSVM-10	164	162	38	36	3	0.0525
LDA	133	165	35	67	293	0.205
SDA-0.5	147	167	33	53	1594	0.18
SDA-1.0	138	166	34	62	1682	0.1675
SDA-1.5	137	166	34	63	1595	0.165
SDA-2.0	137	166	34	63	1495	0.1675
SDA-2.5	138	166	34	62	1581	0.175
SDA-3.0	138	166	34	62	1622	0.1675
\TheName{}-0.5	178	167	33	22	1632	0.165
\TheName{}-1.0	153	174	26	47	1636	0.165
\TheName{}-1.5	147	170	30	53	1784	0.175
\TheName{}-2.0	145	170	30	55	1570	0.1625
\TheName{}-2.5	144	169	31	56	1786	0.165
\TheName{}-3.0	143	169	31	57	1696	0.2025
SVM	154	169	31	46	5	0.0075
LR	0	200	0	200	0	0.005
Ye-LDA	149	176	24	51	161	0.005
DTree-10	94	171	29	106	3	0.005
DTree-20	137	164	36	63	5	0.0025
RFC-50	86	190	10	114	19	0.01
RFC-100	84	191	9	116	40	0.0175
NLSVM-0.1	200	15	185	0	4	0.0525
NLSVM-1.0	186	76	124	14	3	0.0425
NLSVM-10	151	167	33	49	2	0.04
LDA	140	112	88	60	326	0.1725
SDA-0.5	145	168	32	55	2114	0.165
SDA-1.0	145	169	31	55	1648	0.1675
SDA-1.5	144	167	33	56	1516	0.185
SDA-2.0	143	167	33	57	1975	0.1825
SDA-2.5	143	167	33	57	1924	0.1775
SDA-3.0	143	167	33	57	1708	0.28
\TheName{}-0.5	190	160	40	10	1863	0.195
\TheName{}-1.0	156	169	31	44	1721	0.1825
\TheName{}-1.5	151	169	31	49	1569	0.1675
\TheName{}-2.0	148	170	30	52	1662	0.17
\TheName{}-2.5	147	169	31	53	1845	0.175
\TheName{}-3.0	147	169	31	53	1771	0.19
SVM	168	159	41	32	4	0.005
LR	0	200	0	200	1	0.02
Ye-LDA	167	170	30	33	151	0.005
DTree-10	97	170	30	103	3	0.005
DTree-20	131	151	49	69	4	0.005
RFC-50	107	165	35	93	21	0.0075
RFC-100	107	168	32	93	39	0.0275
NLSVM-0.1	200	21	179	0	3	0.06
NLSVM-1.0	178	82	118	22	3	0.0475
NLSVM-10	46	199	1	154	3	0.055
LDA	134	162	38	66	352	0.3025
SDA-0.5	137	177	23	63	1510	0.17
SDA-1.0	135	177	23	65	1594	0.1725
SDA-1.5	133	177	23	67	1590	0.1775
SDA-2.0	134	177	23	66	1499	0.165
SDA-2.5	134	177	23	66	1604	0.1675
SDA-3.0	134	177	23	66	1530	0.17
\TheName{}-0.5	148	187	13	52	1648	0.1825
\TheName{}-1.0	146	182	18	54	1514	0.18
\TheName{}-1.5	144	180	20	56	1744	0.1675
\TheName{}-2.0	140	179	21	60	1556	0.1725
\TheName{}-2.5	141	177	23	59	1760	0.17
\TheName{}-3.0	137	177	23	63	1637	0.1825
SVM	164	178	22	36	5	0.0075
LR	0	200	0	200	0	0.005
Ye-LDA	135	175	25	65	159	0.01
DTree-10	61	177	23	139	2	0.005
DTree-20	97	170	30	103	5	0.005
RFC-50	108	179	21	92	19	0.01
RFC-100	119	177	23	81	40	0.02
NLSVM-0.1	136	156	44	64	3	0.055
NLSVM-1.0	188	77	123	12	3	0.0425
NLSVM-10	11	200	0	189	2	0.04
LDA	147	136	64	53	362	0.2225
SDA-0.5	126	176	24	74	1521	0.17
SDA-1.0	125	176	24	75	1698	0.1725
SDA-1.5	125	176	24	75	1687	0.185
SDA-2.0	125	176	24	75	1631	0.1725
SDA-2.5	125	176	24	75	1669	0.175
SDA-3.0	123	176	24	77	1540	0.1725
\TheName{}-0.5	138	92	108	62	1631	0.1725
\TheName{}-1.0	167	176	24	33	1757	0.17
\TheName{}-1.5	146	179	21	54	1659	0.165
\TheName{}-2.0	137	178	22	63	1662	0.1675
\TheName{}-2.5	136	177	23	64	1913	0.185
\TheName{}-3.0	134	177	23	66	1737	0.1675
SVM	175	151	49	25	4	0.005
LR	0	200	0	200	0	0.005
Ye-LDA	148	180	20	52	155	0.005
DTree-10	97	173	27	103	2	0.0025
DTree-20	120	169	31	80	5	0.0025
RFC-50	83	186	14	117	11	0.0075
RFC-100	83	186	14	117	20	0.0175
NLSVM-0.1	200	29	171	0	5	0.0525
NLSVM-1.0	198	44	156	2	3	0.0425
NLSVM-10	36	196	4	164	2	0.04
LDA	155	167	33	45	579	0.2175
SDA-0.5	135	174	26	65	1634	0.17
SDA-1.0	135	172	28	65	1612	0.18
SDA-1.5	132	172	28	68	1640	0.1725
SDA-2.0	132	172	28	68	1704	0.1675
SDA-2.5	132	172	28	68	1855	0.165
SDA-3.0	132	172	28	68	1732	0.1875
\TheName{}-0.5	168	147	53	32	1732	0.19
\TheName{}-1.0	171	174	26	29	1771	0.535
\TheName{}-1.5	153	175	25	47	1861	0.165
\TheName{}-2.0	148	175	25	52	1665	0.165
\TheName{}-2.5	143	175	25	57	1751	0.17
\TheName{}-3.0	142	175	25	58	2036	0.17
SVM	160	160	40	40	4	0.0075
LR	200	0	200	0	1	0.005
Ye-LDA	176	157	43	24	151	0.005
DTree-10	188	74	126	12	3	0.005
DTree-20	106	168	32	94	25	0.005
RFC-50	84	174	26	116	19	0.0075
RFC-100	90	169	31	110	38	0.02
NLSVM-0.1	200	18	182	0	4	0.055
NLSVM-1.0	200	68	132	0	3	0.045
NLSVM-10	64	195	5	136	3	0.04
LDA	146	149	51	54	353	0.2875
SDA-0.5	153	179	21	47	1602	0.165
SDA-1.0	148	179	21	52	1763	0.195
SDA-1.5	148	179	21	52	2017	0.205
SDA-2.0	148	179	21	52	1847	0.18
SDA-2.5	148	179	21	52	1741	0.165
SDA-3.0	146	179	21	54	1510	0.1725
\TheName{}-0.5	161	181	19	39	2217	0.1875
\TheName{}-1.0	153	179	21	47	1696	0.165
\TheName{}-1.5	153	179	21	47	1592	0.17
\TheName{}-2.0	152	179	21	48	1627	0.17
\TheName{}-2.5	152	179	21	48	1547	0.1675
\TheName{}-3.0	152	179	21	48	1838	0.1775
SVM	157	166	34	43	4	0.0125
LR	0	200	0	200	1	0.005
Ye-LDA	147	171	29	53	158	0.005
DTree-10	89	184	16	111	24	0.0025
DTree-20	121	172	28	79	5	0.005
RFC-50	97	179	21	103	22	0.01
RFC-100	101	186	14	99	57	0.035
NLSVM-0.1	200	23	177	0	4	0.1125
NLSVM-1.0	196	58	142	4	3	0.055
NLSVM-10	200	27	173	0	2	0.0475
LDA	130	147	53	70	311	0.2625
SDA-0.5	136	172	28	64	1694	0.18
SDA-1.0	133	172	28	67	1553	0.1875
SDA-1.5	129	172	28	71	1744	0.1675
SDA-2.0	128	172	28	72	2452	0.1825
SDA-2.5	128	172	28	72	2252	0.1725
SDA-3.0	127	172	28	73	2100	0.1825
\TheName{}-0.5	182	160	40	18	1659	0.1675
\TheName{}-1.0	151	175	25	49	1859	0.165
\TheName{}-1.5	143	173	27	57	1729	0.19
\TheName{}-2.0	142	172	28	58	3026	0.2325
\TheName{}-2.5	141	171	29	59	2440	0.18
\TheName{}-3.0	140	171	29	60	2298	0.1775
SVM	160	175	25	40	8	0.005
LR	0	200	0	200	0	0.005
Ye-LDA	154	179	21	46	195	0.0125
DTree-10	102	154	46	98	2	0.0025
DTree-20	101	160	40	99	5	0.0
RFC-50	83	174	26	117	20	0.0075
RFC-100	80	173	27	120	51	0.0325
NLSVM-0.1	200	21	179	0	4	0.095
NLSVM-1.0	176	75	125	24	2	0.1
NLSVM-10	32	198	2	168	3	0.06
LDA	135	133	67	65	402	0.195
SDA-0.5	159	174	26	41	1654	0.1775
SDA-1.0	159	174	26	41	1670	0.1675
SDA-1.5	159	174	26	41	1497	0.1725
SDA-2.0	159	174	26	41	1748	0.185
SDA-2.5	159	174	26	41	1602	0.1725
SDA-3.0	159	174	26	41	1509	0.1775
\TheName{}-0.5	166	148	52	34	1832	0.1725
\TheName{}-1.0	177	172	28	23	1841	0.1775
\TheName{}-1.5	173	174	26	27	1632	0.1775
\TheName{}-2.0	167	174	26	33	1989	0.18
\TheName{}-2.5	164	174	26	36	1928	0.185
\TheName{}-3.0	162	174	26	38	1721	0.1675
SVM	180	158	42	20	4	0.005
LR	0	200	0	200	1	0.0025
Ye-LDA	161	170	30	39	158	0.0075
DTree-10	184	68	132	16	5	0.005
DTree-20	106	168	32	94	9	0.0075
RFC-50	90	183	17	110	21	0.0075
RFC-100	88	183	17	112	37	0.0175
NLSVM-0.1	200	14	186	0	4	0.055
NLSVM-1.0	200	36	164	0	3	0.05
NLSVM-10	200	0	200	0	2	0.05
LDA	131	151	49	69	350	0.235
SDA-0.5	139	182	18	61	1667	0.1725
SDA-1.0	136	181	19	64	1616	0.2
SDA-1.5	135	181	19	65	1601	0.17
SDA-2.0	135	181	19	65	1614	0.1675
SDA-2.5	132	181	19	68	1509	0.18
SDA-3.0	132	181	19	68	1695	0.1675
\TheName{}-0.5	180	129	71	20	1677	0.17
\TheName{}-1.0	159	180	20	41	1627	0.1825
\TheName{}-1.5	147	177	23	53	1828	0.1775
\TheName{}-2.0	142	177	23	58	1718	0.165
\TheName{}-2.5	140	179	21	60	1650	0.1675
\TheName{}-3.0	140	180	20	60	1708	0.1675
SVM	155	161	39	45	6	0.005
LR	200	0	200	0	1	0.015
Ye-LDA	187	134	66	13	150	0.0025
DTree-10	79	172	28	121	3	0.005
DTree-20	104	163	37	96	15	0.005
RFC-50	85	179	21	115	5	0.01
RFC-100	80	180	20	120	38	0.0175
NLSVM-0.1	200	24	176	0	3	0.055
NLSVM-1.0	198	55	145	2	3	0.045
NLSVM-10	200	1	199	0	3	0.0375
LDA	150	132	68	50	287	0.1975
SDA-0.5	191	136	64	9	1358	0.165
SDA-1.0	191	136	64	9	1658	0.1725
SDA-1.5	191	136	64	9	1686	0.1625
SDA-2.0	191	137	63	9	1508	0.1775
SDA-2.5	191	137	63	9	1555	0.1825
SDA-3.0	191	137	63	9	1758	0.1675
\TheName{}-0.5	189	138	62	11	1628	0.1725
\TheName{}-1.0	190	137	63	10	1666	0.1675
\TheName{}-1.5	190	135	65	10	1547	0.165
\TheName{}-2.0	190	136	64	10	1525	0.1875
\TheName{}-2.5	190	137	63	10	1698	0.18
\TheName{}-3.0	191	137	63	9	1914	0.2025
SVM	175	142	58	25	5	0.01
LR	0	200	0	200	1	0.005
Ye-LDA	175	162	38	25	159	0.015
DTree-10	73	179	21	127	2	0.0125
DTree-20	119	150	50	81	5	0.015
RFC-50	92	175	25	108	20	0.0125
RFC-100	91	175	25	109	37	0.0225
NLSVM-0.1	4	200	0	196	3	0.0675
NLSVM-1.0	199	52	148	1	3	0.0425
NLSVM-10	200	3	197	0	3	0.045
LDA	136	147	53	64	308	0.2125
SDA-0.5	148	173	27	52	1652	0.18
SDA-1.0	145	173	27	55	1545	0.1675
SDA-1.5	144	173	27	56	1473	0.17
SDA-2.0	144	172	28	56	1873	0.1825
SDA-2.5	144	172	28	56	1935	0.195
SDA-3.0	144	172	28	56	1570	0.19
\TheName{}-0.5	167	150	50	33	1729	0.165
\TheName{}-1.0	168	178	22	32	1644	0.1625
\TheName{}-1.5	157	174	26	43	1747	0.1775
\TheName{}-2.0	152	173	27	48	1692	0.1825
\TheName{}-2.5	150	174	26	50	1893	0.19
\TheName{}-3.0	149	173	27	51	1772	0.17
SVM	166	172	28	34	5	0.005
LR	0	200	0	200	1	0.005
Ye-LDA	145	181	19	55	158	0.0075
DTree-10	100	165	35	100	4	0.005
DTree-20	135	153	47	65	16	0.03
RFC-50	93	185	15	107	39	0.02
RFC-100	100	184	16	100	59	0.0825
NLSVM-0.1	200	26	174	0	4	0.0875
NLSVM-1.0	190	73	127	10	2	0.055
NLSVM-10	37	197	3	163	3	0.0625
LDA	131	145	55	69	551	0.265
SDA-0.5	145	160	40	55	1618	0.1825
SDA-1.0	145	160	40	55	2137	0.1725
SDA-1.5	145	160	40	55	1581	0.1775
SDA-2.0	145	159	41	55	1800	0.175
SDA-2.5	145	159	41	55	1578	0.1625
SDA-3.0	145	159	41	55	1474	0.2275
\TheName{}-0.5	179	150	50	21	1497	0.21
\TheName{}-1.0	168	162	38	32	1649	0.17
\TheName{}-1.5	155	162	38	45	1553	0.1675
\TheName{}-2.0	149	161	39	51	1475	0.18
\TheName{}-2.5	149	160	40	51	1572	0.17
\TheName{}-3.0	148	159	41	52	1696	0.165
SVM	147	163	37	53	5	0.0025
LR	0	200	0	200	1	0.005
Ye-LDA	153	158	42	47	154	0.005
DTree-10	66	173	27	134	3	0.005
DTree-20	103	160	40	97	5	0.005
RFC-50	64	183	17	136	19	0.0075
RFC-100	66	186	14	134	41	0.02
NLSVM-0.1	131	148	52	69	3	0.055
NLSVM-1.0	197	67	133	3	3	0.04
NLSVM-10	139	171	29	61	3	0.0375
LDA	175	116	84	25	280	0.165
SDA-0.5	143	180	20	57	1386	0.1925
SDA-1.0	143	180	20	57	1415	0.175
SDA-1.5	143	179	21	57	1321	0.1675
SDA-2.0	143	179	21	57	1321	0.1675
SDA-2.5	143	180	20	57	1628	0.1725
SDA-3.0	143	180	20	57	1519	0.1825
\TheName{}-0.5	146	111	89	54	1407	0.18
\TheName{}-1.0	183	149	51	17	1530	0.185
\TheName{}-1.5	169	175	25	31	1583	0.1675
\TheName{}-2.0	159	176	24	41	1398	0.1725
\TheName{}-2.5	152	177	23	48	1412	0.175
\TheName{}-3.0	148	177	23	52	1486	0.1775
SVM	176	129	71	24	3	0.005
LR	0	200	0	200	1	0.005
Ye-LDA	153	179	21	47	165	0.0025
DTree-10	46	189	11	154	3	0.005
DTree-20	68	178	22	132	5	0.0025
RFC-50	110	166	34	90	14	0.0175
RFC-100	109	170	30	91	49	0.0275
NLSVM-0.1	200	24	176	0	4	0.055
NLSVM-1.0	198	65	135	2	3	0.0425
NLSVM-10	169	171	29	31	3	0.04
LDA	156	131	69	44	280	0.1775
SDA-0.5	142	165	35	58	1396	0.165
SDA-1.0	141	164	36	59	1378	0.1625
SDA-1.5	140	165	35	60	1358	0.165
SDA-2.0	140	164	36	60	1337	0.165
SDA-2.5	140	164	36	60	1375	0.175
SDA-3.0	140	164	36	60	1365	0.1725
\TheName{}-0.5	178	138	62	22	1412	0.17
\TheName{}-1.0	174	164	36	26	1464	0.1725
\TheName{}-1.5	165	165	35	35	1444	0.21
\TheName{}-2.0	159	164	36	41	1419	0.1725
\TheName{}-2.5	151	164	36	49	1573	0.1675
\TheName{}-3.0	148	164	36	52	1468	0.1625
SVM	174	139	61	26	5	0.0025
LR	0	200	0	200	1	0.0025
Ye-LDA	133	179	21	67	158	0.005
DTree-10	89	165	35	111	3	0.0025
DTree-20	107	164	36	93	5	0.0025
RFC-50	95	182	18	105	24	0.01
RFC-100	91	174	26	109	48	0.025
NLSVM-0.1	1	200	0	199	3	0.055
NLSVM-1.0	88	164	36	112	2	0.0425
NLSVM-10	15	200	0	185	3	0.04
LDA	160	130	70	40	295	0.215
SDA-0.5	131	178	22	69	1386	0.17
SDA-1.0	130	177	23	70	1644	0.1825
SDA-1.5	130	177	23	70	1844	0.1675
SDA-2.0	130	176	24	70	1815	0.175
SDA-2.5	130	176	24	70	1624	0.1625
SDA-3.0	130	176	24	70	1676	0.1775
\TheName{}-0.5	187	135	65	13	1798	0.1675
\TheName{}-1.0	146	176	24	54	1752	0.2375
\TheName{}-1.5	134	177	23	66	2198	0.1675
\TheName{}-2.0	132	178	22	68	2766	0.1875
\TheName{}-2.5	132	178	22	68	2910	0.2125
\TheName{}-3.0	131	178	22	69	2619	0.1675
SVM	170	167	33	30	3	0.0075
LR	0	200	0	200	0	0.005
Ye-LDA	138	175	25	62	162	0.0125
DTree-10	83	165	35	117	3	0.005
DTree-20	126	154	46	74	9	0.0075
RFC-50	94	174	26	106	21	0.0375
RFC-100	95	174	26	105	35	0.0175
NLSVM-0.1	91	172	28	109	4	0.075
NLSVM-1.0	176	88	112	24	6	0.06
NLSVM-10	200	27	173	0	3	0.11
LDA	127	144	56	73	598	0.35
SDA-0.5	109	174	26	91	2172	0.18
SDA-1.0	105	174	26	95	2559	0.1675
SDA-1.5	105	173	27	95	2443	0.1725
SDA-2.0	105	173	27	95	2066	0.18
SDA-2.5	105	173	27	95	2138	0.17
SDA-3.0	105	173	27	95	2123	0.1825
\TheName{}-0.5	160	143	57	40	2183	0.1775
\TheName{}-1.0	129	181	19	71	2218	0.1725
\TheName{}-1.5	115	179	21	85	2184	0.175
\TheName{}-2.0	110	175	25	90	2267	0.1775
\TheName{}-2.5	109	174	26	91	2602	0.185
\TheName{}-3.0	108	174	26	92	2731	0.1825
SVM	146	169	31	54	6	0.005
LR	0	200	0	200	1	0.005
Ye-LDA	110	176	24	90	160	0.045
DTree-10	68	182	18	132	14	0.0075
DTree-20	117	156	44	83	22	0.02
RFC-50	90	174	26	110	49	0.01
RFC-100	93	172	28	107	69	0.05
NLSVM-0.1	2	199	1	198	3	0.1575
NLSVM-1.0	188	59	141	12	8	0.0675
NLSVM-10	151	155	45	49	6	0.045
LDA	108	142	58	92	605	0.3775
SDA-0.5	127	178	22	73	2623	0.1725
SDA-1.0	126	177	23	74	2853	0.19
SDA-1.5	124	177	23	76	2477	0.1875
SDA-2.0	124	177	23	76	2802	0.175
SDA-2.5	124	177	23	76	2591	0.175
SDA-3.0	124	177	23	76	2538	0.18
\TheName{}-0.5	184	151	49	16	2452	0.1775
\TheName{}-1.0	150	178	22	50	2282	0.1725
\TheName{}-1.5	139	179	21	61	2010	0.1975
\TheName{}-2.0	135	180	20	65	2855	0.18
\TheName{}-2.5	130	180	20	70	2767	0.19
\TheName{}-3.0	128	181	19	72	2613	0.165
SVM	175	164	36	25	4	0.0075
LR	0	200	0	200	1	0.0025
Ye-LDA	144	181	19	56	159	0.0075
DTree-10	74	172	28	126	3	0.005
DTree-20	101	158	42	99	27	0.005
RFC-50	101	171	29	99	24	0.0075
RFC-100	95	174	26	105	41	0.0175
NLSVM-0.1	200	18	182	0	4	0.055
NLSVM-1.0	187	61	139	13	2	0.1325
NLSVM-10	194	133	67	6	3	0.295
LDA	138	145	55	62	321	0.2575
SDA-0.5	127	158	42	73	2069	0.185
SDA-1.0	127	158	42	73	2160	0.2375
SDA-1.5	127	157	43	73	2280	0.225
SDA-2.0	127	158	42	73	2616	0.2175
SDA-2.5	127	158	42	73	2359	0.175
SDA-3.0	127	158	42	73	2472	0.1675
\TheName{}-0.5	170	146	54	30	2035	0.17
\TheName{}-1.0	139	165	35	61	2258	0.18
\TheName{}-1.5	132	161	39	68	1853	0.1675
\TheName{}-2.0	128	160	40	72	2357	0.17
\TheName{}-2.5	127	159	41	73	2381	0.1775
\TheName{}-3.0	127	159	41	73	2404	0.19
SVM	164	157	43	36	3	0.0075
LR	200	0	200	0	0	0.005
Ye-LDA	142	174	26	58	156	0.015
DTree-10	107	161	39	93	35	0.005
DTree-20	123	153	47	77	14	0.0025
RFC-50	103	158	42	97	23	0.0175
RFC-100	103	160	40	97	47	0.0325
NLSVM-0.1	200	27	173	0	5	0.0825
NLSVM-1.0	177	79	121	23	3	0.0925
NLSVM-10	23	197	3	177	3	0.1925
LDA	107	161	39	93	367	0.245
SDA-0.5	130	179	21	70	2124	0.1675
SDA-1.0	129	177	23	71	2546	0.1775
SDA-1.5	129	177	23	71	2558	0.175
SDA-2.0	129	177	23	71	2965	0.1875
SDA-2.5	129	177	23	71	2365	0.19
SDA-3.0	129	177	23	71	2110	0.1675
\TheName{}-0.5	169	162	38	31	2461	0.1725
\TheName{}-1.0	144	182	18	56	3074	0.1775
\TheName{}-1.5	136	183	17	64	2704	0.17
\TheName{}-2.0	135	182	18	65	2704	0.17
\TheName{}-2.5	132	180	20	68	2159	0.1725
\TheName{}-3.0	132	180	20	68	2029	0.175
SVM	156	176	24	44	6	0.005
LR	0	200	0	200	1	0.0025
Ye-LDA	115	184	16	85	164	0.0125
DTree-10	75	174	26	125	3	0.0125
DTree-20	103	166	34	97	5	0.015
RFC-50	96	171	29	104	28	0.0125
RFC-100	100	165	35	100	67	0.0575
NLSVM-0.1	199	20	180	1	3	0.3775
NLSVM-1.0	167	76	124	33	3	0.0925
NLSVM-10	9	200	0	191	3	0.075
LDA	123	151	49	77	359	0.2925
SDA-0.5	116	165	35	84	2217	0.165
SDA-1.0	115	165	35	85	1941	0.1775
SDA-1.5	115	165	35	85	2078	0.18
SDA-2.0	115	165	35	85	1907	0.1675
SDA-2.5	115	165	35	85	2180	0.175
SDA-3.0	115	165	35	85	2099	0.1625
\TheName{}-0.5	155	178	22	45	2152	0.1775
\TheName{}-1.0	132	168	32	68	2291	0.1825
\TheName{}-1.5	127	167	33	73	1992	0.17
\TheName{}-2.0	125	166	34	75	2471	0.17
\TheName{}-2.5	123	165	35	77	2279	0.175
\TheName{}-3.0	120	165	35	80	2143	0.165
SVM	151	159	41	49	6	0.005
LR	0	200	0	200	1	0.005
Ye-LDA	125	173	27	75	247	0.005
DTree-10	83	170	30	117	44	0.005
DTree-20	115	154	46	85	67	0.005
RFC-50	89	180	20	111	25	0.0125
RFC-100	85	182	18	115	42	0.0175
NLSVM-0.1	200	19	181	0	4	0.055
NLSVM-1.0	158	98	102	42	2	0.055
NLSVM-10	2	200	0	198	3	0.045
LDA	149	132	68	51	395	0.345
SDA-0.5	120	184	16	80	1930	0.17
SDA-1.0	118	183	17	82	2135	0.205
SDA-1.5	118	183	17	82	2058	0.18
SDA-2.0	117	183	17	83	2008	0.1675
SDA-2.5	117	183	17	83	1852	0.165
SDA-3.0	117	183	17	83	2061	0.1675
\TheName{}-0.5	145	104	96	55	2301	0.1775
\TheName{}-1.0	149	182	18	51	1827	0.1825
\TheName{}-1.5	130	183	17	70	2178	0.17
\TheName{}-2.0	129	183	17	71	1845	0.175
\TheName{}-2.5	129	182	18	71	2444	0.1675
\TheName{}-3.0	128	181	19	72	2116	0.1725
SVM	156	158	42	44	6	0.005
LR	0	200	0	200	0	0.005
Ye-LDA	107	180	20	93	163	0.015
DTree-10	81	170	30	119	2	0.0125
DTree-20	105	152	48	95	5	0.0125
RFC-50	93	168	32	107	32	0.045
RFC-100	90	171	29	110	107	0.06
NLSVM-0.1	1	200	0	199	5	0.1475
NLSVM-1.0	177	76	124	23	4	0.105
NLSVM-10	12	200	0	188	4	0.05
LDA	145	133	67	55	356	0.3
SDA-0.5	123	164	36	77	2084	0.17
SDA-1.0	120	164	36	80	1797	0.165
SDA-1.5	119	164	36	81	1710	0.1675
SDA-2.0	118	163	37	82	1564	0.1675
SDA-2.5	118	163	37	82	1562	0.1875
SDA-3.0	118	163	37	82	1588	0.165
\TheName{}-0.5	181	137	63	19	1654	0.1775
\TheName{}-1.0	138	167	33	62	1667	0.2
\TheName{}-1.5	129	165	35	71	1692	0.175
\TheName{}-2.0	128	165	35	72	1556	0.23
\TheName{}-2.5	127	165	35	73	1554	0.2275
\TheName{}-3.0	127	165	35	73	1667	0.1675
SVM	171	154	46	29	3	0.005
LR	0	200	0	200	1	0.005
Ye-LDA	125	168	32	75	153	0.005
DTree-10	106	161	39	94	3	0.0025
DTree-20	122	149	51	78	6	0.005
RFC-50	103	157	43	97	16	0.0075
RFC-100	106	142	58	94	34	0.015
NLSVM-0.1	1	197	3	199	3	0.0525
NLSVM-1.0	139	115	85	61	3	0.04
NLSVM-10	200	0	200	0	3	0.035
LDA	148	145	55	52	277	0.2025
SDA-0.5	159	180	20	41	1537	0.165
SDA-1.0	157	180	20	43	1394	0.165
SDA-1.5	155	180	20	45	1451	0.1825
SDA-2.0	155	180	20	45	1636	0.1725
SDA-2.5	155	180	20	45	1478	0.1825
SDA-3.0	155	180	20	45	1516	0.1675
\TheName{}-0.5	166	107	93	34	1627	0.1675
\TheName{}-1.0	192	158	42	8	1614	0.1675
\TheName{}-1.5	176	172	28	24	1566	0.1775
\TheName{}-2.0	170	172	28	30	1751	0.18
\TheName{}-2.5	166	177	23	34	1685	0.1675
\TheName{}-3.0	164	176	24	36	1611	0.17
SVM	159	166	34	41	5	0.0025
LR	200	0	200	0	0	0.005
Ye-LDA	186	135	65	14	154	0.0025
DTree-10	89	177	23	111	4	0.0025
DTree-20	119	165	35	81	6	0.0025
RFC-50	102	184	16	98	10	0.005
RFC-100	98	182	18	102	22	0.015
NLSVM-0.1	200	11	189	0	4	0.055
NLSVM-1.0	199	43	157	1	3	0.0425
NLSVM-10	80	198	2	120	3	0.0475
LDA	125	161	39	75	292	0.1675
SDA-0.5	117	169	31	83	2321	0.18
SDA-1.0	117	168	32	83	2179	0.2225
SDA-1.5	117	168	32	83	2214	0.1725
SDA-2.0	117	168	32	83	2642	0.1775
SDA-2.5	117	168	32	83	2461	0.1725
SDA-3.0	117	168	32	83	2607	0.2
\TheName{}-0.5	160	140	60	40	2724	0.1875
\TheName{}-1.0	134	170	30	66	2602	0.175
\TheName{}-1.5	121	170	30	79	2553	0.18
\TheName{}-2.0	120	169	31	80	2340	0.1925
\TheName{}-2.5	120	168	32	80	1994	0.18
\TheName{}-3.0	120	168	32	80	2103	0.215
SVM	159	169	31	41	3	0.0225
LR	0	200	0	200	1	0.005
Ye-LDA	116	170	30	84	167	0.015
DTree-10	81	160	40	119	23	0.005
DTree-20	117	157	43	83	4	0.0075
RFC-50	118	164	36	82	24	0.0075
RFC-100	112	162	38	88	54	0.0275
NLSVM-0.1	200	24	176	0	4	0.0625
NLSVM-1.0	187	75	125	13	2	0.06
NLSVM-10	27	197	3	173	3	0.07
LDA	105	163	37	95	489	0.31
SDA-0.5	136	178	22	64	2326	0.1975
SDA-1.0	135	178	22	65	2271	0.18
SDA-1.5	134	179	21	66	2192	0.18
SDA-2.0	134	180	20	66	2372	0.175
SDA-2.5	134	180	20	66	1781	0.1725
SDA-3.0	134	180	20	66	1829	0.185
\TheName{}-0.5	145	119	81	55	1892	0.165
\TheName{}-1.0	172	170	30	28	3860	0.1825
\TheName{}-1.5	156	179	21	44	3430	0.1825
\TheName{}-2.0	150	178	22	50	2518	0.1875
\TheName{}-2.5	145	176	24	55	2486	0.1825
\TheName{}-3.0	142	177	23	58	2802	0.1725
SVM	143	166	34	57	6	0.005
LR	0	200	0	200	0	0.005
Ye-LDA	129	172	28	71	168	0.03
DTree-10	181	96	104	19	3	0.0175
DTree-20	111	182	18	89	5	0.02
RFC-50	91	178	22	109	25	0.0075
RFC-100	89	177	23	111	42	0.0175
NLSVM-0.1	199	24	176	1	4	0.09
NLSVM-1.0	192	63	137	8	3	0.1675
NLSVM-10	13	200	0	187	5	0.08
LDA	162	141	59	38	380	0.2975
SDA-0.5	87	175	25	113	2326	0.1875
SDA-1.0	86	175	25	114	1948	0.175
SDA-1.5	86	174	26	114	2426	0.19
SDA-2.0	86	173	27	114	2127	0.205
SDA-2.5	86	172	28	114	2501	0.18
SDA-3.0	86	172	28	114	2366	0.1825
\TheName{}-0.5	158	79	121	42	2672	0.25
\TheName{}-1.0	115	175	25	85	3363	0.215
\TheName{}-1.5	100	174	26	100	2894	0.1775
\TheName{}-2.0	96	175	25	104	2524	0.1875
\TheName{}-2.5	92	175	25	108	3003	0.19
\TheName{}-3.0	91	175	25	109	2233	0.1725
SVM	157	153	47	43	4	0.005
LR	0	200	0	200	0	0.005
Ye-LDA	91	157	43	109	173	0.0175
DTree-10	68	159	41	132	3	0.015
DTree-20	103	151	49	97	5	0.005
RFC-50	65	179	21	135	19	0.015
RFC-100	75	176	24	125	45	0.0275
NLSVM-0.1	2	200	0	198	6	0.085
NLSVM-1.0	182	65	135	18	3	0.065
NLSVM-10	19	200	0	181	5	0.06
LDA	152	121	79	48	831	0.3725
SDA-0.5	127	179	21	73	3315	0.1975
SDA-1.0	124	179	21	76	2820	0.1875
SDA-1.5	123	178	22	77	3086	0.19
SDA-2.0	123	178	22	77	2531	0.2225
SDA-2.5	123	178	22	77	3500	0.1725
SDA-3.0	123	178	22	77	3453	0.2025
\TheName{}-0.5	176	123	77	24	3481	0.2025
\TheName{}-1.0	166	173	27	34	3084	0.215
\TheName{}-1.5	142	176	24	58	3119	0.33
\TheName{}-2.0	132	177	23	68	2780	0.1825
\TheName{}-2.5	129	177	23	71	3540	0.205
\TheName{}-3.0	127	178	22	73	2766	0.1725
SVM	168	155	45	32	6	0.005
LR	200	0	200	0	1	0.0025
Ye-LDA	168	148	52	32	182	0.0075
DTree-10	70	176	24	130	13	0.005
DTree-20	106	167	33	94	6	0.035
RFC-50	88	184	16	112	11	0.0475
RFC-100	89	181	19	111	62	0.025
NLSVM-0.1	200	12	188	0	11	0.14
NLSVM-1.0	197	59	141	3	5	0.0725
NLSVM-10	15	200	0	185	10	0.1325
LDA	126	122	78	74	434	0.35
SDA-0.5	149	165	35	51	2409	0.1975
SDA-1.0	144	163	37	56	2666	0.1725
SDA-1.5	144	163	37	56	2010	0.17
SDA-2.0	144	163	37	56	1920	0.175
SDA-2.5	144	163	37	56	1782	0.175
SDA-3.0	144	162	38	56	1897	0.1775
\TheName{}-0.5	176	171	29	24	1993	0.175
\TheName{}-1.0	162	165	35	38	1963	0.1725
\TheName{}-1.5	155	165	35	45	2049	0.1775
\TheName{}-2.0	151	167	33	49	1993	0.195
\TheName{}-2.5	149	165	35	51	1901	0.1825
\TheName{}-3.0	148	165	35	52	1893	0.2125
SVM	169	170	30	31	6	0.02
LR	0	200	0	200	1	0.0025
Ye-LDA	137	170	30	63	233	0.035
DTree-10	87	173	27	113	59	0.1325
DTree-20	127	154	46	73	17	0.015
RFC-50	114	169	31	86	34	0.0225
RFC-100	108	167	33	92	67	0.0325
NLSVM-0.1	2	200	0	198	3	0.0625
NLSVM-1.0	195	74	126	5	2	0.08
NLSVM-10	200	0	200	0	13	0.0575
LDA	100	138	62	100	297	0.21
SDA-0.5	152	177	23	48	1974	0.1925
SDA-1.0	152	176	24	48	2368	0.1925
SDA-1.5	151	176	24	49	1913	0.205
SDA-2.0	151	176	24	49	2557	0.1675
SDA-2.5	151	176	24	49	2304	0.1675
SDA-3.0	151	176	24	49	2101	0.1725
\TheName{}-0.5	164	134	66	36	2450	0.17
\TheName{}-1.0	173	168	32	27	2550	0.175
\TheName{}-1.5	165	172	28	35	2571	0.17
\TheName{}-2.0	163	176	24	37	2511	0.1725
\TheName{}-2.5	157	175	25	43	2266	0.1925
\TheName{}-3.0	157	175	25	43	2448	0.19
SVM	168	163	37	32	7	0.005
LR	0	200	0	200	1	0.0025
Ye-LDA	146	175	25	54	175	0.005
DTree-10	83	180	20	117	4	0.005
DTree-20	119	166	34	81	27	0.015
RFC-50	93	180	20	107	13	0.01
RFC-100	96	175	25	104	60	0.0275
NLSVM-0.1	200	20	180	0	4	0.085
NLSVM-1.0	179	76	124	21	3	0.0675
NLSVM-10	19	200	0	181	3	0.0525
LDA	136	139	61	64	521	0.47
SDA-0.5	141	180	20	59	2087	0.1625
SDA-1.0	140	180	20	60	1756	0.195
SDA-1.5	140	180	20	60	2194	0.2075
SDA-2.0	140	180	20	60	2178	0.18
SDA-2.5	140	180	20	60	2350	0.25
SDA-3.0	140	180	20	60	2111	0.165
\TheName{}-0.5	141	127	73	59	2297	0.19
\TheName{}-1.0	162	180	20	38	2355	0.1675
\TheName{}-1.5	155	180	20	45	2014	0.21
\TheName{}-2.0	151	181	19	49	2405	0.22
\TheName{}-2.5	149	183	17	51	2293	0.1825
\TheName{}-3.0	149	181	19	51	3008	0.1625
SVM	164	171	29	36	5	0.005
LR	0	200	0	200	0	0.005
Ye-LDA	133	172	28	67	169	0.0075
DTree-10	103	163	37	97	3	0.005
DTree-20	112	165	35	88	5	0.005
RFC-50	93	189	11	107	23	0.0425
RFC-100	102	186	14	98	19	0.0275
NLSVM-0.1	4	200	0	196	10	0.0875
NLSVM-1.0	46	198	2	154	2	0.0475
NLSVM-10	200	4	196	0	3	0.0425
LDA	154	156	44	46	373	0.4375
SDA-0.5	161	168	32	39	2422	0.1825
SDA-1.0	155	168	32	45	2182	0.1725
SDA-1.5	153	168	32	47	2567	0.24
SDA-2.0	152	168	32	48	2280	0.165
SDA-2.5	152	169	31	48	2288	0.2
SDA-3.0	152	169	31	48	2281	0.165
\TheName{}-0.5	173	156	44	27	2016	0.1625
\TheName{}-1.0	163	169	31	37	1896	0.1825
\TheName{}-1.5	163	166	34	37	1761	0.195
\TheName{}-2.0	162	167	33	38	1759	0.175
\TheName{}-2.5	161	167	33	39	1787	0.17
\TheName{}-3.0	161	167	33	39	1879	0.1825
SVM	156	165	35	44	4	0.0025
LR	0	200	0	200	1	0.0025
Ye-LDA	133	168	32	67	190	0.02
DTree-10	82	171	29	118	4	0.0125
DTree-20	107	163	37	93	6	0.0125
RFC-50	85	174	26	115	18	0.0075
RFC-100	99	172	28	101	73	0.0375
NLSVM-0.1	199	14	186	1	4	0.165
NLSVM-1.0	5	196	4	195	3	0.04
NLSVM-10	16	196	4	184	3	0.045
LDA	141	151	49	59	338	0.27
SDA-0.5	160	169	31	40	1623	0.1625
SDA-1.0	155	167	33	45	1707	0.17
SDA-1.5	153	166	34	47	1798	0.1775
SDA-2.0	153	166	34	47	1560	0.1675
SDA-2.5	153	166	34	47	1776	0.1725
SDA-3.0	153	166	34	47	1723	0.1675
\TheName{}-0.5	183	160	40	17	1616	0.1625
\TheName{}-1.0	169	163	37	31	2485	0.195
\TheName{}-1.5	166	167	33	34	1894	0.175
\TheName{}-2.0	165	166	34	35	1929	0.1675
\TheName{}-2.5	164	166	34	36	1962	0.1675
\TheName{}-3.0	162	166	34	38	1734	0.35
SVM	171	147	53	29	5	0.0075
LR	0	200	0	200	0	0.025
Ye-LDA	153	165	35	47	167	0.025
DTree-10	93	171	29	107	2	0.0575
DTree-20	111	160	40	89	5	0.0125
RFC-50	111	160	40	89	21	0.0075
RFC-100	105	160	40	95	40	0.02
NLSVM-0.1	138	140	60	62	4	0.055
NLSVM-1.0	196	72	128	4	2	0.05
NLSVM-10	199	60	140	1	3	0.04
LDA	135	144	56	65	473	0.6025
SDA-0.5	108	172	28	92	1944	0.17
SDA-1.0	107	172	28	93	1437	0.1675
SDA-1.5	107	171	29	93	1733	0.1725
SDA-2.0	107	171	29	93	1658	0.18
SDA-2.5	108	171	29	92	1499	0.215
SDA-3.0	107	171	29	93	1853	0.1725
\TheName{}-0.5	136	99	101	64	1940	0.1675
\TheName{}-1.0	118	176	24	82	1741	0.2
\TheName{}-1.5	110	173	27	90	2096	0.18
\TheName{}-2.0	110	174	26	90	1707	0.1775
\TheName{}-2.5	110	173	27	90	1936	0.1725
\TheName{}-3.0	110	173	27	90	1742	0.165
SVM	176	160	40	24	4	0.005
LR	0	200	0	200	0	0.005
Ye-LDA	104	172	28	96	153	0.005
DTree-10	82	156	44	118	3	0.0025
DTree-20	113	153	47	87	6	0.005
RFC-50	80	161	39	120	17	0.0075
RFC-100	75	166	34	125	36	0.015
NLSVM-0.1	3	199	1	197	3	0.1025
NLSVM-1.0	200	50	150	0	3	0.0425
NLSVM-10	121	164	36	79	2	0.0375
LDA	128	160	40	72	296	0.2275
SDA-0.5	120	177	23	80	1611	0.1825
SDA-1.0	119	177	23	81	1704	0.165
SDA-1.5	119	177	23	81	1525	0.1825
SDA-2.0	118	177	23	82	1747	0.3375
SDA-2.5	118	177	23	82	1773	0.2225
SDA-3.0	118	177	23	82	1790	0.2125
\TheName{}-0.5	175	123	77	25	1952	0.165
\TheName{}-1.0	154	175	25	46	1816	0.1975
\TheName{}-1.5	139	178	22	61	1777	0.1675
\TheName{}-2.0	133	179	21	67	1711	0.1725
\TheName{}-2.5	128	180	20	72	1601	0.2
\TheName{}-3.0	126	177	23	74	1708	0.165
SVM	158	155	45	42	7	0.005
LR	0	200	0	200	0	0.005
Ye-LDA	142	176	24	58	162	0.005
DTree-10	79	172	28	121	3	0.005
DTree-20	124	151	49	76	5	0.005
RFC-50	90	179	21	110	6	0.0075
RFC-100	87	177	23	113	46	0.0175
NLSVM-0.1	1	200	0	199	4	0.06
NLSVM-1.0	5	199	1	195	3	0.045
NLSVM-10	19	200	0	181	3	0.0425
LDA	144	124	76	56	341	0.2625
SDA-0.5	126	180	20	74	1676	0.165
SDA-1.0	124	180	20	76	1561	0.1825
SDA-1.5	124	180	20	76	1725	0.1675
SDA-2.0	124	180	20	76	1543	0.1925
SDA-2.5	124	180	20	76	1706	0.2125
SDA-3.0	124	180	20	76	3043	0.17
\TheName{}-0.5	155	100	100	45	1973	0.1925
\TheName{}-1.0	171	177	23	29	1887	0.165
\TheName{}-1.5	152	182	18	48	1725	0.1675
\TheName{}-2.0	138	183	17	62	1911	0.2075
\TheName{}-2.5	136	181	19	64	1851	0.205
\TheName{}-3.0	132	181	19	68	1856	0.2075
SVM	167	163	37	33	4	0.005
LR	0	200	0	200	1	0.005
Ye-LDA	122	166	34	78	150	0.0125
DTree-10	65	183	17	135	4	0.005
DTree-20	99	175	25	101	5	0.005
RFC-50	79	185	15	121	19	0.0075
RFC-100	79	185	15	121	51	0.015
NLSVM-0.1	200	12	188	0	3	0.0525
NLSVM-1.0	200	47	153	0	3	0.0425
NLSVM-10	7	200	0	193	2	0.04
LDA	102	167	33	98	399	0.345
SDA-0.5	99	185	15	101	1636	0.16
SDA-1.0	98	185	15	102	1592	0.2075
SDA-1.5	99	185	15	101	1851	0.175
SDA-2.0	100	185	15	100	1628	0.1725
SDA-2.5	100	185	15	100	1692	0.185
SDA-3.0	100	185	15	100	1754	0.1825
\TheName{}-0.5	146	82	118	54	1703	0.1725
\TheName{}-1.0	130	190	10	70	1762	0.175
\TheName{}-1.5	110	187	13	90	1833	0.165
\TheName{}-2.0	106	186	14	94	1757	0.2075
\TheName{}-2.5	107	186	14	93	2812	0.2125
\TheName{}-3.0	107	185	15	93	2042	0.2675
SVM	148	170	30	52	4	0.0075
LR	0	200	0	200	0	0.015
Ye-LDA	129	187	13	71	218	0.0025
DTree-10	81	185	15	119	3	0.0025
DTree-20	104	180	20	96	5	0.0025
RFC-50	85	177	23	115	8	0.01
RFC-100	88	176	24	112	52	0.025
NLSVM-0.1	200	16	184	0	4	0.0725
NLSVM-1.0	2	200	0	198	3	0.055
NLSVM-10	122	183	17	78	6	0.06
LDA	165	154	46	35	399	0.35
SDA-0.5	168	171	29	32	1963	0.195
SDA-1.0	169	171	29	31	1619	0.17
SDA-1.5	170	170	30	30	1902	0.1875
SDA-2.0	170	170	30	30	2142	0.185
SDA-2.5	171	170	30	29	1892	0.225
SDA-3.0	171	170	30	29	1752	0.1725
\TheName{}-0.5	187	167	33	13	1719	0.1625
\TheName{}-1.0	177	171	29	23	1907	0.185
\TheName{}-1.5	175	173	27	25	1890	0.1975
\TheName{}-2.0	174	172	28	26	1668	0.1725
\TheName{}-2.5	173	173	27	27	1665	0.1675
\TheName{}-3.0	173	173	27	27	1702	0.175
SVM	185	161	39	15	3	0.005
LR	0	200	0	200	1	0.0025
Ye-LDA	155	164	36	45	161	0.0025
DTree-10	186	109	91	14	3	0.0025
DTree-20	169	125	75	31	5	0.005
RFC-50	86	186	14	114	18	0.01
RFC-100	76	186	14	124	40	0.0175
NLSVM-0.1	200	25	175	0	4	0.0525
NLSVM-1.0	179	150	50	21	3	0.04
NLSVM-10	50	199	1	150	3	0.04
LDA	129	155	45	71	276	0.1625
SDA-0.5	106	179	21	94	1420	0.165
SDA-1.0	106	178	22	94	1441	0.165
SDA-1.5	105	178	22	95	1578	0.1675
SDA-2.0	105	178	22	95	1578	0.18
SDA-2.5	104	178	22	96	1848	0.17
SDA-3.0	104	178	22	96	1381	0.1775
\TheName{}-0.5	133	81	119	67	1534	0.165
\TheName{}-1.0	144	179	21	56	1520	0.215
\TheName{}-1.5	119	178	22	81	1377	0.185
\TheName{}-2.0	111	178	22	89	1521	0.1725
\TheName{}-2.5	111	178	22	89	1594	0.17
\TheName{}-3.0	110	179	21	90	1431	0.1675
SVM	152	170	30	48	5	0.0025
LR	0	200	0	200	1	0.005
Ye-LDA	122	174	26	78	156	0.005
DTree-10	79	181	19	121	3	0.0025
DTree-20	116	161	39	84	5	0.005
RFC-50	87	186	14	113	17	0.0075
RFC-100	96	179	21	104	36	0.015
NLSVM-0.1	200	17	183	0	4	0.0525
NLSVM-1.0	169	59	141	31	3	0.04
NLSVM-10	84	192	8	116	2	0.04
LDA	169	150	50	31	267	0.165
SDA-0.5	159	165	35	41	1499	0.165
SDA-1.0	157	164	36	43	1516	0.165
SDA-1.5	157	162	38	43	1401	0.18
SDA-2.0	157	162	38	43	1525	0.2175
SDA-2.5	157	162	38	43	1627	0.1925
SDA-3.0	157	162	38	43	1398	0.2475
\TheName{}-0.5	176	166	34	24	1609	0.1675
\TheName{}-1.0	169	169	31	31	1607	0.1775
\TheName{}-1.5	162	168	32	38	1476	0.1675
\TheName{}-2.0	161	168	32	39	1562	0.175
\TheName{}-2.5	159	167	33	41	1596	0.17
\TheName{}-3.0	159	166	34	41	1530	0.1925
SVM	185	154	46	15	4	0.005
LR	0	200	0	200	1	0.005
Ye-LDA	123	169	31	77	154	0.005
DTree-10	62	175	25	138	3	0.0025
DTree-20	97	168	32	103	6	0.005
RFC-50	71	174	26	129	19	0.01
RFC-100	73	180	20	127	54	0.015
NLSVM-0.1	200	24	176	0	4	0.0575
NLSVM-1.0	87	160	40	113	2	0.0425
NLSVM-10	195	113	87	5	3	0.0425
LDA	110	154	46	90	290	0.2775
SDA-0.5	142	168	32	58	1568	0.17
SDA-1.0	139	168	32	61	1500	0.165
SDA-1.5	138	168	32	62	1621	0.1875
SDA-2.0	138	168	32	62	1618	0.1875
SDA-2.5	138	168	32	62	1481	0.1675
SDA-3.0	138	168	32	62	1451	0.165
\TheName{}-0.5	166	173	27	34	1675	0.165
\TheName{}-1.0	147	173	27	53	1533	0.1825
\TheName{}-1.5	143	172	28	57	1456	0.18
\TheName{}-2.0	142	168	32	58	1615	0.185
\TheName{}-2.5	142	168	32	58	1795	0.17
\TheName{}-3.0	142	168	32	58	1533	0.1725
SVM	175	167	33	25	5	0.0025
LR	0	200	0	200	0	0.0025
Ye-LDA	137	175	25	63	153	0.005
DTree-10	102	156	44	98	3	0.0025
DTree-20	104	163	37	96	4	0.0025
RFC-50	129	156	44	71	9	0.01
RFC-100	121	164	36	79	59	0.0275
NLSVM-0.1	79	182	18	121	4	0.0525
NLSVM-1.0	181	79	121	19	3	0.04
NLSVM-10	119	182	18	81	3	0.045
LDA	105	154	46	95	273	0.17
SDA-0.5	126	175	25	74	1571	0.22
SDA-1.0	123	173	27	77	1497	0.17
SDA-1.5	123	173	27	77	1454	0.1675
SDA-2.0	122	173	27	78	1391	0.1775
SDA-2.5	122	173	27	78	1630	0.18
SDA-3.0	122	173	27	78	1486	0.1825
\TheName{}-0.5	177	172	28	23	1571	0.1725
\TheName{}-1.0	147	179	21	53	1590	0.1625
\TheName{}-1.5	139	178	22	61	1521	0.18
\TheName{}-2.0	136	177	23	64	1524	0.2
\TheName{}-2.5	131	176	24	69	1506	0.1725
\TheName{}-3.0	130	176	24	70	1533	0.165
SVM	159	164	36	41	4	0.005
LR	0	200	0	200	1	0.0025
Ye-LDA	142	177	23	58	171	0.005
DTree-10	86	175	25	114	3	0.0025
DTree-20	111	152	48	89	6	0.0025
RFC-50	70	169	31	130	20	0.0075
RFC-100	75	166	34	125	40	0.025
NLSVM-0.1	56	189	11	144	4	0.055
NLSVM-1.0	111	158	42	89	3	0.0525
NLSVM-10	200	81	119	0	3	0.06
LDA	144	156	44	56	317	0.23
SDA-0.5	141	181	19	59	1453	0.1775
SDA-1.0	136	180	20	64	1564	0.1675
SDA-1.5	133	179	21	67	1589	0.19
SDA-2.0	133	179	21	67	1432	0.1675
SDA-2.5	133	179	21	67	1375	0.2
SDA-3.0	133	179	21	67	1416	0.1725
\TheName{}-0.5	169	141	59	31	1508	0.215
\TheName{}-1.0	160	180	20	40	1569	0.1825
\TheName{}-1.5	149	181	19	51	1535	0.1775
\TheName{}-2.0	141	181	19	59	1707	0.1625
\TheName{}-2.5	140	181	19	60	1540	0.175
\TheName{}-3.0	139	181	19	61	1612	0.1875
SVM	167	168	32	33	5	0.0025
LR	0	200	0	200	1	0.0025
Ye-LDA	126	176	24	74	183	0.005
DTree-10	83	178	22	117	2	0.005
DTree-20	105	164	36	95	5	0.0025
RFC-50	91	171	29	109	20	0.0075
RFC-100	91	167	33	109	35	0.015
NLSVM-0.1	200	11	189	0	4	0.0525
NLSVM-1.0	176	99	101	24	3	0.0425
NLSVM-10	155	178	22	45	2	0.04
LDA	124	149	51	76	295	0.17
SDA-0.5	161	173	27	39	1530	0.195
SDA-1.0	161	172	28	39	1706	0.165
SDA-1.5	161	171	29	39	1598	0.195
SDA-2.0	160	171	29	40	1581	0.185
SDA-2.5	161	171	29	39	1532	0.2225
SDA-3.0	161	171	29	39	1598	0.1825
\TheName{}-0.5	169	170	30	31	1634	0.1675
\TheName{}-1.0	165	174	26	35	1582	0.2025
\TheName{}-1.5	163	174	26	37	1707	0.165
\TheName{}-2.0	163	174	26	37	1561	0.165
\TheName{}-2.5	163	172	28	37	1502	0.17
\TheName{}-3.0	162	171	29	38	1478	0.18
SVM	147	151	49	53	4	0.0025
LR	0	200	0	200	1	0.0025
Ye-LDA	149	180	20	51	157	0.0025
DTree-10	54	186	14	146	3	0.005
DTree-20	92	181	19	108	4	0.0025
RFC-50	95	182	18	105	25	0.01
RFC-100	90	184	16	110	55	0.025
NLSVM-0.1	0	200	0	200	3	0.055
NLSVM-1.0	171	74	126	29	3	0.0425
NLSVM-10	12	200	0	188	2	0.0425
LDA	120	158	42	80	288	0.1975
SDA-0.5	125	175	25	75	1443	0.2075
SDA-1.0	125	175	25	75	1421	0.195
SDA-1.5	124	175	25	76	1452	0.205
SDA-2.0	124	175	25	76	1625	0.2075
SDA-2.5	124	175	25	76	1523	0.175
SDA-3.0	124	175	25	76	1503	0.1775
\TheName{}-0.5	187	125	75	13	1547	0.195
\TheName{}-1.0	159	167	33	41	2275	0.1875
\TheName{}-1.5	145	171	29	55	2233	0.1775
\TheName{}-2.0	136	173	27	64	1865	0.165
\TheName{}-2.5	131	174	26	69	2196	0.1775
\TheName{}-3.0	128	176	24	72	1941	0.165
SVM	159	166	34	41	5	0.005
LR	0	200	0	200	0	0.005
Ye-LDA	157	170	30	43	168	0.01
DTree-10	75	163	37	125	3	0.0075
DTree-20	115	150	50	85	18	0.005
RFC-50	94	172	28	106	21	0.0075
RFC-100	96	173	27	104	44	0.0175
NLSVM-0.1	200	16	184	0	4	0.055
NLSVM-1.0	171	103	97	29	3	0.0425
NLSVM-10	140	167	33	60	2	0.0425
LDA	144	155	45	56	488	0.1725
SDA-0.5	124	182	18	76	2796	0.195
SDA-1.0	124	182	18	76	2902	0.1825
SDA-1.5	123	182	18	77	2880	0.1775
SDA-2.0	123	182	18	77	2369	0.23
SDA-2.5	123	181	19	77	2392	0.195
SDA-3.0	122	181	19	78	2058	0.1675
\TheName{}-0.5	142	117	83	58	2382	0.21
\TheName{}-1.0	168	180	20	32	2556	0.165
\TheName{}-1.5	153	180	20	47	2472	0.165
\TheName{}-2.0	144	181	19	56	2202	0.1625
\TheName{}-2.5	141	180	20	59	2231	0.195
\TheName{}-3.0	137	182	18	63	2630	0.18
SVM	186	163	37	14	5	0.0075
LR	0	200	0	200	1	0.0175
Ye-LDA	132	177	23	68	162	0.0075
DTree-10	86	173	27	114	56	0.005
DTree-20	114	167	33	86	22	0.015
RFC-50	74	173	27	126	6	0.025
RFC-100	69	184	16	131	14	0.0175
NLSVM-0.1	199	18	182	1	4	0.0525
NLSVM-1.0	83	167	33	117	2	0.075
NLSVM-10	200	47	153	0	3	0.08
LDA	149	141	59	51	455	0.47
SDA-0.5	162	176	24	38	2187	0.165
SDA-1.0	160	174	26	40	2018	0.165
SDA-1.5	160	175	25	40	2007	0.205
SDA-2.0	160	175	25	40	2198	0.18
SDA-2.5	160	175	25	40	1874	0.18
SDA-3.0	160	175	25	40	2297	0.3525
\TheName{}-0.5	182	158	42	18	2492	0.17
\TheName{}-1.0	178	178	22	22	2380	0.195
\TheName{}-1.5	171	177	23	29	1966	0.17
\TheName{}-2.0	169	177	23	31	2177	0.19
\TheName{}-2.5	167	176	24	33	2562	0.2
\TheName{}-3.0	162	175	25	38	2482	0.185
SVM	182	169	31	18	5	0.0075
LR	0	200	0	200	1	0.005
Ye-LDA	140	162	38	60	168	0.025
DTree-10	79	171	29	121	13	0.0025
DTree-20	128	160	40	72	5	0.005
RFC-50	102	188	12	98	7	0.0125
RFC-100	96	189	11	104	60	0.05
NLSVM-0.1	200	16	184	0	4	0.0575
NLSVM-1.0	21	195	5	179	22	0.125
NLSVM-10	200	0	200	0	4	0.0525
LDA	101	133	67	99	369	0.2825
SDA-0.5	122	160	40	78	2011	0.22
SDA-1.0	118	159	41	82	2108	0.1875
SDA-1.5	118	159	41	82	2315	0.1625
SDA-2.0	118	159	41	82	2105	0.2025
SDA-2.5	118	159	41	82	2177	0.2
SDA-3.0	118	158	42	82	2336	0.1675
\TheName{}-0.5	159	161	39	41	2749	0.18
\TheName{}-1.0	135	158	42	65	2247	0.2025
\TheName{}-1.5	123	160	40	77	2452	0.175
\TheName{}-2.0	120	159	41	80	2913	0.2
\TheName{}-2.5	120	158	42	80	2242	0.175
\TheName{}-3.0	121	159	41	79	2607	0.24
SVM	152	152	48	48	7	0.0075
LR	0	200	0	200	0	0.005
Ye-LDA	132	154	46	68	207	0.035
DTree-10	90	143	57	110	45	0.005
DTree-20	99	145	55	101	67	0.005
RFC-50	81	175	25	119	24	0.0175
RFC-100	87	175	25	113	41	0.02
NLSVM-0.1	0	200	0	200	3	0.09
NLSVM-1.0	185	67	133	15	3	0.075
NLSVM-10	8	200	0	192	11	0.09
LDA	112	125	75	88	385	0.1925
SDA-0.5	117	173	27	83	2644	0.17
SDA-1.0	116	173	27	84	2025	0.1625
SDA-1.5	116	173	27	84	2183	0.165
SDA-2.0	115	173	27	85	2168	0.1875
SDA-2.5	115	173	27	85	1982	0.2225
SDA-3.0	115	173	27	85	2617	0.1775
\TheName{}-0.5	165	123	77	35	2731	0.2275
\TheName{}-1.0	136	175	25	64	2390	0.1675
\TheName{}-1.5	124	175	25	76	1925	0.175
\TheName{}-2.0	121	174	26	79	1935	0.165
\TheName{}-2.5	119	174	26	81	1507	0.175
\TheName{}-3.0	117	173	27	83	1551	0.165
SVM	164	137	63	36	4	0.005
LR	0	200	0	200	0	0.005
Ye-LDA	121	172	28	79	148	0.005
DTree-10	83	162	38	117	3	0.0025
DTree-20	99	151	49	101	5	0.0025
RFC-50	80	175	25	120	18	0.0075
RFC-100	82	174	26	118	36	0.015
NLSVM-0.1	200	14	186	0	3	0.0525
NLSVM-1.0	195	52	148	5	3	0.04
NLSVM-10	23	197	3	177	3	0.0375
LDA	133	155	45	67	330	0.1825
SDA-0.5	142	165	35	58	1502	0.1725
SDA-1.0	141	162	38	59	1358	0.165
SDA-1.5	141	162	38	59	1373	0.17
SDA-2.0	140	161	39	60	1429	0.1675
SDA-2.5	140	161	39	60	1349	0.165
SDA-3.0	140	161	39	60	1378	0.1775
\TheName{}-0.5	170	173	27	30	1465	0.165
\TheName{}-1.0	150	166	34	50	1520	0.1725
\TheName{}-1.5	148	166	34	52	1466	0.235
\TheName{}-2.0	144	164	36	56	1668	0.215
\TheName{}-2.5	144	164	36	56	1761	0.165
\TheName{}-3.0	144	164	36	56	1691	0.165
SVM	157	167	33	43	5	0.0025
LR	0	200	0	200	1	0.0025
Ye-LDA	149	167	33	51	156	0.005
DTree-10	91	176	24	109	3	0.0025
DTree-20	113	166	34	87	6	0.0025
RFC-50	96	166	34	104	18	0.01
RFC-100	94	173	27	106	35	0.0175
NLSVM-0.1	199	12	188	1	3	0.0525
NLSVM-1.0	185	84	116	15	3	0.0425
NLSVM-10	56	196	4	144	2	0.04
LDA	126	134	66	74	325	0.1775
SDA-0.5	112	182	18	88	1453	0.1875
SDA-1.0	112	181	19	88	1488	0.165
SDA-1.5	112	179	21	88	1728	0.17
SDA-2.0	112	179	21	88	1830	0.165
SDA-2.5	112	179	21	88	1475	0.1625
SDA-3.0	112	179	21	88	1895	0.1675
\TheName{}-0.5	151	120	80	49	2430	0.1825
\TheName{}-1.0	136	188	12	64	1826	0.1975
\TheName{}-1.5	124	186	14	76	1915	0.1675
\TheName{}-2.0	123	184	16	77	2222	0.2275
\TheName{}-2.5	122	183	17	78	1685	0.2225
\TheName{}-3.0	116	182	18	84	1805	0.1625
SVM	156	157	43	44	4	0.005
LR	0	200	0	200	1	0.0025
Ye-LDA	106	185	15	94	159	0.005
DTree-10	94	164	36	106	2	0.005
DTree-20	113	151	49	87	7	0.0025
RFC-50	85	180	20	115	19	0.0075
RFC-100	89	182	18	111	36	0.015
NLSVM-0.1	199	22	178	1	4	0.0525
NLSVM-1.0	157	97	103	43	3	0.0425
NLSVM-10	18	199	1	182	2	0.04
LDA	137	155	45	63	301	0.28
SDA-0.5	134	159	41	66	1589	0.1625
SDA-1.0	134	158	42	66	1611	0.165
SDA-1.5	132	158	42	68	1523	0.175
SDA-2.0	132	158	42	68	1604	0.165
SDA-2.5	132	158	42	68	1709	0.165
SDA-3.0	132	158	42	68	1640	0.18
\TheName{}-0.5	151	125	75	49	1726	0.1625
\TheName{}-1.0	160	161	39	40	1682	0.1775
\TheName{}-1.5	148	161	39	52	1690	0.165
\TheName{}-2.0	143	160	40	57	1825	0.18
\TheName{}-2.5	138	158	42	62	1753	0.195
\TheName{}-3.0	137	159	41	63	1740	0.1725
SVM	142	164	36	58	4	0.0075
LR	0	200	0	200	0	0.005
Ye-LDA	137	159	41	63	165	0.005
DTree-10	105	148	52	95	2	0.005
DTree-20	123	142	58	77	5	0.0025
RFC-50	98	167	33	102	18	0.0075
RFC-100	100	165	35	100	34	0.015
NLSVM-0.1	53	192	8	147	3	0.0525
NLSVM-1.0	174	83	117	26	3	0.0425
NLSVM-10	198	42	158	2	2	0.04
LDA	110	138	62	90	372	0.215
SDA-0.5	167	164	36	33	1489	0.1975
SDA-1.0	165	163	37	35	1528	0.1625
SDA-1.5	165	163	37	35	1839	0.1775
SDA-2.0	164	163	37	36	1447	0.18
SDA-2.5	164	163	37	36	1501	0.165
SDA-3.0	164	163	37	36	1519	0.1675
\TheName{}-0.5	179	161	39	21	1565	0.165
\TheName{}-1.0	174	170	30	26	1523	0.1625
\TheName{}-1.5	170	167	33	30	1834	0.18
\TheName{}-2.0	169	165	35	31	1552	0.1625
\TheName{}-2.5	168	165	35	32	1749	0.1625
\TheName{}-3.0	167	165	35	33	1611	0.1675
SVM	173	156	44	27	4	0.005
LR	200	0	200	0	1	0.0025
Ye-LDA	175	142	58	25	148	0.005
DTree-10	102	178	22	98	2	0.005
DTree-20	133	158	42	67	5	0.005
RFC-50	113	166	34	87	6	0.0075
RFC-100	110	165	35	90	41	0.0175
NLSVM-0.1	200	24	176	0	4	0.0525
NLSVM-1.0	196	67	133	4	3	0.04
NLSVM-10	200	0	200	0	3	0.0375
LDA	139	151	49	61	283	0.205
SDA-0.5	126	178	22	74	1490	0.1725
SDA-1.0	122	178	22	78	1422	0.1625
SDA-1.5	119	178	22	81	1475	0.1625
SDA-2.0	118	178	22	82	1501	0.1675
SDA-2.5	116	177	23	84	1478	0.175
SDA-3.0	116	177	23	84	1448	0.1625
\TheName{}-0.5	164	128	72	36	1596	0.17
\TheName{}-1.0	144	179	21	56	1508	0.165
\TheName{}-1.5	134	180	20	66	1574	0.1625
\TheName{}-2.0	130	181	19	70	1645	0.2325
\TheName{}-2.5	128	180	20	72	1725	0.1725
\TheName{}-3.0	126	180	20	74	1980	0.1675
SVM	146	177	23	54	3	0.005
LR	0	200	0	200	1	0.0025
Ye-LDA	135	179	21	65	161	0.01
DTree-10	95	182	18	105	3	0.005
DTree-20	121	174	26	79	8	0.005
RFC-50	99	172	28	101	31	0.0275
RFC-100	103	175	25	97	56	0.06
NLSVM-0.1	200	12	188	0	6	0.0725
NLSVM-1.0	177	55	145	23	3	0.07
NLSVM-10	200	10	190	0	2	0.045
LDA	125	154	46	75	279	0.1825
SDA-0.5	141	173	27	59	1903	0.1725
SDA-1.0	139	173	27	61	1760	0.1775
SDA-1.5	138	173	27	62	1834	0.1675
SDA-2.0	138	173	27	62	1812	0.165
SDA-2.5	138	173	27	62	1997	0.165
SDA-3.0	137	173	27	63	1585	0.165
\TheName{}-0.5	169	175	25	31	1456	0.18
\TheName{}-1.0	150	172	28	50	1579	0.165
\TheName{}-1.5	146	173	27	54	1606	0.1625
\TheName{}-2.0	142	173	27	58	1527	0.235
\TheName{}-2.5	141	173	27	59	1991	0.175
\TheName{}-3.0	140	173	27	60	1942	0.18
SVM	168	163	37	32	6	0.005
LR	0	200	0	200	1	0.005
Ye-LDA	152	179	21	48	162	0.0025
DTree-10	85	171	29	115	4	0.0025
DTree-20	105	163	37	95	8	0.0025
RFC-50	100	169	31	100	29	0.015
RFC-100	95	177	23	105	46	0.025
NLSVM-0.1	200	25	175	0	3	0.0575
NLSVM-1.0	174	76	124	26	3	0.05
NLSVM-10	41	197	3	159	3	0.085
LDA	151	146	54	49	301	0.3875
SDA-0.5	132	169	31	68	1840	0.205
SDA-1.0	130	168	32	70	2194	0.175
SDA-1.5	129	168	32	71	1859	0.185
SDA-2.0	129	168	32	71	2276	0.2375
SDA-2.5	129	168	32	71	2346	0.1875
SDA-3.0	129	168	32	71	2185	0.1725
\TheName{}-0.5	182	155	45	18	2568	0.1925
\TheName{}-1.0	157	174	26	43	2323	0.18
\TheName{}-1.5	149	171	29	51	1937	0.2
\TheName{}-2.0	146	170	30	54	1897	0.1625
\TheName{}-2.5	141	169	31	59	2456	0.19
\TheName{}-3.0	138	169	31	62	2110	0.205
SVM	156	171	29	44	3	0.005
LR	0	200	0	200	1	0.01
Ye-LDA	146	178	22	54	172	0.015
DTree-10	188	92	108	12	17	0.02
DTree-20	125	170	30	75	9	0.0075
RFC-50	91	175	25	109	30	0.0125
RFC-100	94	175	25	106	73	0.0775
NLSVM-0.1	200	21	179	0	4	0.1025
NLSVM-1.0	174	71	129	26	3	0.055
NLSVM-10	4	200	0	196	3	0.1175
LDA	120	119	81	80	460	0.295
SDA-0.5	163	143	57	37	1592	0.175
SDA-1.0	162	144	56	38	1678	0.1675
SDA-1.5	160	146	54	40	1708	0.185
SDA-2.0	160	146	54	40	1701	0.1675
SDA-2.5	160	146	54	40	1577	0.17
SDA-3.0	159	146	54	41	1848	0.2
\TheName{}-0.5	179	114	86	21	1752	0.17
\TheName{}-1.0	186	140	60	14	2249	0.17
\TheName{}-1.5	174	144	56	26	2316	0.1625
\TheName{}-2.0	171	144	56	29	1621	0.1875
\TheName{}-2.5	168	143	57	32	1942	0.1725
\TheName{}-3.0	167	144	56	33	1879	0.165
SVM	187	140	60	13	6	0.0025
LR	0	200	0	200	1	0.005
Ye-LDA	164	150	50	36	175	0.0175
DTree-10	76	160	40	124	13	0.0125
DTree-20	114	144	56	86	9	0.005
RFC-50	76	182	18	124	20	0.0075
RFC-100	70	187	13	130	43	0.02
NLSVM-0.1	200	22	178	0	4	0.0525
NLSVM-1.0	90	161	39	110	3	0.0425
NLSVM-10	30	199	1	170	3	0.045
LDA	149	131	69	51	387	0.2125
SDA-0.5	147	167	33	53	1819	0.1725
SDA-1.0	144	166	34	56	1498	0.1775
SDA-1.5	144	166	34	56	2405	0.165
SDA-2.0	144	166	34	56	1740	0.1675
SDA-2.5	144	165	35	56	1692	0.1675
SDA-3.0	144	164	36	56	2149	0.17
\TheName{}-0.5	139	122	78	61	2100	0.21
\TheName{}-1.0	174	179	21	26	3033	0.1725
\TheName{}-1.5	163	175	25	37	1902	0.1725
\TheName{}-2.0	156	172	28	44	2043	0.2175
\TheName{}-2.5	151	170	30	49	2268	0.2425
\TheName{}-3.0	152	170	30	48	2316	0.2125
SVM	161	169	31	39	5	0.01
LR	0	200	0	200	0	0.0075
Ye-LDA	157	176	24	43	180	0.015
DTree-10	47	182	18	153	2	0.0075
DTree-20	113	168	32	87	26	0.005
RFC-50	82	176	24	118	6	0.0075
RFC-100	94	175	25	106	42	0.0175
NLSVM-0.1	200	11	189	0	5	0.0575
NLSVM-1.0	158	103	97	42	12	0.0825
NLSVM-10	200	106	94	0	3	0.0525
LDA	117	148	52	83	387	0.225
SDA-0.5	101	184	16	99	1696	0.1675
SDA-1.0	101	183	17	99	1611	0.205
SDA-1.5	101	183	17	99	1864	0.165
SDA-2.0	101	183	17	99	2105	0.215
SDA-2.5	101	183	17	99	1785	0.19
SDA-3.0	101	183	17	99	1545	0.165
\TheName{}-0.5	130	71	129	70	1503	0.1675
\TheName{}-1.0	118	189	11	82	1590	0.165
\TheName{}-1.5	107	186	14	93	1581	0.17
\TheName{}-2.0	105	185	15	95	1583	0.1775
\TheName{}-2.5	103	185	15	97	1546	0.1625
\TheName{}-3.0	101	184	16	99	1610	0.1675
SVM	137	178	22	63	5	0.005
LR	0	200	0	200	0	0.0075
Ye-LDA	96	178	22	104	146	0.0075
DTree-10	47	187	13	153	2	0.005
DTree-20	96	171	29	104	4	0.005
RFC-50	89	177	23	111	19	0.0075
RFC-100	87	182	18	113	36	0.0175
NLSVM-0.1	200	22	178	0	3	0.0525
NLSVM-1.0	167	83	117	33	3	0.04
NLSVM-10	29	200	0	171	3	0.0375
LDA	127	158	42	73	309	0.19
SDA-0.5	104	181	19	96	1521	0.1775
SDA-1.0	101	180	20	99	1548	0.175
SDA-1.5	101	179	21	99	1467	0.1925
SDA-2.0	101	179	21	99	1513	0.17
SDA-2.5	101	179	21	99	1493	0.1675
SDA-3.0	100	179	21	100	1697	0.165
\TheName{}-0.5	162	117	83	38	2013	0.1825
\TheName{}-1.0	150	184	16	50	2256	0.1925
\TheName{}-1.5	122	181	19	78	2205	0.19
\TheName{}-2.0	118	179	21	82	1976	0.1725
\TheName{}-2.5	114	179	21	86	1750	0.25
\TheName{}-3.0	110	179	21	90	2245	0.1825
SVM	176	169	31	24	6	0.005
LR	200	0	200	0	0	0.0075
Ye-LDA	160	156	44	40	152	0.0075
DTree-10	65	180	20	135	2	0.005
DTree-20	115	170	30	85	5	0.0025
RFC-50	84	179	21	116	21	0.01
RFC-100	82	179	21	118	39	0.02
NLSVM-0.1	0	200	0	200	4	0.055
NLSVM-1.0	199	52	148	1	3	0.0425
NLSVM-10	17	199	1	183	2	0.04
LDA	107	150	50	93	301	0.245
SDA-0.5	180	162	38	20	2479	0.17
SDA-1.0	180	162	38	20	2774	0.2525
SDA-1.5	180	162	38	20	2213	0.18
SDA-2.0	180	161	39	20	2170	0.2175
SDA-2.5	180	161	39	20	1402	0.1675
SDA-3.0	180	161	39	20	1425	0.1625
\TheName{}-0.5	186	151	49	14	2087	0.1675
\TheName{}-1.0	182	156	44	18	1820	0.18
\TheName{}-1.5	180	159	41	20	1654	0.175
\TheName{}-2.0	180	159	41	20	1635	0.1925
\TheName{}-2.5	180	159	41	20	1857	0.1775
\TheName{}-3.0	181	159	41	19	2066	0.1825
SVM	171	161	39	29	6	0.005
LR	0	200	0	200	1	0.005
Ye-LDA	167	157	43	33	173	0.0075
DTree-10	74	179	21	126	3	0.005
DTree-20	114	150	50	86	5	0.005
RFC-50	81	170	30	119	7	0.0075
RFC-100	75	170	30	125	37	0.02
NLSVM-0.1	200	24	176	0	3	0.0625
NLSVM-1.0	200	53	147	0	4	0.0525
NLSVM-10	200	0	200	0	3	0.0525
LDA	142	124	76	58	451	0.24
SDA-0.5	157	179	21	43	1603	0.165
SDA-1.0	157	179	21	43	1567	0.18
SDA-1.5	157	178	22	43	1553	0.2525
SDA-2.0	156	178	22	44	1534	0.1775
SDA-2.5	156	178	22	44	1477	0.175
SDA-3.0	156	178	22	44	1529	0.2
\TheName{}-0.5	171	167	33	29	1680	0.1775
\TheName{}-1.0	169	179	21	31	1678	0.1975
\TheName{}-1.5	164	179	21	36	1718	0.185
\TheName{}-2.0	160	178	22	40	1561	0.18
\TheName{}-2.5	159	178	22	41	1713	0.205
\TheName{}-3.0	158	177	23	42	2286	0.18
SVM	149	168	32	51	4	0.005
LR	0	200	0	200	1	0.005
Ye-LDA	156	172	28	44	184	0.005
DTree-10	93	169	31	107	3	0.0025
DTree-20	121	162	38	79	15	0.005
RFC-50	91	183	17	109	20	0.01
RFC-100	97	175	25	103	41	0.035
NLSVM-0.1	199	12	188	1	4	0.0675
NLSVM-1.0	28	194	6	172	3	0.08
NLSVM-10	200	11	189	0	2	0.0675
LDA	128	134	66	72	369	0.2575
SDA-0.5	115	173	27	85	1544	0.1725
SDA-1.0	112	173	27	88	1549	0.17
SDA-1.5	111	174	26	89	1552	0.17
SDA-2.0	111	174	26	89	1534	0.175
SDA-2.5	110	174	26	90	1688	0.1625
SDA-3.0	108	174	26	92	1590	0.165
\TheName{}-0.5	168	108	92	32	1620	0.2125
\TheName{}-1.0	162	166	34	38	1757	0.17
\TheName{}-1.5	139	171	29	61	1672	0.195
\TheName{}-2.0	130	172	28	70	2047	0.18
\TheName{}-2.5	122	174	26	78	2065	0.1775
\TheName{}-3.0	119	174	26	81	1764	0.205
SVM	168	145	55	32	8	0.005
LR	0	200	0	200	1	0.0025
Ye-LDA	144	166	34	56	154	0.0075
DTree-10	71	154	46	129	3	0.005
DTree-20	106	145	55	94	4	0.005
RFC-50	84	172	28	116	21	0.01
RFC-100	86	173	27	114	43	0.025
NLSVM-0.1	200	18	182	0	3	0.0575
NLSVM-1.0	198	52	148	2	4	0.0575
NLSVM-10	69	188	12	131	2	0.065
LDA	117	143	57	83	403	0.25
SDA-0.5	146	176	24	54	1782	0.23
SDA-1.0	146	176	24	54	1705	0.165
SDA-1.5	146	175	25	54	1767	0.1925
SDA-2.0	146	174	26	54	2245	0.1825
SDA-2.5	146	173	27	54	2149	0.1675
SDA-3.0	146	173	27	54	1581	0.22
\TheName{}-0.5	166	178	22	34	1748	0.1675
\TheName{}-1.0	152	175	25	48	1643	0.18
\TheName{}-1.5	150	178	22	50	1598	0.17
\TheName{}-2.0	146	177	23	54	1624	0.1875
\TheName{}-2.5	145	176	24	55	1684	0.1775
\TheName{}-3.0	145	176	24	55	1667	0.1625
SVM	163	156	44	37	6	0.0025
LR	0	200	0	200	1	0.005
Ye-LDA	131	179	21	69	154	0.005
DTree-10	75	163	37	125	3	0.005
DTree-20	114	155	45	86	5	0.005
RFC-50	87	181	19	113	22	0.01
RFC-100	98	176	24	102	43	0.0225
NLSVM-0.1	200	23	177	0	3	0.0525
NLSVM-1.0	196	52	148	4	3	0.0525
NLSVM-10	200	0	200	0	3	0.125
LDA	130	146	54	70	333	0.2225
SDA-0.5	131	190	10	69	1471	0.175
SDA-1.0	129	190	10	71	1939	0.1925
SDA-1.5	128	189	11	72	1822	0.21
SDA-2.0	128	189	11	72	2053	0.175
SDA-2.5	128	189	11	72	1935	0.195
SDA-3.0	128	189	11	72	1873	0.1825
\TheName{}-0.5	172	151	49	28	2087	0.19
\TheName{}-1.0	150	187	13	50	2893	0.24
\TheName{}-1.5	138	188	12	62	1823	0.18
\TheName{}-2.0	133	190	10	67	1570	0.165
\TheName{}-2.5	133	190	10	67	1888	0.1975
\TheName{}-3.0	133	190	10	67	1670	0.1675
SVM	160	170	30	40	5	0.0025
LR	0	200	0	200	1	0.0025
Ye-LDA	134	188	12	66	160	0.005
DTree-10	94	189	11	106	4	0.005
DTree-20	119	170	30	81	5	0.005
RFC-50	86	192	8	114	19	0.0075
RFC-100	94	191	9	106	38	0.0125
NLSVM-0.1	200	26	174	0	4	0.0575
NLSVM-1.0	173	83	117	27	3	0.045
NLSVM-10	198	106	94	2	3	0.0425
LDA	112	134	66	88	458	0.2275
SDA-0.5	176	171	29	24	1763	0.1675
SDA-1.0	175	170	30	25	1584	0.1725
SDA-1.5	174	170	30	26	1434	0.1675
SDA-2.0	174	170	30	26	1677	0.17
SDA-2.5	174	170	30	26	1732	0.24
SDA-3.0	174	170	30	26	1764	0.17
\TheName{}-0.5	182	175	25	18	1672	0.165
\TheName{}-1.0	178	174	26	22	1639	0.18
\TheName{}-1.5	175	173	27	25	1512	0.165
\TheName{}-2.0	176	172	28	24	1717	0.1775
\TheName{}-2.5	174	171	29	26	1554	0.1625
\TheName{}-3.0	174	171	29	26	1581	0.165
SVM	171	149	51	29	8	0.005
LR	0	200	0	200	0	0.005
Ye-LDA	159	174	26	41	153	0.0075
DTree-10	68	182	18	132	2	0.005
DTree-20	100	179	21	100	5	0.005
RFC-50	103	173	27	97	18	0.0075
RFC-100	104	175	25	96	36	0.02
NLSVM-0.1	198	18	182	2	3	0.0525
NLSVM-1.0	198	77	123	2	3	0.04
NLSVM-10	199	99	101	1	3	0.04
LDA	168	144	56	32	314	0.31
SDA-0.5	123	172	28	77	1583	0.1675
SDA-1.0	122	172	28	78	1368	0.1725
SDA-1.5	123	172	28	77	1501	0.165
SDA-2.0	122	172	28	78	1523	0.1675
SDA-2.5	122	172	28	78	1497	0.1725
SDA-3.0	122	172	28	78	1510	0.1775
\TheName{}-0.5	187	149	51	13	1787	0.17
\TheName{}-1.0	135	173	27	65	1568	0.1875
\TheName{}-1.5	128	170	30	72	1684	0.17
\TheName{}-2.0	127	171	29	73	1650	0.1775
\TheName{}-2.5	126	171	29	74	1510	0.1625
\TheName{}-3.0	126	171	29	74	1808	0.1775
SVM	172	157	43	28	5	0.0025
LR	0	200	0	200	1	0.005
Ye-LDA	149	167	33	51	177	0.02
DTree-10	75	176	24	125	9	0.0225
DTree-20	95	159	41	105	6	0.01
RFC-50	79	185	15	121	36	0.01
RFC-100	86	177	23	114	17	0.07
NLSVM-0.1	4	199	1	196	6	0.1925
NLSVM-1.0	43	182	18	157	4	0.0525
NLSVM-10	32	199	1	168	3	0.0525
LDA	136	148	52	64	277	0.2075
SDA-0.5	107	175	25	93	1557	0.1625
SDA-1.0	107	174	26	93	1631	0.165
SDA-1.5	107	173	27	93	1572	0.165
SDA-2.0	106	173	27	94	2107	0.1775
SDA-2.5	106	173	27	94	2517	0.1825
SDA-3.0	106	173	27	94	1905	0.185
\TheName{}-0.5	135	93	107	65	1787	0.165
\TheName{}-1.0	133	175	25	67	1766	0.165
\TheName{}-1.5	122	177	23	78	1553	0.225
\TheName{}-2.0	113	176	24	87	1758	0.1775
\TheName{}-2.5	111	176	24	89	1843	0.175
\TheName{}-3.0	111	176	24	89	1673	0.1725
SVM	148	167	33	52	6	0.0075
LR	0	200	0	200	0	0.005
Ye-LDA	119	172	28	81	177	0.03
DTree-10	56	171	29	144	2	0.0175
DTree-20	117	157	43	83	6	0.0025
RFC-50	93	160	40	107	31	0.0075
RFC-100	99	155	45	101	35	0.015
NLSVM-0.1	200	27	173	0	4	0.0625
NLSVM-1.0	158	86	114	42	2	0.0425
NLSVM-10	18	198	2	182	3	0.0525
LDA	151	129	71	49	347	0.385
SDA-0.5	136	183	17	64	1559	0.165
SDA-1.0	133	183	17	67	1610	0.1725
SDA-1.5	133	182	18	67	1575	0.1775
SDA-2.0	131	182	18	69	1730	0.1725
SDA-2.5	130	182	18	70	1681	0.17
SDA-3.0	130	182	18	70	1651	0.1625
\TheName{}-0.5	171	154	46	29	1863	0.1725
\TheName{}-1.0	163	182	18	37	1703	0.18
\TheName{}-1.5	153	182	18	47	2002	0.1725
\TheName{}-2.0	149	183	17	51	1773	0.2175
\TheName{}-2.5	143	183	17	57	1707	0.175
\TheName{}-3.0	138	183	17	62	1722	0.1875
SVM	177	164	36	23	4	0.0075
LR	0	200	0	200	0	0.005
Ye-LDA	138	179	21	62	171	0.0125
DTree-10	70	184	16	130	4	0.0125
DTree-20	103	170	30	97	17	0.0175
RFC-50	101	181	19	99	32	0.015
RFC-100	101	179	21	99	42	0.025
NLSVM-0.1	200	22	178	0	3	0.055
NLSVM-1.0	178	134	66	22	3	0.07
NLSVM-10	10	199	1	190	2	0.0575
LDA	147	147	53	53	285	0.2125
SDA-0.5	148	156	44	52	1622	0.1725
SDA-1.0	148	156	44	52	1627	0.17
SDA-1.5	148	156	44	52	1600	0.165
SDA-2.0	148	156	44	52	1556	0.165
SDA-2.5	148	156	44	52	1763	0.2675
SDA-3.0	148	156	44	52	1507	0.1875
\TheName{}-0.5	162	171	29	38	1668	0.185
\TheName{}-1.0	152	159	41	48	1972	0.1725
\TheName{}-1.5	149	159	41	51	1553	0.1875
\TheName{}-2.0	149	159	41	51	1859	0.1825
\TheName{}-2.5	149	157	43	51	1685	0.1675
\TheName{}-3.0	148	156	44	52	1824	0.165
SVM	169	166	34	31	5	0.0025
LR	0	200	0	200	1	0.0025
Ye-LDA	141	163	37	59	156	0.0025
DTree-10	100	146	54	100	21	0.0025
DTree-20	118	141	59	82	25	0.005
RFC-50	91	168	32	109	18	0.01
RFC-100	84	169	31	116	35	0.0175
NLSVM-0.1	1	200	0	199	3	0.0625
NLSVM-1.0	167	89	111	33	2	0.0425
NLSVM-10	89	185	15	111	3	0.0425
LDA	118	134	66	82	289	0.1925
SDA-0.5	135	180	20	65	1603	0.1725
SDA-1.0	134	180	20	66	1601	0.18
SDA-1.5	134	180	20	66	1563	0.1675
SDA-2.0	134	180	20	66	1711	0.1725
SDA-2.5	134	180	20	66	1834	0.165
SDA-3.0	134	180	20	66	1487	0.17
\TheName{}-0.5	160	159	41	40	1601	0.1925
\TheName{}-1.0	150	183	17	50	1989	0.17
\TheName{}-1.5	141	183	17	59	1884	0.1675
\TheName{}-2.0	142	183	17	58	1702	0.2225
\TheName{}-2.5	142	182	18	58	1753	0.1775
\TheName{}-3.0	138	182	18	62	1684	0.1775
SVM	144	173	27	56	7	0.005
LR	0	200	0	200	1	0.005
Ye-LDA	129	175	25	71	236	0.005
DTree-10	73	182	18	127	4	0.0025
DTree-20	107	166	34	93	6	0.0025
RFC-50	106	179	21	94	22	0.01
RFC-100	102	182	18	98	41	0.02
NLSVM-0.1	4	200	0	196	4	0.055
NLSVM-1.0	171	73	127	29	3	0.0425
NLSVM-10	10	200	0	190	2	0.0425
LDA	163	142	58	37	292	0.2675
SDA-0.5	120	184	16	80	1761	0.1675
SDA-1.0	117	183	17	83	1664	0.2475
SDA-1.5	117	183	17	83	1752	0.185
SDA-2.0	117	183	17	83	1581	0.17
SDA-2.5	117	183	17	83	1935	0.275
SDA-3.0	117	183	17	83	1671	0.175
\TheName{}-0.5	153	94	106	47	1745	0.17
\TheName{}-1.0	156	186	14	44	1680	0.18
\TheName{}-1.5	137	187	13	63	1711	0.17
\TheName{}-2.0	130	186	14	70	1711	0.1625
\TheName{}-2.5	126	185	15	74	1769	0.1825
\TheName{}-3.0	124	183	17	76	1886	0.175
SVM	167	165	35	33	5	0.005
LR	0	200	0	200	1	0.005
Ye-LDA	125	178	22	75	153	0.005
DTree-10	58	187	13	142	3	0.005
DTree-20	101	172	28	99	11	0.0075
RFC-50	64	192	8	136	19	0.0075
RFC-100	72	189	11	128	13	0.0175
NLSVM-0.1	200	24	176	0	3	0.0575
NLSVM-1.0	199	87	113	1	3	0.045
NLSVM-10	160	173	27	40	2	0.0425
LDA	144	148	52	56	419	0.3125
SDA-0.5	121	168	32	79	1576	0.175
SDA-1.0	120	167	33	80	1633	0.1725
SDA-1.5	119	167	33	81	1810	0.1675
SDA-2.0	119	167	33	81	1867	0.175
SDA-2.5	119	167	33	81	1712	0.17
SDA-3.0	119	167	33	81	1736	0.185
\TheName{}-0.5	187	142	58	13	1930	0.185
\TheName{}-1.0	148	173	27	52	1775	0.1675
\TheName{}-1.5	132	172	28	68	1636	0.17
\TheName{}-2.0	127	171	29	73	1763	0.1675
\TheName{}-2.5	122	169	31	78	1735	0.175
\TheName{}-3.0	122	169	31	78	1668	0.18
SVM	182	160	40	18	4	0.005
LR	0	200	0	200	0	0.005
Ye-LDA	170	169	31	30	151	0.0075
DTree-10	65	181	19	135	3	0.005
DTree-20	132	156	44	68	9	0.005
RFC-50	92	168	32	108	12	0.0075
RFC-100	88	175	25	112	24	0.0225
NLSVM-0.1	200	31	169	0	4	0.135
NLSVM-1.0	198	53	147	2	3	0.0625
NLSVM-10	20	200	0	180	3	0.0725
LDA	130	141	59	70	308	0.35
SDA-0.5	109	185	15	91	1836	0.1725
SDA-1.0	109	185	15	91	1649	0.19
SDA-1.5	109	185	15	91	1848	0.185
SDA-2.0	109	185	15	91	1991	0.1825
SDA-2.5	109	185	15	91	1563	0.17
SDA-3.0	109	185	15	91	1709	0.1975
\TheName{}-0.5	126	155	45	74	1830	0.165
\TheName{}-1.0	116	187	13	84	1718	0.1625
\TheName{}-1.5	114	186	14	86	2206	0.1875
\TheName{}-2.0	113	186	14	87	1945	0.1925
\TheName{}-2.5	111	186	14	89	2155	0.17
\TheName{}-3.0	111	185	15	89	1718	0.1675
SVM	169	155	45	31	5	0.005
LR	200	0	200	0	0	0.005
Ye-LDA	115	183	17	85	156	0.0075
DTree-10	77	184	16	123	3	0.0025
DTree-20	110	149	51	90	5	0.005
RFC-50	77	180	20	123	22	0.0175
RFC-100	74	177	23	126	41	0.0225
NLSVM-0.1	0	200	0	200	4	0.055
NLSVM-1.0	196	47	153	4	3	0.04
NLSVM-10	43	195	5	157	3	0.0425
LDA	125	152	48	75	283	0.2025
SDA-0.5	154	184	16	46	1903	0.18
SDA-1.0	154	184	16	46	1695	0.1875
SDA-1.5	153	183	17	47	1957	0.185
SDA-2.0	152	182	18	48	1632	0.1675
SDA-2.5	152	182	18	48	1716	0.165
SDA-3.0	150	183	17	50	1555	0.19
\TheName{}-0.5	167	182	18	33	1941	0.1875
\TheName{}-1.0	157	181	19	43	1652	0.22
\TheName{}-1.5	156	183	17	44	1746	0.1675
\TheName{}-2.0	155	183	17	45	1787	0.1675
\TheName{}-2.5	154	183	17	46	1546	0.1675
\TheName{}-3.0	154	183	17	46	1599	0.1825
SVM	160	173	27	40	5	0.005
LR	0	200	0	200	1	0.005
Ye-LDA	138	188	12	62	168	0.005
DTree-10	117	143	57	83	3	0.005
DTree-20	100	172	28	100	5	0.0025
RFC-50	80	185	15	120	20	0.0125
RFC-100	93	181	19	107	42	0.0225
NLSVM-0.1	200	13	187	0	4	0.06
NLSVM-1.0	18	199	1	182	4	0.0925
NLSVM-10	59	199	1	141	3	0.06
