LDA	142	162	38	58	254	0.1625
SDA-0.5	116	177	23	84	1243	0.1725
SDA-1.0	115	176	24	85	1296	0.1625
SDA-1.5	115	176	24	85	1276	0.175
SDA-2.0	115	176	24	85	1249	0.1625
SDA-2.5	114	176	24	86	1277	0.17
SDA-3.0	114	176	24	86	1276	0.165
\TheName{}-0.5	145	77	123	55	1374	0.1675
\TheName{}-1.0	154	174	26	46	1358	0.17
\TheName{}-1.5	128	176	24	72	1330	0.1675
\TheName{}-2.0	119	175	25	81	1357	0.1825
\TheName{}-2.5	116	176	24	84	1375	0.165
\TheName{}-3.0	117	177	23	83	1369	0.1825
SVM	141	162	38	59	3	0.005
LR	0	200	0	200	0	0.005
Ye-LDA	157	166	34	43	132	0.005
DTree-10	62	178	22	138	3	0.0025
DTree-20	107	171	29	93	5	0.0025
RFC-50	75	183	17	125	17	0.0075
RFC-100	73	185	15	127	35	0.0175
NLSVM-0.1	200	17	183	0	2	0.04
NLSVM-1.0	198	45	155	2	2	0.03
NLSVM-10	47	195	5	153	2	0.03
LDA	111	149	51	89	254	0.17
SDA-0.5	158	176	24	42	1323	0.185
SDA-1.0	159	176	24	41	1294	0.1625
SDA-1.5	158	176	24	42	1313	0.1825
SDA-2.0	158	176	24	42	1292	0.1675
SDA-2.5	158	176	24	42	1324	0.1675
SDA-3.0	158	176	24	42	1297	0.1675
\TheName{}-0.5	172	177	23	28	1404	0.17
\TheName{}-1.0	160	178	22	40	1385	0.165
\TheName{}-1.5	159	178	22	41	1501	0.1775
\TheName{}-2.0	159	178	22	41	1389	0.1675
\TheName{}-2.5	159	178	22	41	1383	0.195
\TheName{}-3.0	159	177	23	41	1395	0.1625
SVM	185	149	51	15	2	0.005
LR	0	200	0	200	0	0.005
Ye-LDA	137	171	29	63	135	0.0025
DTree-10	83	170	30	117	2	0.0025
DTree-20	112	159	41	88	4	0.005
RFC-50	96	177	23	104	5	0.01
RFC-100	98	178	22	102	36	0.02
NLSVM-0.1	200	17	183	0	2	0.0425
NLSVM-1.0	198	56	144	2	2	0.0325
NLSVM-10	200	21	179	0	2	0.03
LDA	133	135	65	67	271	0.1625
SDA-0.5	106	176	24	94	1270	0.165
SDA-1.0	105	176	24	95	1264	0.17
SDA-1.5	104	176	24	96	1248	0.1725
SDA-2.0	104	176	24	96	1248	0.1625
SDA-2.5	104	176	24	96	1385	0.1625
SDA-3.0	104	176	24	96	1341	0.18
\TheName{}-0.5	133	109	91	67	1501	0.175
\TheName{}-1.0	131	179	21	69	1317	0.175
\TheName{}-1.5	117	178	22	83	1354	0.1625
\TheName{}-2.0	113	177	23	87	1305	0.175
\TheName{}-2.5	110	177	23	90	1305	0.1625
\TheName{}-3.0	110	177	23	90	1288	0.165
SVM	152	151	49	48	3	0.005
LR	200	0	200	0	0	0.005
Ye-LDA	149	170	30	51	129	0.005
DTree-10	96	176	24	104	3	0.005
DTree-20	113	154	46	87	5	0.0025
RFC-50	78	163	37	122	6	0.0075
RFC-100	79	164	36	121	35	0.0175
NLSVM-0.1	199	12	188	1	2	0.04
NLSVM-1.0	178	66	134	22	1	0.0325
NLSVM-10	196	102	98	4	1	0.03
LDA	131	133	67	69	246	0.1675
SDA-0.5	97	183	17	103	1308	0.165
SDA-1.0	97	183	17	103	1370	0.1725
SDA-1.5	97	183	17	103	1284	0.1625
SDA-2.0	97	183	17	103	1254	0.17
SDA-2.5	97	183	17	103	1246	0.175
SDA-3.0	97	183	17	103	1252	0.1625
\TheName{}-0.5	125	46	154	75	1323	0.18
\TheName{}-1.0	175	150	50	25	1349	0.1775
\TheName{}-1.5	111	187	13	89	1441	0.175
\TheName{}-2.0	107	183	17	93	1332	0.1725
\TheName{}-2.5	102	183	17	98	1299	0.165
\TheName{}-3.0	102	183	17	98	1287	0.1875
SVM	132	175	25	68	3	0.005
LR	0	200	0	200	1	0.005
Ye-LDA	99	172	28	101	128	0.005
DTree-10	93	157	43	107	2	0.005
DTree-20	109	152	48	91	5	0.0025
RFC-50	83	178	22	117	17	0.0075
RFC-100	85	174	26	115	33	0.0175
NLSVM-0.1	0	200	0	200	2	0.0425
NLSVM-1.0	155	75	125	45	2	0.03
NLSVM-10	91	187	13	109	2	0.03
LDA	102	145	55	98	251	0.16
SDA-0.5	117	175	25	83	1229	0.175
SDA-1.0	117	174	26	83	1203	0.1675
SDA-1.5	118	174	26	82	1270	0.17
SDA-2.0	118	174	26	82	1275	0.1775
SDA-2.5	118	174	26	82	1277	0.165
SDA-3.0	118	174	26	82	1265	0.165
\TheName{}-0.5	175	149	51	25	1345	0.1825
\TheName{}-1.0	142	180	20	58	1312	0.1625
\TheName{}-1.5	134	176	24	66	1352	0.1725
\TheName{}-2.0	126	176	24	74	1330	0.1625
\TheName{}-2.5	121	177	23	79	1297	0.1725
\TheName{}-3.0	119	177	23	81	1334	0.165
SVM	141	164	36	59	3	0.0025
LR	200	0	200	0	1	0.0025
Ye-LDA	150	166	34	50	131	0.0025
DTree-10	60	177	23	140	2	0.005
DTree-20	111	154	46	89	4	0.0025
RFC-50	72	186	14	128	19	0.01
RFC-100	67	186	14	133	37	0.0175
NLSVM-0.1	200	14	186	0	2	0.0425
NLSVM-1.0	10	199	1	190	1	0.0325
NLSVM-10	53	198	2	147	1	0.03
LDA	170	116	84	30	255	0.1675
SDA-0.5	118	179	21	82	1275	0.165
SDA-1.0	117	179	21	83	1266	0.16
SDA-1.5	117	179	21	83	1247	0.1825
SDA-2.0	117	179	21	83	1241	0.1675
SDA-2.5	117	179	21	83	1243	0.165
SDA-3.0	117	178	22	83	1289	0.175
\TheName{}-0.5	171	91	109	29	1340	0.165
\TheName{}-1.0	184	162	38	16	1363	0.165
\TheName{}-1.5	154	174	26	46	1335	0.165
\TheName{}-2.0	138	177	23	62	1318	0.1675
\TheName{}-2.5	132	178	22	68	1322	0.17
\TheName{}-3.0	129	178	22	71	1302	0.1675
SVM	178	147	53	22	2	0.005
LR	0	200	0	200	0	0.005
Ye-LDA	117	173	27	83	137	0.0025
DTree-10	50	186	14	150	3	0.0025
DTree-20	98	165	35	102	5	0.005
RFC-50	68	190	10	132	7	0.0075
RFC-100	59	195	5	141	36	0.0175
NLSVM-0.1	139	121	79	61	2	0.04
NLSVM-1.0	82	156	44	118	2	0.0325
NLSVM-10	5	200	0	195	1	0.0325
LDA	185	132	68	15	253	0.1625
SDA-0.5	162	176	24	38	1279	0.1625
SDA-1.0	162	177	23	38	1239	0.1675
SDA-1.5	161	176	24	39	1275	0.1725
SDA-2.0	161	176	24	39	1264	0.16
SDA-2.5	161	176	24	39	1279	0.17
SDA-3.0	161	176	24	39	1278	0.1625
\TheName{}-0.5	188	140	60	12	1366	0.165
\TheName{}-1.0	178	168	32	22	1374	0.1825
\TheName{}-1.5	172	172	28	28	1440	0.1625
\TheName{}-2.0	169	174	26	31	1452	0.1825
\TheName{}-2.5	166	174	26	34	1462	0.1675
\TheName{}-3.0	165	173	27	35	1438	0.17
SVM	184	146	54	16	2	0.005
LR	0	200	0	200	0	0.005
Ye-LDA	138	174	26	62	130	0.0025
DTree-10	71	184	16	129	3	0.0025
DTree-20	104	176	24	96	5	0.005
RFC-50	92	178	22	108	6	0.01
RFC-100	84	184	16	116	37	0.0175
NLSVM-0.1	144	101	99	56	2	0.0425
NLSVM-1.0	54	152	48	146	1	0.0325
NLSVM-10	200	60	140	0	2	0.03
LDA	181	135	65	19	263	0.1625
SDA-0.5	189	144	56	11	1289	0.165
SDA-1.0	189	144	56	11	1267	0.175
SDA-1.5	189	144	56	11	1222	0.1675
SDA-2.0	189	144	56	11	1216	0.17
SDA-2.5	189	144	56	11	1272	0.175
SDA-3.0	189	144	56	11	1236	0.1625
\TheName{}-0.5	193	137	63	7	1392	0.1775
\TheName{}-1.0	191	139	61	9	1297	0.165
\TheName{}-1.5	190	140	60	10	1291	0.165
\TheName{}-2.0	190	140	60	10	1281	0.17
\TheName{}-2.5	189	143	57	11	1332	0.165
\TheName{}-3.0	189	143	57	11	1415	0.1725
SVM	188	144	56	12	3	0.005
LR	0	200	0	200	0	0.005
Ye-LDA	183	135	65	17	131	0.005
DTree-10	91	154	46	109	3	0.005
DTree-20	120	138	62	80	5	0.0025
RFC-50	115	157	43	85	7	0.01
RFC-100	101	179	21	99	36	0.0175
NLSVM-0.1	200	9	191	0	2	0.04
NLSVM-1.0	195	68	132	5	2	0.03
NLSVM-10	0	200	0	200	2	0.03
LDA	131	154	46	69	252	0.165
SDA-0.5	156	172	28	44	1344	0.1625
SDA-1.0	154	172	28	46	1277	0.1775
SDA-1.5	154	171	29	46	1283	0.1725
SDA-2.0	154	171	29	46	1525	0.175
SDA-2.5	154	171	29	46	1488	0.18
SDA-3.0	154	171	29	46	1362	0.165
\TheName{}-0.5	171	165	35	29	1408	0.1725
\TheName{}-1.0	158	169	31	42	1460	0.18
\TheName{}-1.5	157	169	31	43	1487	0.165
\TheName{}-2.0	157	169	31	43	1482	0.165
\TheName{}-2.5	156	169	31	44	1544	0.175
\TheName{}-3.0	156	169	31	44	1407	0.215
SVM	163	160	40	37	2	0.005
LR	0	200	0	200	1	0.005
Ye-LDA	157	160	40	43	134	0.0075
DTree-10	97	155	45	103	2	0.005
DTree-20	114	150	50	86	3	0.005
RFC-50	77	176	24	123	18	0.01
RFC-100	81	168	32	119	35	0.015
NLSVM-0.1	200	12	188	0	2	0.04
NLSVM-1.0	2	200	0	198	2	0.03
NLSVM-10	0	200	0	200	2	0.0325
LDA	169	146	54	31	278	0.17
SDA-0.5	159	172	28	41	1301	0.195
SDA-1.0	154	172	28	46	1379	0.1675
SDA-1.5	154	172	28	46	1355	0.1775
SDA-2.0	154	172	28	46	1412	0.1775
SDA-2.5	154	172	28	46	1403	0.1675
SDA-3.0	154	172	28	46	1373	0.1675
\TheName{}-0.5	182	138	62	18	1383	0.185
\TheName{}-1.0	187	160	40	13	1487	0.175
\TheName{}-1.5	178	164	36	22	1443	0.1775
\TheName{}-2.0	172	169	31	28	1391	0.165
\TheName{}-2.5	170	170	30	30	1344	0.17
\TheName{}-3.0	168	171	29	32	1327	0.165
SVM	180	148	52	20	4	0.0025
LR	0	200	0	200	1	0.0025
Ye-LDA	136	171	29	64	128	0.0025
DTree-10	85	163	37	115	2	0.005
DTree-20	120	157	43	80	4	0.005
RFC-50	93	186	14	107	20	0.01
RFC-100	78	189	11	122	41	0.02
NLSVM-0.1	200	11	189	0	2	0.04
NLSVM-1.0	200	34	166	0	1	0.0325
NLSVM-10	107	193	7	93	1	0.0325
LDA	154	146	54	46	271	0.1675
SDA-0.5	170	153	47	30	1226	0.1725
SDA-1.0	168	153	47	32	1214	0.17
SDA-1.5	168	153	47	32	1252	0.1675
SDA-2.0	168	153	47	32	1252	0.17
SDA-2.5	167	153	47	33	1230	0.1675
SDA-3.0	167	153	47	33	1219	0.1775
\TheName{}-0.5	178	145	55	22	1308	0.165
\TheName{}-1.0	178	156	44	22	1287	0.175
\TheName{}-1.5	176	158	42	24	1307	0.1725
\TheName{}-2.0	173	156	44	27	1292	0.16
\TheName{}-2.5	172	156	44	28	1303	0.1725
\TheName{}-3.0	171	156	44	29	1290	0.17
SVM	176	138	62	24	2	0.005
LR	0	200	0	200	0	0.005
Ye-LDA	172	150	50	28	136	0.0025
DTree-10	91	152	48	109	3	0.0025
DTree-20	123	130	70	77	5	0.0025
RFC-50	106	168	32	94	22	0.01
RFC-100	107	167	33	93	16	0.0225
NLSVM-0.1	4	200	0	196	2	0.04
NLSVM-1.0	194	45	155	6	2	0.0325
NLSVM-10	200	12	188	0	1	0.03
LDA	147	141	59	53	254	0.1725
SDA-0.5	152	162	38	48	1212	0.16
SDA-1.0	150	161	39	50	1221	0.1625
SDA-1.5	149	161	39	51	1205	0.1775
SDA-2.0	149	162	38	51	1207	0.17
SDA-2.5	148	162	38	52	1208	0.1675
SDA-3.0	148	162	38	52	1224	0.1675
\TheName{}-0.5	166	158	42	34	1271	0.165
\TheName{}-1.0	156	167	33	44	1272	0.165
\TheName{}-1.5	152	166	34	48	1277	0.17
\TheName{}-2.0	150	164	36	50	1284	0.1675
\TheName{}-2.5	150	163	37	50	1275	0.1725
\TheName{}-3.0	150	164	36	50	1267	0.17
SVM	151	166	34	49	2	0.005
LR	0	200	0	200	1	0.0025
Ye-LDA	138	170	30	62	130	0.005
DTree-10	93	163	37	107	3	0.0025
DTree-20	100	157	43	100	5	0.005
RFC-50	74	170	30	126	19	0.0125
RFC-100	78	169	31	122	36	0.0175
NLSVM-0.1	1	199	1	199	2	0.0425
NLSVM-1.0	183	60	140	17	1	0.035
NLSVM-10	187	134	66	13	1	0.03
LDA	135	144	56	65	252	0.1625
SDA-0.5	110	156	44	90	1255	0.18
SDA-1.0	110	152	48	90	1230	0.1675
SDA-1.5	110	152	48	90	1240	0.1725
SDA-2.0	110	152	48	90	1260	0.1725
SDA-2.5	111	152	48	89	1251	0.1675
SDA-3.0	110	152	48	90	1239	0.1775
\TheName{}-0.5	157	166	34	43	1297	0.1675
\TheName{}-1.0	115	162	38	85	1317	0.165
\TheName{}-1.5	111	158	42	89	1323	0.1625
\TheName{}-2.0	111	155	45	89	1327	0.165
\TheName{}-2.5	111	154	46	89	1334	0.175
\TheName{}-3.0	111	153	47	89	1350	0.1625
SVM	151	147	53	49	2	0.005
LR	0	200	0	200	0	0.005
Ye-LDA	139	171	29	61	130	0.005
DTree-10	92	150	50	108	3	0.0025
DTree-20	123	138	62	77	5	0.005
RFC-50	99	151	49	101	20	0.0075
RFC-100	86	152	48	114	39	0.0225
NLSVM-0.1	1	200	0	199	2	0.04
NLSVM-1.0	174	67	133	26	2	0.0325
NLSVM-10	11	200	0	189	1	0.0275
LDA	168	136	64	32	256	0.165
SDA-0.5	137	162	38	63	1250	0.1675
SDA-1.0	135	160	40	65	1253	0.1625
SDA-1.5	135	159	41	65	1244	0.1725
SDA-2.0	135	159	41	65	1249	0.1675
SDA-2.5	135	159	41	65	1246	0.165
SDA-3.0	134	159	41	66	1219	0.1725
\TheName{}-0.5	150	149	51	50	1294	0.165
\TheName{}-1.0	155	165	35	45	1280	0.18
\TheName{}-1.5	146	165	35	54	1284	0.165
\TheName{}-2.0	143	163	37	57	1309	0.165
\TheName{}-2.5	143	160	40	57	1301	0.1775
\TheName{}-3.0	142	160	40	58	1299	0.1625
SVM	177	149	51	23	3	0.0025
LR	0	200	0	200	1	0.0025
Ye-LDA	121	163	37	79	130	0.0025
DTree-10	100	161	39	100	2	0.005
DTree-20	125	136	64	75	5	0.0025
RFC-50	90	176	24	110	17	0.01
RFC-100	101	175	25	99	35	0.0175
NLSVM-0.1	89	160	40	111	2	0.04
NLSVM-1.0	199	43	157	1	2	0.0325
NLSVM-10	14	200	0	186	2	0.03
LDA	128	145	55	72	251	0.165
SDA-0.5	143	172	28	57	1243	0.16
SDA-1.0	142	172	28	58	1375	0.18
SDA-1.5	142	171	29	58	1282	0.1725
SDA-2.0	141	171	29	59	1269	0.1725
SDA-2.5	141	171	29	59	1276	0.1925
SDA-3.0	141	171	29	59	1363	0.1775
\TheName{}-0.5	185	153	47	15	1557	0.17
\TheName{}-1.0	162	171	29	38	1575	0.175
\TheName{}-1.5	154	172	28	46	1470	0.1725
\TheName{}-2.0	151	174	26	49	1584	0.1875
\TheName{}-2.5	149	175	25	51	1930	0.1975
\TheName{}-3.0	145	174	26	55	1651	0.1725
SVM	176	156	44	24	2	0.005
LR	0	200	0	200	1	0.0025
Ye-LDA	146	173	27	54	141	0.015
DTree-10	80	174	26	120	2	0.0125
DTree-20	127	149	51	73	5	0.005
RFC-50	90	172	28	110	7	0.0125
RFC-100	85	182	18	115	45	0.0175
NLSVM-0.1	200	16	184	0	2	0.0425
NLSVM-1.0	195	47	153	5	2	0.0375
NLSVM-10	120	187	13	80	1	0.0325
LDA	150	135	65	50	265	0.185
SDA-0.5	146	183	17	54	1419	0.21
SDA-1.0	145	183	17	55	1469	0.1625
SDA-1.5	145	184	16	55	1289	0.17
SDA-2.0	145	184	16	55	1263	0.175
SDA-2.5	145	184	16	55	1297	0.1675
SDA-3.0	145	184	16	55	1345	0.18
\TheName{}-0.5	151	182	18	49	1330	0.18
\TheName{}-1.0	150	182	18	50	1362	0.1625
\TheName{}-1.5	148	183	17	52	1359	0.18
\TheName{}-2.0	148	183	17	52	1375	0.1775
\TheName{}-2.5	148	184	16	52	1377	0.1975
\TheName{}-3.0	148	184	16	52	1394	0.1875
SVM	147	168	32	53	2	0.005
LR	0	200	0	200	0	0.0025
Ye-LDA	132	172	28	68	129	0.0025
DTree-10	100	167	33	100	3	0.0025
DTree-20	127	155	45	73	5	0.0025
RFC-50	99	180	20	101	20	0.0075
RFC-100	105	180	20	95	40	0.0175
NLSVM-0.1	2	200	0	198	2	0.04
NLSVM-1.0	161	81	119	39	2	0.03
NLSVM-10	0	200	0	200	2	0.03
LDA	125	158	42	75	251	0.165
SDA-0.5	137	162	38	63	1225	0.1675
SDA-1.0	136	163	37	64	1242	0.1775
SDA-1.5	136	163	37	64	1329	0.1675
SDA-2.0	136	163	37	64	1280	0.165
SDA-2.5	135	163	37	65	1272	0.165
SDA-3.0	135	163	37	65	1228	0.1775
\TheName{}-0.5	141	143	57	59	1310	0.1625
\TheName{}-1.0	161	174	26	39	1279	0.165
\TheName{}-1.5	147	174	26	53	1280	0.1675
\TheName{}-2.0	145	169	31	55	1318	0.1725
\TheName{}-2.5	143	167	33	57	1283	0.18
\TheName{}-3.0	140	166	34	60	1271	0.1675
SVM	171	166	34	29	2	0.005
LR	0	200	0	200	0	0.005
Ye-LDA	122	165	35	78	130	0.0025
DTree-10	93	164	36	107	3	0.005
DTree-20	126	154	46	74	5	0.0025
RFC-50	100	172	28	100	17	0.0075
RFC-100	101	175	25	99	36	0.0175
NLSVM-0.1	200	7	193	0	2	0.04
NLSVM-1.0	185	70	130	15	2	0.0325
NLSVM-10	0	200	0	200	2	0.0275
LDA	171	123	77	29	260	0.17
SDA-0.5	157	151	49	43	1303	0.2
SDA-1.0	155	149	51	45	1322	0.165
SDA-1.5	155	149	51	45	1264	0.165
SDA-2.0	155	149	51	45	1300	0.1725
SDA-2.5	155	149	51	45	1266	0.17
SDA-3.0	155	149	51	45	1304	0.165
\TheName{}-0.5	160	171	29	40	1331	0.1625
\TheName{}-1.0	157	155	45	43	1352	0.165
\TheName{}-1.5	155	152	48	45	1383	0.1775
\TheName{}-2.0	155	152	48	45	1371	0.165
\TheName{}-2.5	155	151	49	45	1329	0.17
\TheName{}-3.0	154	149	51	46	1322	0.1625
SVM	182	136	64	18	8	0.0025
LR	0	200	0	200	1	0.0025
Ye-LDA	126	152	48	74	134	0.0025
DTree-10	84	160	40	116	2	0.0025
DTree-20	124	148	52	76	4	0.0025
RFC-50	94	157	43	106	18	0.0075
RFC-100	88	164	36	112	38	0.0175
NLSVM-0.1	1	199	1	199	2	0.04
NLSVM-1.0	200	28	172	0	2	0.03
NLSVM-10	15	199	1	185	2	0.03
LDA	160	137	63	40	258	0.1725
SDA-0.5	124	182	18	76	1257	0.165
SDA-1.0	124	182	18	76	1236	0.1775
SDA-1.5	124	182	18	76	1202	0.1625
SDA-2.0	124	182	18	76	1224	0.17
SDA-2.5	124	182	18	76	1282	0.165
SDA-3.0	124	182	18	76	1248	0.165
\TheName{}-0.5	170	165	35	30	1279	0.17
\TheName{}-1.0	142	185	15	58	1361	0.165
\TheName{}-1.5	133	183	17	67	1355	0.1625
\TheName{}-2.0	132	184	16	68	1307	0.1675
\TheName{}-2.5	125	184	16	75	1292	0.1675
\TheName{}-3.0	125	184	16	75	1272	0.175
SVM	165	153	47	35	2	0.005
LR	0	200	0	200	0	0.005
Ye-LDA	134	174	26	66	133	0.005
DTree-10	102	167	33	98	3	0.0025
DTree-20	112	149	51	88	5	0.0025
RFC-50	93	186	14	107	7	0.005
RFC-100	96	182	18	104	38	0.0175
NLSVM-0.1	1	200	0	199	2	0.0425
NLSVM-1.0	190	63	137	10	1	0.0325
NLSVM-10	200	30	170	0	2	0.03
LDA	162	158	42	38	256	0.165
SDA-0.5	177	162	38	23	1285	0.165
SDA-1.0	177	160	40	23	1390	0.1725
SDA-1.5	177	160	40	23	1283	0.1625
SDA-2.0	177	160	40	23	1308	0.1675
SDA-2.5	177	160	40	23	1284	0.1775
SDA-3.0	177	160	40	23	1278	0.1675
\TheName{}-0.5	174	172	28	26	1314	0.1625
\TheName{}-1.0	175	165	35	25	1344	0.1775
\TheName{}-1.5	176	165	35	24	1553	0.165
\TheName{}-2.0	176	163	37	24	1469	0.1725
\TheName{}-2.5	177	162	38	23	1388	0.1675
\TheName{}-3.0	177	163	37	23	1347	0.1875
SVM	171	167	33	29	2	0.005
LR	0	200	0	200	1	0.005
Ye-LDA	160	163	37	40	137	0.005
DTree-10	109	157	43	91	3	0.0025
DTree-20	108	163	37	92	5	0.005
RFC-50	94	184	16	106	20	0.01
RFC-100	106	183	17	94	43	0.0225
NLSVM-0.1	200	16	184	0	2	0.04
NLSVM-1.0	191	55	145	9	2	0.0325
NLSVM-10	200	0	200	0	1	0.0325
LDA	152	150	50	48	258	0.2175
SDA-0.5	183	155	45	17	1306	0.165
SDA-1.0	181	160	40	19	1238	0.175
SDA-1.5	181	161	39	19	1289	0.1675
SDA-2.0	181	161	39	19	1282	0.1625
SDA-2.5	180	160	40	20	1271	0.175
SDA-3.0	178	160	40	22	1266	0.1675
\TheName{}-0.5	168	170	30	32	1384	0.165
\TheName{}-1.0	178	164	36	22	1355	0.1725
\TheName{}-1.5	178	163	37	22	1303	0.165
\TheName{}-2.0	177	163	37	23	1308	0.165
\TheName{}-2.5	177	163	37	23	1459	0.1825
\TheName{}-3.0	177	163	37	23	1423	0.1675
SVM	154	164	36	46	3	0.0025
LR	0	200	0	200	1	0.0025
Ye-LDA	157	164	36	43	141	0.005
DTree-10	66	179	21	134	3	0.005
DTree-20	115	137	63	85	3	0.005
RFC-50	91	187	13	109	19	0.01
RFC-100	100	185	15	100	39	0.02
NLSVM-0.1	0	197	3	200	2	0.04
NLSVM-1.0	163	92	108	37	2	0.0325
NLSVM-10	200	11	189	0	1	0.0325
LDA	156	137	63	44	265	0.165
SDA-0.5	136	175	25	64	1253	0.1725
SDA-1.0	136	175	25	64	1601	0.1625
SDA-1.5	136	175	25	64	1313	0.165
SDA-2.0	136	175	25	64	1407	0.1725
SDA-2.5	136	175	25	64	1481	0.165
SDA-3.0	136	175	25	64	1334	0.17
\TheName{}-0.5	170	135	65	30	1362	0.18
\TheName{}-1.0	167	174	26	33	1373	0.1675
\TheName{}-1.5	155	176	24	45	1741	0.17
\TheName{}-2.0	149	177	23	51	1431	0.2
\TheName{}-2.5	144	177	23	56	1654	0.1725
\TheName{}-3.0	142	177	23	58	1422	0.1775
SVM	168	151	49	32	3	0.005
LR	200	0	200	0	0	0.005
Ye-LDA	173	132	68	27	135	0.0025
DTree-10	83	163	37	117	2	0.005
DTree-20	117	156	44	83	4	0.005
RFC-50	89	172	28	111	21	0.0075
RFC-100	90	176	24	110	37	0.02
NLSVM-0.1	200	12	188	0	2	0.0425
NLSVM-1.0	200	52	148	0	1	0.0325
NLSVM-10	111	192	8	89	1	0.03
LDA	135	144	56	65	261	0.1675
SDA-0.5	120	181	19	80	1350	0.1775
SDA-1.0	119	182	18	81	1402	0.19
SDA-1.5	119	182	18	81	1462	0.1675
SDA-2.0	119	182	18	81	1401	0.17
SDA-2.5	119	182	18	81	1379	0.1675
SDA-3.0	119	182	18	81	1474	0.1675
\TheName{}-0.5	160	79	121	40	1481	0.18
\TheName{}-1.0	175	156	44	25	1435	0.1675
\TheName{}-1.5	156	179	21	44	1544	0.1825
\TheName{}-2.0	146	178	22	54	1516	0.1775
\TheName{}-2.5	141	178	22	59	1530	0.1675
\TheName{}-3.0	138	178	22	62	1500	0.2
SVM	171	151	49	29	4	0.02
LR	0	200	0	200	1	0.005
Ye-LDA	159	151	49	41	137	0.005
DTree-10	76	189	11	124	2	0.005
DTree-20	112	176	24	88	5	0.005
RFC-50	59	189	11	141	16	0.0125
RFC-100	68	192	8	132	33	0.0175
NLSVM-0.1	200	11	189	0	2	0.0475
NLSVM-1.0	199	48	152	1	1	0.0375
NLSVM-10	4	200	0	196	2	0.03
LDA	147	168	32	53	269	0.165
SDA-0.5	147	173	27	53	1424	0.1625
SDA-1.0	147	173	27	53	1313	0.19
SDA-1.5	147	173	27	53	1324	0.1625
SDA-2.0	147	173	27	53	1350	0.17
SDA-2.5	147	173	27	53	1315	0.18
SDA-3.0	147	173	27	53	1333	0.17
\TheName{}-0.5	180	159	41	20	1456	0.1775
\TheName{}-1.0	158	173	27	42	1520	0.1875
\TheName{}-1.5	154	173	27	46	1481	0.17
\TheName{}-2.0	150	174	26	50	1600	0.1775
\TheName{}-2.5	149	174	26	51	1440	0.1875
\TheName{}-3.0	147	174	26	53	1464	0.1975
SVM	161	167	33	39	2	0.0025
LR	0	200	0	200	1	0.0025
Ye-LDA	142	173	27	58	148	0.01
DTree-10	112	158	42	88	3	0.015
DTree-20	133	151	49	67	3	0.015
RFC-50	94	182	18	106	23	0.0075
RFC-100	114	179	21	86	41	0.0175
NLSVM-0.1	200	26	174	0	2	0.0425
NLSVM-1.0	186	73	127	14	2	0.0325
NLSVM-10	200	0	200	0	1	0.03
LDA	158	153	47	42	255	0.185
SDA-0.5	159	166	34	41	1367	0.17
SDA-1.0	157	166	34	43	1324	0.175
SDA-1.5	157	164	36	43	1297	0.1775
SDA-2.0	157	163	37	43	1440	0.165
SDA-2.5	157	163	37	43	1300	0.175
SDA-3.0	157	163	37	43	1310	0.1775
\TheName{}-0.5	178	167	33	22	1392	0.17
\TheName{}-1.0	167	168	32	33	1398	0.175
\TheName{}-1.5	163	168	32	37	1388	0.1675
\TheName{}-2.0	159	166	34	41	1405	0.1875
\TheName{}-2.5	159	165	35	41	1375	0.165
\TheName{}-3.0	158	165	35	42	1369	0.165
SVM	173	163	37	27	3	0.0025
LR	0	200	0	200	0	0.005
Ye-LDA	126	169	31	74	137	0.0025
DTree-10	78	174	26	122	3	0.0025
DTree-20	114	151	49	86	5	0.0025
RFC-50	81	177	23	119	8	0.005
RFC-100	83	179	21	117	35	0.0175
NLSVM-0.1	200	20	180	0	2	0.0425
NLSVM-1.0	175	90	110	25	1	0.0325
NLSVM-10	200	0	200	0	2	0.03
LDA	145	163	37	55	268	0.1825
SDA-0.5	134	178	22	66	1275	0.17
SDA-1.0	131	176	24	69	1336	0.17
SDA-1.5	131	176	24	69	1295	0.17
SDA-2.0	129	175	25	71	1233	0.1675
SDA-2.5	129	175	25	71	1241	0.1625
SDA-3.0	129	175	25	71	1291	0.1725
\TheName{}-0.5	170	151	49	30	1370	0.1675
\TheName{}-1.0	147	175	25	53	1306	0.175
\TheName{}-1.5	141	175	25	59	1645	0.17
\TheName{}-2.0	141	175	25	59	1535	0.1825
\TheName{}-2.5	140	176	24	60	1421	0.175
\TheName{}-3.0	139	177	23	61	1463	0.1875
SVM	152	184	16	48	3	0.0075
LR	0	200	0	200	0	0.005
Ye-LDA	141	178	22	59	147	0.015
DTree-10	87	183	17	113	2	0.015
DTree-20	95	177	23	105	3	0.01
RFC-50	89	189	11	111	7	0.0075
RFC-100	87	191	9	113	36	0.02
NLSVM-0.1	1	199	1	199	2	0.0425
NLSVM-1.0	173	71	129	27	1	0.0325
NLSVM-10	27	199	1	173	2	0.03
LDA	172	124	76	28	281	0.17
SDA-0.5	139	154	46	61	1345	0.1725
SDA-1.0	136	156	44	64	1322	0.1725
SDA-1.5	136	157	43	64	1679	0.17
SDA-2.0	135	157	43	65	1391	0.1775
SDA-2.5	135	157	43	65	1393	0.1675
SDA-3.0	135	157	43	65	1382	0.1675
\TheName{}-0.5	154	88	112	46	1479	0.1825
\TheName{}-1.0	185	144	56	15	1414	0.165
\TheName{}-1.5	167	151	49	33	1851	0.18
\TheName{}-2.0	158	150	50	42	1593	0.1725
\TheName{}-2.5	151	150	50	49	1833	0.1725
\TheName{}-3.0	150	151	49	50	1676	0.1925
SVM	175	139	61	25	2	0.0075
LR	0	200	0	200	1	0.005
Ye-LDA	129	156	44	71	140	0.02
DTree-10	70	176	24	130	17	0.0075
DTree-20	130	138	62	70	8	0.015
RFC-50	87	172	28	113	20	0.0175
RFC-100	92	169	31	108	40	0.0175
NLSVM-0.1	199	21	179	1	2	0.0425
NLSVM-1.0	195	98	102	5	1	0.0425
NLSVM-10	7	200	0	193	2	0.03
LDA	163	132	68	37	271	0.1925
SDA-0.5	145	175	25	55	1451	0.2075
SDA-1.0	144	175	25	56	1489	0.165
SDA-1.5	143	175	25	57	1520	0.1625
SDA-2.0	143	175	25	57	1455	0.1875
SDA-2.5	141	175	25	59	1909	0.19
SDA-3.0	141	175	25	59	1460	0.17
\TheName{}-0.5	174	160	40	26	1651	0.1825
\TheName{}-1.0	157	173	27	43	1570	0.21
\TheName{}-1.5	153	172	28	47	1553	0.2025
\TheName{}-2.0	151	176	24	49	1682	0.1725
\TheName{}-2.5	150	176	24	50	1496	0.1625
\TheName{}-3.0	148	176	24	52	1403	0.1625
SVM	162	170	30	38	3	0.005
LR	0	200	0	200	0	0.005
Ye-LDA	123	169	31	77	137	0.005
DTree-10	91	146	54	109	2	0.0025
DTree-20	108	136	64	92	5	0.0025
RFC-50	81	173	27	119	17	0.0075
RFC-100	81	172	28	119	35	0.01
NLSVM-0.1	200	13	187	0	1	0.04
NLSVM-1.0	7	200	0	193	2	0.03
NLSVM-10	200	0	200	0	2	0.03
LDA	164	111	89	36	276	0.275
SDA-0.5	123	166	34	77	1372	0.1675
SDA-1.0	122	165	35	78	1356	0.17
SDA-1.5	122	165	35	78	1487	0.18
SDA-2.0	121	165	35	79	1461	0.1825
SDA-2.5	121	165	35	79	1382	0.1675
SDA-3.0	121	165	35	79	1495	0.17
\TheName{}-0.5	169	161	39	31	1433	0.1875
\TheName{}-1.0	141	170	30	59	1389	0.1625
\TheName{}-1.5	136	167	33	64	1461	0.1875
\TheName{}-2.0	130	167	33	70	1354	0.1725
\TheName{}-2.5	130	167	33	70	1400	0.1625
\TheName{}-3.0	126	167	33	74	1459	0.1825
SVM	140	158	42	60	2	0.0175
LR	0	200	0	200	0	0.005
Ye-LDA	125	177	23	75	138	0.015
DTree-10	79	175	25	121	3	0.0125
DTree-20	106	153	47	94	4	0.0125
RFC-50	85	183	17	115	6	0.01
RFC-100	67	185	15	133	32	0.0125
NLSVM-0.1	200	13	187	0	2	0.04
NLSVM-1.0	190	52	148	10	2	0.03
NLSVM-10	200	0	200	0	2	0.04
LDA	134	130	70	66	287	0.1825
SDA-0.5	103	172	28	97	1351	0.165
SDA-1.0	102	171	29	98	1339	0.1675
SDA-1.5	102	171	29	98	1352	0.1825
SDA-2.0	102	171	29	98	1413	0.1925
SDA-2.5	102	171	29	98	1357	0.165
SDA-3.0	102	170	30	98	1531	0.22
\TheName{}-0.5	143	92	108	57	1468	0.1675
\TheName{}-1.0	133	165	35	67	1361	0.1675
\TheName{}-1.5	114	168	32	86	1386	0.19
\TheName{}-2.0	111	169	31	89	1454	0.1675
\TheName{}-2.5	109	169	31	91	1367	0.17
\TheName{}-3.0	108	169	31	92	1385	0.175
SVM	147	155	45	53	3	0.005
LR	0	200	0	200	0	0.005
Ye-LDA	102	164	36	98	130	0.005
DTree-10	85	162	38	115	2	0.005
DTree-20	99	154	46	101	4	0.005
RFC-50	80	170	30	120	17	0.01
RFC-100	82	173	27	118	39	0.0175
NLSVM-0.1	200	17	183	0	2	0.04
NLSVM-1.0	167	89	111	33	2	0.03
NLSVM-10	10	198	2	190	2	0.0275
LDA	149	147	53	51	269	0.2125
SDA-0.5	126	173	27	74	1300	0.1725
SDA-1.0	123	172	28	77	1292	0.165
SDA-1.5	123	172	28	77	1283	0.1625
SDA-2.0	123	171	29	77	1326	0.17
SDA-2.5	123	171	29	77	1303	0.165
SDA-3.0	123	172	28	77	1304	0.1825
\TheName{}-0.5	173	159	41	27	1382	0.1625
\TheName{}-1.0	144	176	24	56	1382	0.165
\TheName{}-1.5	132	174	26	68	1383	0.1725
\TheName{}-2.0	128	174	26	72	1447	0.1625
\TheName{}-2.5	127	174	26	73	1501	0.17
\TheName{}-3.0	127	175	25	73	1556	0.215
SVM	152	168	32	48	4	0.0175
LR	0	200	0	200	1	0.015
Ye-LDA	143	174	26	57	144	0.015
DTree-10	103	178	22	97	3	0.0125
DTree-20	134	169	31	66	5	0.0125
RFC-50	94	180	20	106	19	0.0075
RFC-100	98	176	24	102	36	0.02
NLSVM-0.1	200	6	194	0	2	0.04
NLSVM-1.0	197	38	162	3	1	0.0325
NLSVM-10	200	11	189	0	2	0.03
LDA	153	146	54	47	273	0.175
SDA-0.5	150	180	20	50	1468	0.1725
SDA-1.0	150	179	21	50	1682	0.1775
SDA-1.5	149	179	21	51	1536	0.1725
SDA-2.0	149	179	21	51	1532	0.17
SDA-2.5	148	179	21	52	1456	0.195
SDA-3.0	148	179	21	52	1449	0.165
\TheName{}-0.5	160	167	33	40	1422	0.1675
\TheName{}-1.0	160	180	20	40	1678	0.195
\TheName{}-1.5	157	182	18	43	1657	0.1675
\TheName{}-2.0	156	181	19	44	1470	0.21
\TheName{}-2.5	153	182	18	47	1542	0.1775
\TheName{}-3.0	153	182	18	47	1358	0.1675
SVM	168	152	48	32	2	0.005
LR	0	200	0	200	0	0.005
Ye-LDA	119	173	27	81	138	0.01
DTree-10	75	176	24	125	2	0.005
DTree-20	105	168	32	95	4	0.0025
RFC-50	88	188	12	112	7	0.0075
RFC-100	85	187	13	115	35	0.02
NLSVM-0.1	2	199	1	198	2	0.04
NLSVM-1.0	19	197	3	181	2	0.0325
NLSVM-10	200	9	191	0	2	0.03
LDA	128	113	87	72	246	0.165
SDA-0.5	109	184	16	91	1292	0.1625
SDA-1.0	108	182	18	92	1307	0.175
SDA-1.5	108	182	18	92	1294	0.1625
SDA-2.0	108	182	18	92	1307	0.1625
SDA-2.5	108	182	18	92	1266	0.1825
SDA-3.0	107	182	18	93	1302	0.165
\TheName{}-0.5	139	80	120	61	1359	0.165
\TheName{}-1.0	143	179	21	57	1337	0.175
\TheName{}-1.5	117	183	17	83	1331	0.1625
\TheName{}-2.0	115	184	16	85	1424	0.1675
\TheName{}-2.5	110	184	16	90	1380	0.2175
\TheName{}-3.0	110	184	16	90	1447	0.2575
SVM	141	161	39	59	3	0.005
LR	0	200	0	200	1	0.005
Ye-LDA	109	173	27	91	203	0.0025
DTree-10	103	147	53	97	3	0.005
DTree-20	121	138	62	79	5	0.0175
RFC-50	79	185	15	121	20	0.01
RFC-100	77	188	12	123	37	0.0175
NLSVM-0.1	199	13	187	1	2	0.04
NLSVM-1.0	40	194	6	160	2	0.0325
NLSVM-10	196	58	142	4	2	0.0275
LDA	148	149	51	52	279	0.1775
SDA-0.5	136	168	32	64	1360	0.1725
SDA-1.0	133	168	32	67	1469	0.165
SDA-1.5	131	168	32	69	1339	0.175
SDA-2.0	130	168	32	70	1374	0.1925
SDA-2.5	130	168	32	70	1336	0.17
SDA-3.0	130	168	32	70	1286	0.1675
\TheName{}-0.5	159	173	27	41	1602	0.1775
\TheName{}-1.0	138	173	27	62	1492	0.1675
\TheName{}-1.5	136	171	29	64	1396	0.1725
\TheName{}-2.0	134	170	30	66	1502	0.1675
\TheName{}-2.5	133	170	30	67	1384	0.17
\TheName{}-3.0	133	170	30	67	1388	0.175
SVM	150	167	33	50	3	0.005
LR	200	0	200	0	0	0.005
Ye-LDA	145	170	30	55	135	0.0025
DTree-10	74	176	24	126	3	0.0025
DTree-20	110	159	41	90	4	0.005
RFC-50	88	183	17	112	7	0.01
RFC-100	87	182	18	113	40	0.0175
NLSVM-0.1	200	20	180	0	2	0.0425
NLSVM-1.0	17	198	2	183	1	0.0325
NLSVM-10	6	200	0	194	1	0.0325
LDA	159	136	64	41	253	0.17
SDA-0.5	158	165	35	42	1370	0.1675
SDA-1.0	157	165	35	43	1263	0.175
SDA-1.5	157	165	35	43	1253	0.165
SDA-2.0	155	165	35	45	1324	0.165
SDA-2.5	155	165	35	45	1301	0.165
SDA-3.0	155	165	35	45	1233	0.1925
\TheName{}-0.5	172	161	39	28	1573	0.165
\TheName{}-1.0	162	165	35	38	1551	0.1775
\TheName{}-1.5	158	166	34	42	1809	0.17
\TheName{}-2.0	158	167	33	42	1447	0.165
\TheName{}-2.5	159	166	34	41	1735	0.1725
\TheName{}-3.0	158	166	34	42	1716	0.17
SVM	166	155	45	34	2	0.005
LR	0	200	0	200	0	0.005
Ye-LDA	138	165	35	62	142	0.0025
DTree-10	115	169	31	85	3	0.0025
DTree-20	137	151	49	63	4	0.0
RFC-50	91	182	18	109	24	0.0075
RFC-100	95	180	20	105	37	0.0175
NLSVM-0.1	200	17	183	0	2	0.0375
NLSVM-1.0	184	64	136	16	2	0.03
NLSVM-10	200	8	192	0	2	0.0275
LDA	153	158	42	47	282	0.1775
SDA-0.5	130	181	19	70	1302	0.18
SDA-1.0	130	180	20	70	1392	0.1625
SDA-1.5	131	180	20	69	1404	0.175
SDA-2.0	130	180	20	70	1423	0.1775
SDA-2.5	130	180	20	70	1397	0.1725
SDA-3.0	130	180	20	70	1314	0.1725
\TheName{}-0.5	129	92	108	71	1385	0.165
\TheName{}-1.0	147	185	15	53	1733	0.1725
\TheName{}-1.5	140	183	17	60	1511	0.17
\TheName{}-2.0	138	184	16	62	1648	0.165
\TheName{}-2.5	135	183	17	65	1563	0.1975
\TheName{}-3.0	135	182	18	65	1473	0.1675
SVM	163	174	26	37	3	0.0025
LR	0	200	0	200	1	0.0025
Ye-LDA	111	177	23	89	132	0.0025
DTree-10	90	165	35	110	2	0.005
DTree-20	111	154	46	89	4	0.0025
RFC-50	104	183	17	96	7	0.0075
RFC-100	106	181	19	94	38	0.02
NLSVM-0.1	200	17	183	0	2	0.04
NLSVM-1.0	175	79	121	25	1	0.0325
NLSVM-10	199	58	142	1	1	0.03
LDA	129	161	39	71	251	0.1625
SDA-0.5	179	166	34	21	1296	0.1725
SDA-1.0	177	166	34	23	1341	0.175
SDA-1.5	177	166	34	23	1346	0.1675
SDA-2.0	177	166	34	23	1291	0.165
SDA-2.5	177	166	34	23	1282	0.1825
SDA-3.0	177	167	33	23	1352	0.165
\TheName{}-0.5	171	168	32	29	1384	0.165
\TheName{}-1.0	178	167	33	22	1374	0.18
\TheName{}-1.5	179	169	31	21	1374	0.1875
\TheName{}-2.0	179	168	32	21	1398	0.1675
\TheName{}-2.5	178	166	34	22	1336	0.1775
\TheName{}-3.0	178	166	34	22	1312	0.23
SVM	151	176	24	49	3	0.0075
LR	0	200	0	200	1	0.005
Ye-LDA	149	176	24	51	161	0.0125
DTree-10	77	190	10	123	3	0.0125
DTree-20	117	171	29	83	5	0.015
RFC-50	91	193	7	109	25	0.0175
RFC-100	91	196	4	109	38	0.025
NLSVM-0.1	200	20	180	0	2	0.04
NLSVM-1.0	193	56	144	7	1	0.035
NLSVM-10	120	194	6	80	2	0.03
LDA	156	157	43	44	284	0.1725
SDA-0.5	129	171	29	71	1284	0.165
SDA-1.0	127	171	29	73	1272	0.18
SDA-1.5	127	172	28	73	1333	0.175
SDA-2.0	127	172	28	73	1560	0.175
SDA-2.5	127	172	28	73	1486	0.2075
SDA-3.0	127	172	28	73	1374	0.17
\TheName{}-0.5	181	165	35	19	1437	0.1625
\TheName{}-1.0	139	173	27	61	1424	0.195
\TheName{}-1.5	134	173	27	66	1423	0.17
\TheName{}-2.0	131	172	28	69	1435	0.1775
\TheName{}-2.5	129	173	27	71	1548	0.1775
\TheName{}-3.0	127	173	27	73	1486	0.165
SVM	173	158	42	27	4	0.0025
LR	0	200	0	200	1	0.005
Ye-LDA	133	169	31	67	129	0.005
DTree-10	84	178	22	116	2	0.005
DTree-20	110	170	30	90	4	0.005
RFC-50	91	183	17	109	20	0.01
RFC-100	89	181	19	111	35	0.0175
NLSVM-0.1	0	199	1	200	2	0.04
NLSVM-1.0	197	65	135	3	2	0.0325
NLSVM-10	61	198	2	139	1	0.03
LDA	154	147	53	46	251	0.175
SDA-0.5	154	163	37	46	1336	0.195
SDA-1.0	153	164	36	47	1390	0.1725
SDA-1.5	152	164	36	48	1486	0.165
SDA-2.0	152	165	35	48	1325	0.165
SDA-2.5	152	166	34	48	1372	0.175
SDA-3.0	152	166	34	48	1306	0.175
\TheName{}-0.5	175	169	31	25	1404	0.1775
\TheName{}-1.0	167	167	33	33	1590	0.195
\TheName{}-1.5	160	166	34	40	1600	0.1625
\TheName{}-2.0	157	166	34	43	1504	0.165
\TheName{}-2.5	156	166	34	44	1444	0.175
\TheName{}-3.0	156	166	34	44	1398	0.1675
SVM	164	154	46	36	2	0.005
LR	0	200	0	200	0	0.0125
Ye-LDA	152	167	33	48	136	0.005
DTree-10	85	170	30	115	3	0.0025
DTree-20	124	147	53	76	4	0.005
RFC-50	103	166	34	97	9	0.0125
RFC-100	106	176	24	94	41	0.0225
NLSVM-0.1	200	16	184	0	2	0.04
NLSVM-1.0	176	80	120	24	2	0.0325
NLSVM-10	200	75	125	0	2	0.0275
LDA	124	154	46	76	252	0.1675
SDA-0.5	153	167	33	47	1311	0.175
SDA-1.0	150	168	32	50	1374	0.17
SDA-1.5	148	168	32	52	1378	0.17
SDA-2.0	147	168	32	53	1302	0.175
SDA-2.5	147	168	32	53	1343	0.1725
SDA-3.0	147	168	32	53	1377	0.1625
\TheName{}-0.5	161	169	31	39	1398	0.1925
\TheName{}-1.0	156	170	30	44	1415	0.165
\TheName{}-1.5	152	173	27	48	1411	0.1625
\TheName{}-2.0	152	173	27	48	1367	0.175
\TheName{}-2.5	152	171	29	48	1378	0.165
\TheName{}-3.0	151	171	29	49	1477	0.1725
SVM	144	158	42	56	3	0.0075
LR	0	200	0	200	0	0.005
Ye-LDA	154	167	33	46	150	0.01
DTree-10	86	168	32	114	3	0.005
DTree-20	126	153	47	74	5	0.005
RFC-50	104	172	28	96	8	0.01
RFC-100	103	175	25	97	43	0.0225
NLSVM-0.1	0	200	0	200	2	0.04
NLSVM-1.0	171	83	117	29	2	0.03
NLSVM-10	200	16	184	0	2	0.03
LDA	157	143	57	43	271	0.185
SDA-0.5	133	174	26	67	1394	0.1675
SDA-1.0	133	173	27	67	1333	0.1675
SDA-1.5	133	173	27	67	1347	0.1775
SDA-2.0	133	173	27	67	1414	0.165
SDA-2.5	133	173	27	67	1286	0.165
SDA-3.0	133	173	27	67	1359	0.18
\TheName{}-0.5	168	114	86	32	1486	0.1825
\TheName{}-1.0	180	171	29	20	1366	0.165
\TheName{}-1.5	149	178	22	51	1342	0.175
\TheName{}-2.0	143	175	25	57	1438	0.185
\TheName{}-2.5	138	175	25	62	1396	0.1675
\TheName{}-3.0	137	174	26	63	1353	0.185
SVM	178	162	38	22	4	0.005
LR	0	200	0	200	0	0.005
Ye-LDA	111	171	29	89	127	0.005
DTree-10	93	154	46	107	2	0.005
DTree-20	123	147	53	77	5	0.0025
RFC-50	91	180	20	109	19	0.0075
RFC-100	95	179	21	105	40	0.02
NLSVM-0.1	200	13	187	0	2	0.04
NLSVM-1.0	89	160	40	111	2	0.0325
NLSVM-10	0	200	0	200	1	0.03
LDA	136	166	34	64	308	0.225
SDA-0.5	110	179	21	90	1347	0.1625
SDA-1.0	110	179	21	90	1390	0.1675
SDA-1.5	110	179	21	90	1321	0.1725
SDA-2.0	110	179	21	90	1400	0.1725
SDA-2.5	110	179	21	90	1357	0.1675
SDA-3.0	110	179	21	90	1286	0.1725
\TheName{}-0.5	125	63	137	75	1401	0.165
\TheName{}-1.0	158	174	26	42	1464	0.1675
\TheName{}-1.5	129	179	21	71	1447	0.1775
\TheName{}-2.0	124	181	19	76	1381	0.1675
\TheName{}-2.5	118	180	20	82	1450	0.17
\TheName{}-3.0	118	180	20	82	1577	0.18
SVM	153	166	34	47	4	0.005
LR	200	0	200	0	0	0.005
Ye-LDA	159	148	52	41	134	0.0025
DTree-10	95	178	22	105	4	0.0025
DTree-20	118	156	44	82	5	0.0025
RFC-50	94	180	20	106	13	0.0075
RFC-100	95	180	20	105	45	0.0225
NLSVM-0.1	0	200	0	200	2	0.04
NLSVM-1.0	1	200	0	199	2	0.0325
NLSVM-10	9	200	0	191	1	0.03
LDA	158	136	64	42	289	0.17
SDA-0.5	139	182	18	61	1348	0.1625
SDA-1.0	136	181	19	64	1386	0.1775
SDA-1.5	134	179	21	66	1364	0.17
SDA-2.0	134	179	21	66	1365	0.1825
SDA-2.5	134	179	21	66	1392	0.2075
SDA-3.0	133	179	21	67	1565	0.165
\TheName{}-0.5	158	107	93	42	1634	0.1675
\TheName{}-1.0	179	165	35	21	1387	0.165
\TheName{}-1.5	156	174	26	44	1435	0.1675
\TheName{}-2.0	147	177	23	53	1395	0.1675
\TheName{}-2.5	146	178	22	54	1406	0.1775
\TheName{}-3.0	145	177	23	55	1461	0.17
SVM	158	150	50	42	2	0.0025
LR	0	200	0	200	1	0.0075
Ye-LDA	122	180	20	78	139	0.005
DTree-10	89	157	43	111	3	0.0025
DTree-20	103	143	57	97	5	0.005
RFC-50	90	175	25	110	19	0.0075
RFC-100	97	168	32	103	37	0.02
NLSVM-0.1	200	5	195	0	2	0.04
NLSVM-1.0	170	87	113	30	2	0.0325
NLSVM-10	200	10	190	0	2	0.03
LDA	131	135	65	69	263	0.1725
SDA-0.5	98	179	21	102	1262	0.1625
SDA-1.0	97	179	21	103	1270	0.1725
SDA-1.5	97	179	21	103	1337	0.1675
SDA-2.0	97	178	22	103	1312	0.165
SDA-2.5	97	178	22	103	1257	0.165
SDA-3.0	97	178	22	103	1292	0.175
\TheName{}-0.5	142	67	133	58	1384	0.165
\TheName{}-1.0	136	182	18	64	1353	0.1675
\TheName{}-1.5	111	181	19	89	1377	0.1925
\TheName{}-2.0	104	181	19	96	1338	0.1675
\TheName{}-2.5	102	180	20	98	1354	0.165
\TheName{}-3.0	101	179	21	99	1335	0.1725
SVM	138	157	43	62	3	0.0025
LR	0	200	0	200	1	0.0025
Ye-LDA	122	183	17	78	136	0.0025
DTree-10	96	161	39	104	3	0.0025
DTree-20	118	158	42	82	5	0.0025
RFC-50	68	174	26	132	19	0.005
RFC-100	79	175	25	121	39	0.0175
NLSVM-0.1	200	21	179	0	2	0.0425
NLSVM-1.0	194	44	156	6	1	0.0325
NLSVM-10	197	75	125	3	1	0.03
LDA	151	144	56	49	255	0.1625
SDA-0.5	156	174	26	44	1306	0.1625
SDA-1.0	154	174	26	46	1329	0.165
SDA-1.5	154	174	26	46	1277	0.1825
SDA-2.0	154	173	27	46	1289	0.1625
SDA-2.5	154	173	27	46	1315	0.1625
SDA-3.0	154	173	27	46	1255	0.1625
\TheName{}-0.5	168	156	44	32	1364	0.1725
\TheName{}-1.0	167	174	26	33	1379	0.1675
\TheName{}-1.5	161	176	24	39	1352	0.165
\TheName{}-2.0	159	176	24	41	1356	0.1725
\TheName{}-2.5	157	175	25	43	1385	0.16
\TheName{}-3.0	157	175	25	43	1422	0.175
SVM	173	145	55	27	2	0.005
LR	0	200	0	200	0	0.005
Ye-LDA	143	178	22	57	137	0.005
DTree-10	96	167	33	104	3	0.0025
DTree-20	135	156	44	65	5	0.0075
RFC-50	102	190	10	98	20	0.01
RFC-100	105	185	15	95	41	0.0175
NLSVM-0.1	200	13	187	0	2	0.0425
NLSVM-1.0	23	198	2	177	2	0.03
NLSVM-10	200	0	200	0	2	0.03
LDA	116	149	51	84	343	0.1875
SDA-0.5	125	170	30	75	1447	0.17
SDA-1.0	123	166	34	77	1608	0.175
SDA-1.5	122	165	35	78	1438	0.165
SDA-2.0	122	165	35	78	1352	0.175
SDA-2.5	122	165	35	78	1340	0.1675
SDA-3.0	122	165	35	78	1527	0.1725
\TheName{}-0.5	164	139	61	36	1441	0.225
\TheName{}-1.0	139	167	33	61	1483	0.1725
\TheName{}-1.5	131	170	30	69	1559	0.165
\TheName{}-2.0	128	169	31	72	1443	0.175
\TheName{}-2.5	128	169	31	72	1345	0.1725
\TheName{}-3.0	128	167	33	72	1421	0.1725
SVM	146	150	50	54	3	0.0075
LR	0	200	0	200	0	0.005
Ye-LDA	114	169	31	86	132	0.005
DTree-10	76	171	29	124	3	0.0025
DTree-20	102	158	42	98	4	0.005
RFC-50	93	172	28	107	19	0.01
RFC-100	84	170	30	116	35	0.0175
NLSVM-0.1	4	200	0	196	2	0.0425
NLSVM-1.0	177	60	140	23	1	0.0325
NLSVM-10	199	29	171	1	2	0.03
LDA	137	155	45	63	276	0.18
SDA-0.5	131	178	22	69	1447	0.175
SDA-1.0	133	177	23	67	1355	0.1675
SDA-1.5	133	177	23	67	1402	0.1625
SDA-2.0	133	177	23	67	1350	0.1875
SDA-2.5	133	177	23	67	1323	0.165
SDA-3.0	133	177	23	67	1376	0.165
\TheName{}-0.5	159	151	49	41	1478	0.2125
\TheName{}-1.0	152	183	17	48	1572	0.1675
\TheName{}-1.5	141	181	19	59	1476	0.175
\TheName{}-2.0	138	183	17	62	1613	0.1725
\TheName{}-2.5	137	182	18	63	1502	0.18
\TheName{}-3.0	138	181	19	62	1471	0.1925
SVM	149	177	23	51	3	0.0125
LR	0	200	0	200	1	0.0075
Ye-LDA	105	178	22	95	154	0.01
DTree-10	91	173	27	109	3	0.015
DTree-20	110	166	34	90	4	0.0125
RFC-50	97	183	17	103	23	0.015
RFC-100	102	184	16	98	46	0.0125
NLSVM-0.1	200	25	175	0	2	0.04
NLSVM-1.0	188	69	131	12	2	0.0325
NLSVM-10	2	200	0	198	1	0.03
LDA	132	121	79	68	277	0.2025
SDA-0.5	192	116	84	8	1383	0.175
SDA-1.0	192	116	84	8	1333	0.1775
SDA-1.5	192	116	84	8	1668	0.165
SDA-2.0	192	116	84	8	1476	0.22
SDA-2.5	192	116	84	8	1713	0.1975
SDA-3.0	192	116	84	8	1750	0.1725
\TheName{}-0.5	187	134	66	13	1442	0.185
\TheName{}-1.0	189	123	77	11	1548	0.18
\TheName{}-1.5	189	121	79	11	1590	0.1725
\TheName{}-2.0	189	121	79	11	1475	0.175
\TheName{}-2.5	189	120	80	11	1463	0.1775
\TheName{}-3.0	190	119	81	10	1645	0.18
SVM	167	134	66	33	3	0.0075
LR	0	200	0	200	1	0.005
Ye-LDA	178	132	68	22	254	0.0075
DTree-10	92	159	41	108	2	0.005
DTree-20	135	128	72	65	5	0.005
RFC-50	90	165	35	110	49	0.035
RFC-100	85	169	31	115	46	0.0175
NLSVM-0.1	200	20	180	0	4	0.08
NLSVM-1.0	199	48	152	1	2	0.035
NLSVM-10	200	0	200	0	2	0.0325
LDA	162	141	59	38	266	0.1775
SDA-0.5	114	188	12	86	1390	0.175
SDA-1.0	114	187	13	86	1308	0.17
SDA-1.5	113	187	13	87	1323	0.2025
SDA-2.0	112	186	14	88	1337	0.1675
SDA-2.5	112	186	14	88	1313	0.1625
SDA-3.0	111	186	14	89	1364	0.17
\TheName{}-0.5	126	45	155	74	1474	0.18
\TheName{}-1.0	171	147	53	29	1371	0.1675
\TheName{}-1.5	154	184	16	46	1381	0.1675
\TheName{}-2.0	139	185	15	61	1571	0.2375
\TheName{}-2.5	127	187	13	73	1491	0.1675
\TheName{}-3.0	126	187	13	74	1354	0.1675
SVM	178	138	62	22	2	0.005
LR	0	200	0	200	1	0.0025
Ye-LDA	127	176	24	73	133	0.0025
DTree-10	103	173	27	97	3	0.0025
DTree-20	144	164	36	56	5	0.0025
RFC-50	96	187	13	104	19	0.0075
RFC-100	96	186	14	104	37	0.02
NLSVM-0.1	200	29	171	0	2	0.0375
NLSVM-1.0	200	54	146	0	2	0.0325
NLSVM-10	107	191	9	93	1	0.03
LDA	143	153	47	57	265	0.175
SDA-0.5	119	163	37	81	1308	0.1875
SDA-1.0	116	163	37	84	1286	0.17
SDA-1.5	116	163	37	84	1232	0.1675
SDA-2.0	116	163	37	84	1303	0.1625
SDA-2.5	116	163	37	84	1315	0.1725
SDA-3.0	116	163	37	84	1335	0.1825
\TheName{}-0.5	162	171	29	38	1562	0.1975
\TheName{}-1.0	126	169	31	74	1661	0.175
\TheName{}-1.5	121	167	33	79	1498	0.21
\TheName{}-2.0	120	167	33	80	1346	0.165
\TheName{}-2.5	119	165	35	81	1506	0.165
\TheName{}-3.0	119	164	36	81	1419	0.1725
SVM	147	164	36	53	2	0.005
LR	0	200	0	200	0	0.005
Ye-LDA	116	163	37	84	141	0.005
DTree-10	107	149	51	93	2	0.005
DTree-20	129	136	64	71	4	0.005
RFC-50	111	154	46	89	18	0.0075
RFC-100	110	159	41	90	36	0.0175
NLSVM-0.1	200	26	174	0	2	0.0425
NLSVM-1.0	160	107	93	40	1	0.0325
NLSVM-10	200	8	192	0	2	0.0275
LDA	143	160	40	57	260	0.17
SDA-0.5	147	181	19	53	1342	0.18
SDA-1.0	146	180	20	54	1385	0.1625
SDA-1.5	143	180	20	57	1312	0.1775
SDA-2.0	143	181	19	57	1313	0.1675
SDA-2.5	143	181	19	57	1370	0.1675
SDA-3.0	143	181	19	57	1526	0.1675
\TheName{}-0.5	177	143	57	23	1460	0.18
\TheName{}-1.0	168	183	17	32	1545	0.165
\TheName{}-1.5	160	184	16	40	1483	0.165
\TheName{}-2.0	149	183	17	51	1385	0.1925
\TheName{}-2.5	147	183	17	53	1441	0.1825
\TheName{}-3.0	146	182	18	54	1457	0.17
SVM	163	165	35	37	3	0.0025
LR	0	200	0	200	1	0.0025
Ye-LDA	104	176	24	96	146	0.0125
DTree-10	47	185	15	153	3	0.0025
DTree-20	102	179	21	98	4	0.0175
RFC-50	85	186	14	115	24	0.0125
RFC-100	88	185	15	112	44	0.0275
NLSVM-0.1	0	200	0	200	2	0.04
NLSVM-1.0	199	53	147	1	2	0.0325
NLSVM-10	0	200	0	200	1	0.03
LDA	165	127	73	35	297	0.225
SDA-0.5	118	179	21	82	1386	0.1725
SDA-1.0	116	179	21	84	1474	0.22
SDA-1.5	116	177	23	84	1460	0.165
SDA-2.0	116	176	24	84	1345	0.1725
SDA-2.5	116	175	25	84	1471	0.2075
SDA-3.0	116	175	25	84	1517	0.1725
\TheName{}-0.5	130	91	109	70	1485	0.19
\TheName{}-1.0	158	179	21	42	1441	0.18
\TheName{}-1.5	138	176	24	62	1617	0.17
\TheName{}-2.0	132	174	26	68	1467	0.1825
\TheName{}-2.5	127	175	25	73	1424	0.1675
\TheName{}-3.0	125	175	25	75	1767	0.18
SVM	168	144	56	32	2	0.005
LR	0	200	0	200	1	0.005
Ye-LDA	131	174	26	69	139	0.0175
DTree-10	80	177	23	120	3	0.0075
DTree-20	95	163	37	105	11	0.005
RFC-50	85	186	14	115	7	0.01
RFC-100	87	188	12	113	38	0.0225
NLSVM-0.1	0	199	1	200	2	0.0425
NLSVM-1.0	199	48	152	1	2	0.035
NLSVM-10	33	199	1	167	1	0.0325
LDA	161	153	47	39	268	0.1825
SDA-0.5	157	171	29	43	1320	0.1725
SDA-1.0	153	170	30	47	1360	0.2125
SDA-1.5	152	170	30	48	1440	0.1675
SDA-2.0	151	170	30	49	1344	0.175
SDA-2.5	151	170	30	49	1314	0.1675
SDA-3.0	151	170	30	49	1366	0.1675
\TheName{}-0.5	174	173	27	26	1496	0.17
\TheName{}-1.0	160	172	28	40	1506	0.1925
\TheName{}-1.5	156	170	30	44	1396	0.165
\TheName{}-2.0	156	170	30	44	1460	0.165
\TheName{}-2.5	156	170	30	44	1394	0.18
\TheName{}-3.0	156	170	30	44	1452	0.175
SVM	165	160	40	35	3	0.0025
LR	0	200	0	200	0	0.0075
Ye-LDA	144	172	28	56	149	0.005
DTree-10	78	172	28	122	3	0.005
DTree-20	111	166	34	89	5	0.005
RFC-50	95	172	28	105	18	0.01
RFC-100	90	177	23	110	37	0.0175
NLSVM-0.1	1	200	0	199	2	0.0425
NLSVM-1.0	20	194	6	180	1	0.035
NLSVM-10	200	0	200	0	1	0.04
LDA	153	121	79	47	283	0.1875
SDA-0.5	117	179	21	83	1496	0.1875
SDA-1.0	118	179	21	82	1357	0.17
SDA-1.5	116	179	21	84	1295	0.165
SDA-2.0	116	179	21	84	1384	0.185
SDA-2.5	116	179	21	84	1354	0.195
SDA-3.0	116	179	21	84	1322	0.215
\TheName{}-0.5	155	113	87	45	1502	0.165
\TheName{}-1.0	138	178	22	62	1562	0.165
\TheName{}-1.5	125	175	25	75	1414	0.2
\TheName{}-2.0	125	174	26	75	1595	0.2
\TheName{}-2.5	122	177	23	78	1569	0.1975
\TheName{}-3.0	119	178	22	81	1414	0.1825
SVM	169	136	64	31	2	0.005
LR	0	200	0	200	0	0.005
Ye-LDA	142	179	21	58	136	0.0025
DTree-10	93	163	37	107	3	0.005
DTree-20	102	159	41	98	4	0.0025
RFC-50	89	181	19	111	17	0.0075
RFC-100	88	179	21	112	33	0.0175
NLSVM-0.1	200	19	181	0	2	0.04
NLSVM-1.0	196	37	163	4	2	0.03
NLSVM-10	1	200	0	199	2	0.03
LDA	93	158	42	107	256	0.17
SDA-0.5	110	181	19	90	1458	0.165
SDA-1.0	110	181	19	90	1354	0.17
SDA-1.5	108	181	19	92	1280	0.175
SDA-2.0	108	181	19	92	1350	0.1675
SDA-2.5	108	181	19	92	1351	0.1775
SDA-3.0	108	181	19	92	1292	0.165
\TheName{}-0.5	153	124	76	47	1361	0.2
\TheName{}-1.0	127	182	18	73	1396	0.165
\TheName{}-1.5	118	181	19	82	1354	0.165
\TheName{}-2.0	114	179	21	86	1361	0.17
\TheName{}-2.5	112	178	22	88	1396	0.1825
\TheName{}-3.0	112	178	22	88	1553	0.1875
SVM	142	169	31	58	3	0.005
LR	0	200	0	200	0	0.005
Ye-LDA	106	178	22	94	150	0.005
DTree-10	92	163	37	108	3	0.005
DTree-20	116	156	44	84	4	0.005
RFC-50	76	185	15	124	19	0.02
RFC-100	89	182	18	111	18	0.0175
NLSVM-0.1	200	23	177	0	2	0.0475
NLSVM-1.0	188	70	130	12	2	0.035
NLSVM-10	199	50	150	1	2	0.03
LDA	164	141	59	36	256	0.18
SDA-0.5	185	153	47	15	1582	0.1825
SDA-1.0	184	153	47	16	1593	0.1875
SDA-1.5	184	153	47	16	1358	0.1725
SDA-2.0	183	153	47	17	1308	0.1675
SDA-2.5	181	153	47	19	1395	0.1775
SDA-3.0	181	153	47	19	1379	0.17
\TheName{}-0.5	181	127	73	19	1531	0.17
\TheName{}-1.0	186	138	62	14	1450	0.1675
\TheName{}-1.5	186	143	57	14	1694	0.1825
\TheName{}-2.0	186	146	54	14	1410	0.1925
\TheName{}-2.5	186	145	55	14	1396	0.1725
\TheName{}-3.0	186	147	53	14	1477	0.175
SVM	170	146	54	30	4	0.005
LR	0	200	0	200	1	0.0025
Ye-LDA	136	166	34	64	134	0.0025
DTree-10	81	174	26	119	3	0.005
DTree-20	108	166	34	92	4	0.005
RFC-50	88	186	14	112	20	0.01
RFC-100	91	187	13	109	39	0.0225
NLSVM-0.1	117	139	61	83	2	0.04
NLSVM-1.0	197	68	132	3	2	0.0325
NLSVM-10	11	200	0	189	1	0.0325
LDA	126	144	56	74	270	0.1925
SDA-0.5	143	171	29	57	1324	0.1725
SDA-1.0	138	172	28	62	1387	0.185
SDA-1.5	137	172	28	63	1417	0.1675
SDA-2.0	136	172	28	64	1344	0.17
SDA-2.5	136	172	28	64	1349	0.1775
SDA-3.0	136	173	27	64	1360	0.17
\TheName{}-0.5	175	162	38	25	1464	0.18
\TheName{}-1.0	153	170	30	47	1407	0.1875
\TheName{}-1.5	147	172	28	53	1548	0.1725
\TheName{}-2.0	144	171	29	56	1499	0.165
\TheName{}-2.5	142	171	29	58	1396	0.1775
\TheName{}-3.0	142	171	29	58	1471	0.1625
SVM	158	162	38	42	3	0.005
LR	0	200	0	200	0	0.005
Ye-LDA	150	165	35	50	137	0.0025
DTree-10	76	179	21	124	3	0.0025
DTree-20	123	154	46	77	14	0.0125
RFC-50	86	185	15	114	7	0.0125
RFC-100	91	189	11	109	41	0.0225
NLSVM-0.1	198	12	188	2	2	0.04
NLSVM-1.0	2	199	1	198	2	0.0325
NLSVM-10	5	200	0	195	1	0.03
LDA	159	134	66	41	270	0.1925
SDA-0.5	177	154	46	23	1405	0.165
SDA-1.0	175	156	44	25	1354	0.175
SDA-1.5	175	155	45	25	1330	0.17
SDA-2.0	175	155	45	25	1438	0.1675
SDA-2.5	175	155	45	25	1355	0.18
SDA-3.0	175	155	45	25	1368	0.165
\TheName{}-0.5	170	116	84	30	1529	0.1825
\TheName{}-1.0	191	140	60	9	1456	0.17
\TheName{}-1.5	188	153	47	12	1450	0.1675
\TheName{}-2.0	184	152	48	16	1559	0.165
\TheName{}-2.5	184	150	50	16	1448	0.1775
\TheName{}-3.0	182	150	50	18	1422	0.165
SVM	183	135	65	17	2	0.005
LR	0	200	0	200	0	0.005
Ye-LDA	144	160	40	56	131	0.0025
DTree-10	92	155	45	108	3	0.0025
DTree-20	111	142	58	89	5	0.005
RFC-50	88	174	26	112	18	0.0075
RFC-100	97	174	26	103	39	0.0225
NLSVM-0.1	200	11	189	0	1	0.0425
NLSVM-1.0	50	170	30	150	2	0.0325
NLSVM-10	200	0	200	0	1	0.03
LDA	107	160	40	93	269	0.1925
SDA-0.5	150	164	36	50	1398	0.1825
SDA-1.0	149	164	36	51	1435	0.1775
SDA-1.5	149	164	36	51	1344	0.1675
SDA-2.0	149	164	36	51	1359	0.17
SDA-2.5	149	164	36	51	1396	0.18
SDA-3.0	149	164	36	51	1436	0.1675
\TheName{}-0.5	152	86	114	48	1499	0.17
\TheName{}-1.0	184	137	63	16	1437	0.1675
\TheName{}-1.5	175	152	48	25	1406	0.1775
\TheName{}-2.0	167	161	39	33	1351	0.1675
\TheName{}-2.5	160	162	38	40	1457	0.1725
\TheName{}-3.0	158	163	37	42	1400	0.195
SVM	165	132	68	35	3	0.005
LR	200	0	200	0	0	0.0025
Ye-LDA	176	135	65	24	130	0.0025
DTree-10	186	105	95	14	2	0.005
DTree-20	156	137	63	44	4	0.005
RFC-50	85	190	10	115	22	0.0125
RFC-100	83	188	12	117	39	0.025
NLSVM-0.1	87	160	40	113	2	0.0425
NLSVM-1.0	199	51	149	1	1	0.0325
NLSVM-10	87	192	8	113	2	0.035
LDA	123	146	54	77	260	0.1775
SDA-0.5	158	169	31	42	1307	0.18
SDA-1.0	156	170	30	44	1419	0.1675
SDA-1.5	156	170	30	44	1376	0.18
SDA-2.0	156	170	30	44	1463	0.1725
SDA-2.5	156	170	30	44	1408	0.1625
SDA-3.0	156	170	30	44	1271	0.165
\TheName{}-0.5	173	136	64	27	1325	0.1975
\TheName{}-1.0	184	167	33	16	1336	0.1675
\TheName{}-1.5	173	167	33	27	1365	0.165
\TheName{}-2.0	170	169	31	30	1425	0.1625
\TheName{}-2.5	168	169	31	32	1324	0.175
\TheName{}-3.0	163	170	30	37	1318	0.175
SVM	164	158	42	36	3	0.005
LR	0	200	0	200	0	0.005
Ye-LDA	143	174	26	57	143	0.005
DTree-10	98	171	29	102	2	0.005
DTree-20	139	153	47	61	5	0.005
RFC-50	94	182	18	106	8	0.0075
RFC-100	88	185	15	112	40	0.02
NLSVM-0.1	200	14	186	0	2	0.04
NLSVM-1.0	200	30	170	0	2	0.0325
NLSVM-10	200	2	198	0	1	0.0325
LDA	123	156	44	77	264	0.1675
SDA-0.5	110	170	30	90	1278	0.175
SDA-1.0	109	171	29	91	1255	0.165
SDA-1.5	109	171	29	91	1264	0.1625
SDA-2.0	108	170	30	92	1262	0.165
SDA-2.5	108	170	30	92	1308	0.1725
SDA-3.0	108	170	30	92	1257	0.165
\TheName{}-0.5	164	132	68	36	1337	0.18
\TheName{}-1.0	138	172	28	62	1362	0.165
\TheName{}-1.5	124	170	30	76	1334	0.1775
\TheName{}-2.0	119	172	28	81	1337	0.1675
\TheName{}-2.5	116	170	30	84	1332	0.165
\TheName{}-3.0	114	170	30	86	1339	0.18
SVM	140	165	35	60	3	0.0025
LR	0	200	0	200	0	0.005
Ye-LDA	141	176	24	59	135	0.005
DTree-10	57	170	30	143	2	0.005
DTree-20	110	159	41	90	4	0.0025
RFC-50	62	181	19	138	6	0.0075
RFC-100	86	170	30	114	38	0.02
NLSVM-0.1	3	200	0	197	2	0.04
NLSVM-1.0	163	83	117	37	2	0.03
NLSVM-10	200	22	178	0	2	0.03
LDA	164	136	64	36	256	0.17
SDA-0.5	166	154	46	34	1267	0.1675
SDA-1.0	164	154	46	36	1265	0.1625
SDA-1.5	161	154	46	39	1311	0.1775
SDA-2.0	161	155	45	39	1242	0.18
SDA-2.5	161	157	43	39	1526	0.165
SDA-3.0	161	157	43	39	1448	0.23
\TheName{}-0.5	183	162	38	17	1641	0.185
\TheName{}-1.0	172	160	40	28	1674	0.165
\TheName{}-1.5	168	158	42	32	1966	0.18
\TheName{}-2.0	165	157	43	35	1521	0.2
\TheName{}-2.5	165	157	43	35	1718	0.2175
\TheName{}-3.0	165	157	43	35	1539	0.175
SVM	174	148	52	26	2	0.0025
LR	0	200	0	200	1	0.0025
Ye-LDA	164	160	40	36	156	0.0175
DTree-10	89	174	26	111	5	0.005
DTree-20	120	161	39	80	5	0.005
RFC-50	107	175	25	93	7	0.0125
RFC-100	108	177	23	92	37	0.02
NLSVM-0.1	200	17	183	0	1	0.04
NLSVM-1.0	197	44	156	3	2	0.03
NLSVM-10	200	0	200	0	2	0.03
LDA	162	147	53	38	329	0.21
SDA-0.5	144	177	23	56	2105	0.1825
SDA-1.0	140	177	23	60	2252	0.1875
SDA-1.5	139	178	22	61	1488	0.165
SDA-2.0	137	178	22	63	1523	0.17
SDA-2.5	136	178	22	64	1477	0.1675
SDA-3.0	136	177	23	64	1240	0.175
\TheName{}-0.5	177	136	64	23	1504	0.165
\TheName{}-1.0	168	173	27	32	1449	0.1675
\TheName{}-1.5	159	176	24	41	1379	0.17
\TheName{}-2.0	153	177	23	47	1331	0.1725
\TheName{}-2.5	148	176	24	52	1410	0.165
\TheName{}-3.0	148	175	25	52	1415	0.1675
SVM	171	150	50	29	3	0.0025
LR	200	0	200	0	1	0.0025
Ye-LDA	173	152	48	27	130	0.0025
DTree-10	92	170	30	108	3	0.0025
DTree-20	126	150	50	74	4	0.005
RFC-50	83	181	19	117	18	0.01
RFC-100	85	186	14	115	38	0.0125
NLSVM-0.1	1	200	0	199	1	0.0425
NLSVM-1.0	199	59	141	1	2	0.03
NLSVM-10	1	200	0	199	2	0.0275
LDA	146	154	46	54	268	0.1725
SDA-0.5	109	174	26	91	1252	0.1625
SDA-1.0	109	174	26	91	1336	0.1675
SDA-1.5	109	174	26	91	1336	0.1825
SDA-2.0	109	174	26	91	1347	0.1775
SDA-2.5	109	174	26	91	1383	0.1775
SDA-3.0	109	174	26	91	1623	0.165
\TheName{}-0.5	134	88	112	66	1409	0.165
\TheName{}-1.0	159	168	32	41	1395	0.1925
\TheName{}-1.5	132	172	28	68	1934	0.1625
\TheName{}-2.0	121	172	28	79	1701	0.175
\TheName{}-2.5	116	172	28	84	1587	0.165
\TheName{}-3.0	112	173	27	88	1662	0.21
SVM	166	162	38	34	4	0.005
LR	0	200	0	200	1	0.005
Ye-LDA	121	174	26	79	145	0.005
DTree-10	102	156	44	98	3	0.005
DTree-20	109	164	36	91	4	0.0075
RFC-50	96	175	25	104	6	0.0075
RFC-100	81	183	17	119	13	0.015
NLSVM-0.1	0	200	0	200	2	0.0425
NLSVM-1.0	8	198	2	192	2	0.03
NLSVM-10	1	199	1	199	1	0.0325
LDA	113	161	39	87	274	0.195
SDA-0.5	127	166	34	73	1528	0.1825
SDA-1.0	126	166	34	74	1464	0.2125
SDA-1.5	125	166	34	75	1620	0.3675
SDA-2.0	125	165	35	75	2108	0.17
SDA-2.5	125	165	35	75	1472	0.165
SDA-3.0	125	165	35	75	1382	0.185
\TheName{}-0.5	133	90	110	67	1543	0.1775
\TheName{}-1.0	154	160	40	46	1564	0.165
\TheName{}-1.5	144	164	36	56	1469	0.17
\TheName{}-2.0	140	163	37	60	1404	0.1675
\TheName{}-2.5	136	163	37	64	1603	0.165
\TheName{}-3.0	135	165	35	65	1480	0.1925
SVM	126	164	36	74	3	0.0125
LR	200	0	200	0	1	0.015
Ye-LDA	152	116	84	48	172	0.015
DTree-10	77	156	44	123	24	0.015
DTree-20	104	151	49	96	21	0.005
RFC-50	79	181	19	121	18	0.01
RFC-100	84	177	23	116	36	0.0275
NLSVM-0.1	199	14	186	1	2	0.0425
NLSVM-1.0	12	199	1	188	2	0.0425
NLSVM-10	102	173	27	98	2	0.045
LDA	138	166	34	62	257	0.165
SDA-0.5	150	175	25	50	1348	0.185
SDA-1.0	147	174	26	53	1360	0.165
SDA-1.5	147	174	26	53	1324	0.1725
SDA-2.0	147	174	26	53	1377	0.1725
SDA-2.5	147	174	26	53	1351	0.165
SDA-3.0	147	174	26	53	1313	0.16
\TheName{}-0.5	178	167	33	22	1401	0.1675
\TheName{}-1.0	161	172	28	39	1389	0.1675
\TheName{}-1.5	154	177	23	46	1469	0.185
\TheName{}-2.0	152	175	25	48	1419	0.18
\TheName{}-2.5	152	175	25	48	1409	0.17
\TheName{}-3.0	151	175	25	49	1448	0.1625
SVM	154	160	40	46	3	0.005
LR	0	200	0	200	0	0.005
Ye-LDA	144	184	16	56	138	0.0025
DTree-10	87	167	33	113	3	0.0025
DTree-20	129	161	39	71	5	0.0025
RFC-50	98	189	11	102	18	0.01
RFC-100	90	192	8	110	37	0.0225
NLSVM-0.1	0	200	0	200	2	0.04
NLSVM-1.0	28	198	2	172	1	0.0325
NLSVM-10	200	27	173	0	2	0.03
LDA	112	163	37	88	264	0.2025
SDA-0.5	145	173	27	55	1308	0.17
SDA-1.0	145	173	27	55	1383	0.17
SDA-1.5	145	173	27	55	1438	0.1625
SDA-2.0	144	173	27	56	1368	0.1825
SDA-2.5	144	173	27	56	1323	0.1675
SDA-3.0	144	173	27	56	1317	0.17
\TheName{}-0.5	170	128	72	30	1399	0.17
\TheName{}-1.0	157	172	28	43	1347	0.175
\TheName{}-1.5	152	169	31	48	1404	0.175
\TheName{}-2.0	148	169	31	52	1438	0.165
\TheName{}-2.5	147	169	31	53	1343	0.1725
\TheName{}-3.0	147	169	31	53	1502	0.1875
SVM	155	165	35	45	3	0.0025
LR	0	200	0	200	1	0.0025
Ye-LDA	132	174	26	68	148	0.0025
DTree-10	90	166	34	110	2	0.005
DTree-20	117	160	40	83	5	0.0025
RFC-50	88	179	21	112	17	0.0075
RFC-100	88	181	19	112	12	0.02
NLSVM-0.1	3	200	0	197	2	0.0375
NLSVM-1.0	180	78	122	20	2	0.0325
NLSVM-10	173	149	51	27	1	0.0325
LDA	132	142	58	68	254	0.17
SDA-0.5	126	169	31	74	1342	0.175
SDA-1.0	125	170	30	75	1307	0.175
SDA-1.5	123	168	32	77	1287	0.1725
SDA-2.0	123	168	32	77	1371	0.1825
SDA-2.5	123	168	32	77	1350	0.1725
SDA-3.0	123	168	32	77	1288	0.1875
\TheName{}-0.5	127	91	109	73	1692	0.1725
\TheName{}-1.0	180	164	36	20	1465	0.1725
\TheName{}-1.5	155	168	32	45	1461	0.1675
\TheName{}-2.0	148	166	34	52	1442	0.23
\TheName{}-2.5	138	167	33	62	1419	0.1725
\TheName{}-3.0	136	165	35	64	1365	0.165
SVM	145	167	33	55	2	0.005
LR	0	200	0	200	0	0.0025
Ye-LDA	172	170	30	28	147	0.005
DTree-10	93	157	43	107	3	0.0075
DTree-20	118	145	55	82	4	0.005
RFC-50	94	166	34	106	19	0.0075
RFC-100	91	176	24	109	12	0.0175
NLSVM-0.1	200	15	185	0	2	0.0425
NLSVM-1.0	153	68	132	47	1	0.0475
NLSVM-10	30	198	2	170	5	0.045
LDA	162	115	85	38	261	0.175
SDA-0.5	128	169	31	72	1412	0.1925
SDA-1.0	125	169	31	75	1318	0.165
SDA-1.5	123	170	30	77	1271	0.18
SDA-2.0	123	170	30	77	1330	0.1825
SDA-2.5	123	170	30	77	1367	0.185
SDA-3.0	123	170	30	77	1336	0.1725
\TheName{}-0.5	137	70	130	63	1357	0.1975
\TheName{}-1.0	161	162	38	39	1545	0.1675
\TheName{}-1.5	144	170	30	56	1382	0.175
\TheName{}-2.0	135	170	30	65	1362	0.17
\TheName{}-2.5	133	170	30	67	1482	0.1775
\TheName{}-3.0	132	170	30	68	1392	0.165
SVM	178	137	63	22	2	0.005
LR	0	200	0	200	0	0.005
Ye-LDA	139	179	21	61	136	0.005
DTree-10	96	162	38	104	2	0.0075
DTree-20	115	161	39	85	4	0.005
RFC-50	92	179	21	108	19	0.0075
RFC-100	96	179	21	104	35	0.02
NLSVM-0.1	200	17	183	0	2	0.0425
NLSVM-1.0	23	196	4	177	1	0.035
NLSVM-10	200	26	174	0	1	0.0325
LDA	154	152	48	46	265	0.1675
SDA-0.5	155	173	27	45	1421	0.1625
SDA-1.0	150	172	28	50	1377	0.1625
SDA-1.5	149	172	28	51	1274	0.17
SDA-2.0	148	172	28	52	1334	0.1725
SDA-2.5	148	171	29	52	1281	0.165
SDA-3.0	148	171	29	52	1273	0.17
\TheName{}-0.5	168	172	28	32	1400	0.165
\TheName{}-1.0	155	174	26	45	1370	0.175
\TheName{}-1.5	156	174	26	44	1372	0.1675
\TheName{}-2.0	155	174	26	45	1388	0.1675
\TheName{}-2.5	151	173	27	49	1336	0.1725
\TheName{}-3.0	150	173	27	50	1296	0.1875
SVM	166	168	32	34	2	0.005
LR	0	200	0	200	1	0.005
Ye-LDA	136	171	29	64	129	0.005
DTree-10	70	176	24	130	2	0.005
DTree-20	102	157	43	98	4	0.005
RFC-50	102	174	26	98	19	0.01
RFC-100	105	175	25	95	39	0.0175
NLSVM-0.1	2	200	0	198	2	0.0425
NLSVM-1.0	31	195	5	169	1	0.0325
NLSVM-10	1	200	0	199	1	0.035
LDA	172	149	51	28	274	0.165
SDA-0.5	124	175	25	76	1251	0.16
SDA-1.0	123	175	25	77	1223	0.1725
SDA-1.5	123	174	26	77	1225	0.17
SDA-2.0	123	173	27	77	1255	0.1625
SDA-2.5	123	174	26	77	1260	0.1675
SDA-3.0	123	174	26	77	1246	0.18
\TheName{}-0.5	167	167	33	33	1293	0.1725
\TheName{}-1.0	146	185	15	54	1337	0.1725
\TheName{}-1.5	135	180	20	65	1437	0.1725
\TheName{}-2.0	130	177	23	70	1441	0.175
\TheName{}-2.5	128	175	25	72	1354	0.1675
\TheName{}-3.0	126	175	25	74	1324	0.165
SVM	178	173	27	22	2	0.005
LR	0	200	0	200	1	0.0025
Ye-LDA	111	183	17	89	138	0.0025
DTree-10	89	174	26	111	3	0.0025
DTree-20	123	155	45	77	5	0.0025
RFC-50	87	188	12	113	16	0.0075
RFC-100	86	185	15	114	32	0.0175
NLSVM-0.1	200	26	174	0	2	0.04
NLSVM-1.0	177	84	116	23	2	0.0325
NLSVM-10	198	56	144	2	1	0.0325
LDA	151	147	53	49	255	0.18
SDA-0.5	119	186	14	81	1247	0.17
SDA-1.0	119	186	14	81	1281	0.1675
SDA-1.5	119	186	14	81	1308	0.1675
SDA-2.0	119	186	14	81	1273	0.1775
SDA-2.5	119	186	14	81	1309	0.175
SDA-3.0	118	186	14	82	1354	0.1725
\TheName{}-0.5	133	58	142	67	1352	0.1675
\TheName{}-1.0	164	168	32	36	1329	0.175
\TheName{}-1.5	139	183	17	61	1352	0.1975
\TheName{}-2.0	129	184	16	71	1358	0.165
\TheName{}-2.5	122	184	16	78	1417	0.1625
\TheName{}-3.0	121	185	15	79	1401	0.17
SVM	174	152	48	26	3	0.005
LR	0	200	0	200	1	0.0025
Ye-LDA	97	189	11	103	137	0.0025
DTree-10	90	176	24	110	2	0.005
DTree-20	114	166	34	86	4	0.005
RFC-50	52	196	4	148	15	0.0075
RFC-100	56	195	5	144	31	0.015
NLSVM-0.1	8	198	2	192	2	0.04
NLSVM-1.0	88	141	59	112	2	0.0325
NLSVM-10	19	199	1	181	2	0.03
LDA	157	131	69	43	238	0.165
SDA-0.5	117	186	14	83	1231	0.1675
SDA-1.0	114	186	14	86	1520	0.1625
SDA-1.5	114	186	14	86	1301	0.175
SDA-2.0	114	186	14	86	1511	0.17
SDA-2.5	114	186	14	86	1276	0.165
SDA-3.0	114	186	14	86	1253	0.1625
\TheName{}-0.5	142	87	113	58	1418	0.19
\TheName{}-1.0	130	182	18	70	1435	0.175
\TheName{}-1.5	125	184	16	75	1413	0.1675
\TheName{}-2.0	121	186	14	79	1345	0.26
\TheName{}-2.5	119	186	14	81	1407	0.1725
\TheName{}-3.0	117	186	14	83	1421	0.1775
SVM	164	141	59	36	4	0.005
LR	0	200	0	200	0	0.005
Ye-LDA	118	179	21	82	130	0.005
DTree-10	91	164	36	109	2	0.005
DTree-20	127	152	48	73	4	0.005
RFC-50	82	181	19	118	19	0.0075
RFC-100	90	180	20	110	39	0.0175
NLSVM-0.1	1	200	0	199	2	0.04
NLSVM-1.0	63	163	37	137	2	0.03
NLSVM-10	150	158	42	50	2	0.03
LDA	125	153	47	75	298	0.1825
SDA-0.5	107	168	32	93	1307	0.17
SDA-1.0	107	167	33	93	1386	0.175
SDA-1.5	107	167	33	93	1298	0.1775
SDA-2.0	106	167	33	94	1276	0.165
SDA-2.5	106	167	33	94	1435	0.165
SDA-3.0	106	167	33	94	1353	0.165
\TheName{}-0.5	147	65	135	53	1405	0.175
\TheName{}-1.0	163	168	32	37	1402	0.1625
\TheName{}-1.5	132	173	27	68	1457	0.17
\TheName{}-2.0	120	170	30	80	1386	0.1725
\TheName{}-2.5	116	169	31	84	1535	0.18
\TheName{}-3.0	110	169	31	90	1432	0.17
SVM	170	155	45	30	2	0.005
LR	0	200	0	200	0	0.0025
Ye-LDA	123	176	24	77	135	0.0025
DTree-10	102	142	58	98	2	0.0025
DTree-20	134	117	83	66	4	0.0025
RFC-50	103	160	40	97	18	0.0075
RFC-100	101	167	33	99	36	0.0175
NLSVM-0.1	200	8	192	0	2	0.04
NLSVM-1.0	3	199	1	197	1	0.0325
NLSVM-10	147	150	50	53	1	0.03
LDA	146	153	47	54	276	0.17
SDA-0.5	133	181	19	67	1269	0.1725
SDA-1.0	132	181	19	68	1249	0.17
SDA-1.5	131	181	19	69	1357	0.17
SDA-2.0	131	181	19	69	1332	0.165
SDA-2.5	131	181	19	69	1287	0.1725
SDA-3.0	131	181	19	69	1315	0.1775
\TheName{}-0.5	166	158	42	34	1640	0.1875
\TheName{}-1.0	143	180	20	57	1415	0.17
\TheName{}-1.5	141	180	20	59	1408	0.18
\TheName{}-2.0	140	180	20	60	1451	0.165
\TheName{}-2.5	136	180	20	64	1380	0.1675
\TheName{}-3.0	136	180	20	64	1373	0.165
SVM	159	167	33	41	3	0.0075
LR	0	200	0	200	0	0.0025
Ye-LDA	137	176	24	63	132	0.005
DTree-10	97	175	25	103	2	0.0025
DTree-20	120	165	35	80	4	0.005
RFC-50	106	182	18	94	18	0.0075
RFC-100	101	184	16	99	38	0.0175
NLSVM-0.1	200	12	188	0	2	0.04
NLSVM-1.0	180	96	104	20	2	0.03
NLSVM-10	19	199	1	181	2	0.03
LDA	149	121	79	51	261	0.175
SDA-0.5	145	167	33	55	1445	0.1625
SDA-1.0	143	167	33	57	1376	0.165
SDA-1.5	142	167	33	58	1469	0.1725
SDA-2.0	142	167	33	58	1405	0.1725
SDA-2.5	141	167	33	59	1585	0.1625
SDA-3.0	141	167	33	59	1355	0.1675
\TheName{}-0.5	183	135	65	17	1436	0.175
\TheName{}-1.0	169	161	39	31	1492	0.165
\TheName{}-1.5	154	167	33	46	1422	0.1775
\TheName{}-2.0	152	166	34	48	1394	0.175
\TheName{}-2.5	150	166	34	50	1447	0.1725
\TheName{}-3.0	148	166	34	52	1396	0.1675
SVM	169	129	71	31	3	0.005
LR	0	200	0	200	0	0.005
Ye-LDA	159	154	46	41	128	0.005
DTree-10	99	152	48	101	2	0.005
DTree-20	134	125	75	66	4	0.005
RFC-50	91	172	28	109	17	0.0075
RFC-100	89	170	30	111	34	0.0175
NLSVM-0.1	5	200	0	195	2	0.04
NLSVM-1.0	198	50	150	2	1	0.0325
NLSVM-10	10	200	0	190	1	0.03
LDA	109	156	44	91	261	0.17
SDA-0.5	134	177	23	66	1336	0.185
SDA-1.0	132	177	23	68	1501	0.165
SDA-1.5	132	177	23	68	1498	0.165
SDA-2.0	131	177	23	69	1310	0.1775
SDA-2.5	130	176	24	70	1399	0.1775
SDA-3.0	130	176	24	70	1389	0.165
\TheName{}-0.5	130	112	88	70	1440	0.18
\TheName{}-1.0	145	183	17	55	1685	0.24
\TheName{}-1.5	145	180	20	55	1504	0.1675
\TheName{}-2.0	141	179	21	59	1437	0.175
\TheName{}-2.5	138	179	21	62	1548	0.1675
\TheName{}-3.0	136	178	22	64	1457	0.18
SVM	135	165	35	65	3	0.005
LR	0	200	0	200	0	0.005
Ye-LDA	131	172	28	69	156	0.005
DTree-10	84	180	20	116	2	0.005
DTree-20	104	174	26	96	4	0.005
RFC-50	104	174	26	96	21	0.0125
RFC-100	104	174	26	96	42	0.02
NLSVM-0.1	199	28	172	1	2	0.0425
NLSVM-1.0	159	95	105	41	1	0.035
NLSVM-10	18	200	0	182	1	0.03
LDA	165	139	61	35	270	0.1625
SDA-0.5	124	178	22	76	1293	0.17
SDA-1.0	124	178	22	76	1370	0.1625
SDA-1.5	124	178	22	76	1459	0.1825
SDA-2.0	124	178	22	76	1322	0.1625
SDA-2.5	124	178	22	76	1354	0.175
SDA-3.0	124	178	22	76	1352	0.165
\TheName{}-0.5	148	92	108	52	1470	0.1725
\TheName{}-1.0	168	174	26	32	1506	0.18
\TheName{}-1.5	148	183	17	52	1507	0.1625
\TheName{}-2.0	141	180	20	59	1344	0.1625
\TheName{}-2.5	134	180	20	66	1358	0.1725
\TheName{}-3.0	129	179	21	71	1417	0.1775
SVM	168	159	41	32	3	0.0025
LR	0	200	0	200	0	0.0125
Ye-LDA	129	166	34	71	136	0.005
DTree-10	118	158	42	82	2	0.005
DTree-20	111	165	35	89	4	0.005
RFC-50	91	180	20	109	18	0.0075
RFC-100	85	181	19	115	36	0.02
NLSVM-0.1	200	19	181	0	2	0.0375
NLSVM-1.0	157	110	90	43	2	0.03
NLSVM-10	192	96	104	8	2	0.03
LDA	130	154	46	70	260	0.1625
SDA-0.5	125	165	35	75	1369	0.1825
SDA-1.0	122	165	35	78	1293	0.175
SDA-1.5	122	164	36	78	1340	0.165
SDA-2.0	121	164	36	79	1425	0.1725
SDA-2.5	121	164	36	79	1384	0.1775
SDA-3.0	119	164	36	81	1306	0.18
\TheName{}-0.5	142	175	25	58	1464	0.1675
\TheName{}-1.0	126	169	31	74	1492	0.17
\TheName{}-1.5	126	168	32	74	1480	0.2025
\TheName{}-2.0	127	167	33	73	1433	0.17
\TheName{}-2.5	126	166	34	74	1374	0.165
\TheName{}-3.0	123	166	34	77	1412	0.1725
SVM	156	163	37	44	4	0.005
LR	0	200	0	200	0	0.005
Ye-LDA	111	170	30	89	149	0.005
DTree-10	80	160	40	120	3	0.0025
DTree-20	105	145	55	95	4	0.005
RFC-50	87	166	34	113	17	0.0075
RFC-100	91	170	30	109	34	0.0175
NLSVM-0.1	2	200	0	198	2	0.04
NLSVM-1.0	176	82	118	24	2	0.0325
NLSVM-10	96	174	26	104	1	0.0325
LDA	147	118	82	53	260	0.175
SDA-0.5	115	175	25	85	1392	0.1725
SDA-1.0	113	175	25	87	1326	0.24
SDA-1.5	113	175	25	87	1304	0.1625
SDA-2.0	113	175	25	87	1421	0.175
SDA-2.5	114	175	25	86	1417	0.1775
SDA-3.0	114	175	25	86	1381	0.175
\TheName{}-0.5	143	114	86	57	1422	0.1675
\TheName{}-1.0	150	181	19	50	1503	0.1725
\TheName{}-1.5	132	177	23	68	1518	0.1675
\TheName{}-2.0	126	177	23	74	1522	0.1675
\TheName{}-2.5	122	176	24	78	1499	0.2225
\TheName{}-3.0	117	176	24	83	1453	0.1725
SVM	140	173	27	60	3	0.0025
LR	0	200	0	200	1	0.0025
Ye-LDA	119	169	31	81	134	0.0025
DTree-10	78	179	21	122	3	0.0025
DTree-20	106	162	38	94	4	0.005
RFC-50	72	186	14	128	19	0.0075
RFC-100	74	182	18	126	36	0.0175
NLSVM-0.1	200	15	185	0	2	0.0425
NLSVM-1.0	195	39	161	5	1	0.0325
NLSVM-10	200	0	200	0	1	0.03
LDA	125	132	68	75	327	0.18
SDA-0.5	113	180	20	87	1375	0.165
SDA-1.0	110	178	22	90	1383	0.175
SDA-1.5	109	178	22	91	1436	0.1675
SDA-2.0	109	178	22	91	1496	0.1825
SDA-2.5	109	178	22	91	1758	0.185
SDA-3.0	109	178	22	91	1723	0.1875
\TheName{}-0.5	174	123	77	26	1580	0.165
\TheName{}-1.0	137	177	23	63	1523	0.1675
\TheName{}-1.5	129	178	22	71	1391	0.17
\TheName{}-2.0	123	177	23	77	1468	0.18
\TheName{}-2.5	119	177	23	81	1468	0.165
\TheName{}-3.0	118	177	23	82	1376	0.165
SVM	164	142	58	36	3	0.0025
LR	0	200	0	200	1	0.0025
Ye-LDA	130	182	18	70	129	0.0025
DTree-10	89	158	42	111	3	0.0025
DTree-20	113	155	45	87	5	0.0025
RFC-50	84	187	13	116	17	0.0075
RFC-100	84	185	15	116	33	0.015
NLSVM-0.1	200	16	184	0	2	0.0425
NLSVM-1.0	177	78	122	23	2	0.0325
NLSVM-10	1	200	0	199	1	0.03
LDA	122	151	49	78	296	0.17
SDA-0.5	157	159	41	43	1296	0.165
SDA-1.0	153	158	42	47	1330	0.175
SDA-1.5	153	158	42	47	1275	0.18
SDA-2.0	152	157	43	48	1389	0.175
SDA-2.5	152	157	43	48	1370	0.1925
SDA-3.0	152	157	43	48	1424	0.17
\TheName{}-0.5	167	160	40	33	1434	0.175
\TheName{}-1.0	161	161	39	39	1583	0.165
\TheName{}-1.5	157	159	41	43	1423	0.2875
\TheName{}-2.0	156	159	41	44	1517	0.165
\TheName{}-2.5	156	158	42	44	1438	0.2075
\TheName{}-3.0	155	159	41	45	1459	0.165
SVM	140	161	39	60	2	0.0075
LR	0	200	0	200	0	0.005
Ye-LDA	143	169	31	57	138	0.0075
DTree-10	101	163	37	99	3	0.0025
DTree-20	130	141	59	70	5	0.0025
RFC-50	105	176	24	95	19	0.0075
RFC-100	108	174	26	92	38	0.02
NLSVM-0.1	200	24	176	0	2	0.04
NLSVM-1.0	178	76	124	22	1	0.0325
NLSVM-10	200	0	200	0	1	0.03
LDA	140	148	52	60	263	0.17
SDA-0.5	152	160	40	48	1474	0.2225
SDA-1.0	152	160	40	48	1489	0.1975
SDA-1.5	152	160	40	48	1503	0.1675
SDA-2.0	151	160	40	49	1365	0.1725
SDA-2.5	150	161	39	50	1306	0.165
SDA-3.0	150	161	39	50	1338	0.1625
\TheName{}-0.5	151	172	28	49	1362	0.165
\TheName{}-1.0	150	165	35	50	1386	0.175
\TheName{}-1.5	153	162	38	47	1412	0.165
\TheName{}-2.0	153	162	38	47	1384	0.1625
\TheName{}-2.5	153	160	40	47	1390	0.185
\TheName{}-3.0	152	160	40	48	1394	0.1625
SVM	149	171	29	51	3	0.005
LR	0	200	0	200	0	0.005
Ye-LDA	133	169	31	67	134	0.005
DTree-10	55	187	13	145	3	0.0025
DTree-20	104	157	43	96	5	0.005
RFC-50	92	177	23	108	7	0.01
RFC-100	91	176	24	109	38	0.0175
NLSVM-0.1	2	200	0	198	3	0.04
NLSVM-1.0	165	82	118	35	1	0.0325
NLSVM-10	200	0	200	0	1	0.03
LDA	148	154	46	52	258	0.1625
SDA-0.5	138	178	22	62	1319	0.175
SDA-1.0	138	177	23	62	1336	0.165
SDA-1.5	138	177	23	62	1316	0.16
SDA-2.0	138	177	23	62	1355	0.165
SDA-2.5	138	177	23	62	1326	0.17
SDA-3.0	138	177	23	62	1333	0.165
\TheName{}-0.5	127	127	73	73	1437	0.17
\TheName{}-1.0	155	174	26	45	1390	0.1625
\TheName{}-1.5	146	175	25	54	1417	0.1625
\TheName{}-2.0	145	175	25	55	1451	0.1675
\TheName{}-2.5	143	176	24	57	1431	0.165
\TheName{}-3.0	143	176	24	57	1408	0.1725
SVM	167	158	42	33	4	0.0025
LR	0	200	0	200	1	0.0025
Ye-LDA	131	179	21	69	136	0.005
DTree-10	118	158	42	82	3	0.0025
DTree-20	139	148	52	61	5	0.0025
RFC-50	110	178	22	90	21	0.0075
RFC-100	104	178	22	96	44	0.0225
NLSVM-0.1	0	200	0	200	2	0.045
NLSVM-1.0	183	62	138	17	1	0.0325
NLSVM-10	197	87	113	3	1	0.03
LDA	157	136	64	43	251	0.16
SDA-0.5	144	170	30	56	1332	0.1925
SDA-1.0	142	170	30	58	1310	0.1675
SDA-1.5	142	170	30	58	1268	0.16
SDA-2.0	141	170	30	59	1277	0.1675
SDA-2.5	141	170	30	59	1306	0.18
SDA-3.0	142	170	30	58	1295	0.165
\TheName{}-0.5	173	150	50	27	1339	0.1725
\TheName{}-1.0	155	173	27	45	1377	0.1625
\TheName{}-1.5	149	173	27	51	1390	0.1625
\TheName{}-2.0	147	172	28	53	1367	0.175
\TheName{}-2.5	147	172	28	53	1371	0.165
\TheName{}-3.0	145	171	29	55	1372	0.1625
SVM	167	141	59	33	3	0.0025
LR	0	200	0	200	1	0.0025
Ye-LDA	154	169	31	46	140	0.005
DTree-10	89	159	41	111	3	0.0025
DTree-20	114	150	50	86	4	0.005
RFC-50	90	177	23	110	18	0.0075
RFC-100	91	178	22	109	36	0.0175
NLSVM-0.1	200	12	188	0	2	0.04
NLSVM-1.0	185	45	155	15	1	0.0325
NLSVM-10	200	0	200	0	1	0.0275
LDA	157	157	43	43	257	0.165
SDA-0.5	146	184	16	54	1316	0.175
SDA-1.0	145	184	16	55	1291	0.165
SDA-1.5	144	184	16	56	1307	0.165
SDA-2.0	144	184	16	56	1286	0.1675
SDA-2.5	144	184	16	56	1259	0.175
SDA-3.0	144	184	16	56	1283	0.1625
\TheName{}-0.5	173	166	34	27	1385	0.165
\TheName{}-1.0	154	183	17	46	1344	0.1625
\TheName{}-1.5	150	184	16	50	1343	0.1725
\TheName{}-2.0	150	182	18	50	1364	0.165
\TheName{}-2.5	149	184	16	51	1416	0.165
\TheName{}-3.0	148	184	16	52	1350	0.1725
SVM	159	160	40	41	3	0.005
LR	0	200	0	200	0	0.005
Ye-LDA	113	181	19	87	132	0.0025
DTree-10	77	174	26	123	3	0.0025
DTree-20	97	156	44	103	4	0.005
RFC-50	78	184	16	122	6	0.0075
RFC-100	80	185	15	120	39	0.02
NLSVM-0.1	200	11	189	0	2	0.04
NLSVM-1.0	184	61	139	16	1	0.0325
NLSVM-10	2	199	1	198	1	0.03
LDA	152	150	50	48	251	0.1675
SDA-0.5	149	176	24	51	1338	0.1625
SDA-1.0	149	175	25	51	1285	0.1675
SDA-1.5	148	175	25	52	1262	0.165
SDA-2.0	148	175	25	52	1272	0.1725
SDA-2.5	148	175	25	52	1317	0.165
SDA-3.0	148	175	25	52	1272	0.16
\TheName{}-0.5	173	162	38	27	1334	0.165
\TheName{}-1.0	162	175	25	38	1420	0.1775
\TheName{}-1.5	155	175	25	45	1406	0.165
\TheName{}-2.0	153	176	24	47	1358	0.165
\TheName{}-2.5	151	176	24	49	1342	0.19
\TheName{}-3.0	151	175	25	49	1367	0.165
SVM	167	158	42	33	2	0.005
LR	0	200	0	200	0	0.005
Ye-LDA	130	183	17	70	132	0.005
DTree-10	72	175	25	128	2	0.005
DTree-20	113	149	51	87	4	0.005
RFC-50	103	171	29	97	19	0.0075
RFC-100	97	171	29	103	37	0.02
NLSVM-0.1	200	11	189	0	2	0.04
NLSVM-1.0	197	34	166	3	1	0.0325
NLSVM-10	5	200	0	195	2	0.0275
LDA	173	129	71	27	252	0.17
SDA-0.5	139	184	16	61	1271	0.1675
SDA-1.0	138	183	17	62	1305	0.18
SDA-1.5	138	183	17	62	1299	0.1625
SDA-2.0	137	183	17	63	1260	0.165
SDA-2.5	137	183	17	63	1260	0.165
SDA-3.0	137	182	18	63	1300	0.17
\TheName{}-0.5	164	148	52	36	1377	0.1675
\TheName{}-1.0	155	179	21	45	1333	0.1675
\TheName{}-1.5	147	183	17	53	1316	0.1625
\TheName{}-2.0	147	183	17	53	1359	0.165
\TheName{}-2.5	145	183	17	55	1350	0.1725
\TheName{}-3.0	143	183	17	57	1308	0.165
SVM	177	143	57	23	2	0.005
LR	0	200	0	200	1	0.0025
Ye-LDA	134	185	15	66	131	0.005
DTree-10	81	170	30	119	2	0.005
DTree-20	97	165	35	103	4	0.005
RFC-50	88	187	13	112	18	0.01
RFC-100	92	185	15	108	38	0.0225
NLSVM-0.1	200	14	186	0	2	0.04
NLSVM-1.0	49	183	17	151	1	0.0325
NLSVM-10	71	197	3	129	2	0.0275
LDA	127	162	38	73	260	0.165
SDA-0.5	148	179	21	52	1313	0.165
SDA-1.0	148	178	22	52	1292	0.17
SDA-1.5	147	178	22	53	1275	0.165
SDA-2.0	146	179	21	54	1288	0.18
SDA-2.5	145	179	21	55	1288	0.1675
SDA-3.0	145	179	21	55	1282	0.17
\TheName{}-0.5	155	182	18	45	1358	0.1725
\TheName{}-1.0	150	180	20	50	1378	0.1725
\TheName{}-1.5	148	180	20	52	1372	0.1625
\TheName{}-2.0	148	179	21	52	1327	0.17
\TheName{}-2.5	147	179	21	53	1340	0.165
\TheName{}-3.0	147	179	21	53	1419	0.1625
SVM	138	172	28	62	2	0.005
LR	200	0	200	0	0	0.005
Ye-LDA	155	177	23	45	130	0.0025
DTree-10	79	179	21	121	3	0.0025
DTree-20	92	168	32	108	4	0.0025
RFC-50	89	180	20	111	8	0.0075
RFC-100	85	182	18	115	35	0.0175
NLSVM-0.1	200	19	181	0	2	0.0425
NLSVM-1.0	166	92	108	34	2	0.03
NLSVM-10	180	141	59	20	2	0.03
LDA	151	115	85	49	259	0.1675
SDA-0.5	165	157	43	35	1377	0.1775
SDA-1.0	164	157	43	36	1513	0.17
SDA-1.5	164	156	44	36	1313	0.1625
SDA-2.0	164	157	43	36	1271	0.165
SDA-2.5	164	157	43	36	1261	0.165
SDA-3.0	164	157	43	36	1347	0.17
\TheName{}-0.5	183	142	58	17	1414	0.1675
\TheName{}-1.0	173	162	38	27	1323	0.1625
\TheName{}-1.5	169	161	39	31	1349	0.175
\TheName{}-2.0	167	159	41	33	1362	0.1625
\TheName{}-2.5	167	156	44	33	1522	0.185
\TheName{}-3.0	167	156	44	33	1370	0.1675
SVM	172	148	52	28	2	0.005
LR	0	200	0	200	1	0.0025
Ye-LDA	176	160	40	24	135	0.005
DTree-10	96	162	38	104	2	0.005
DTree-20	128	140	60	72	4	0.0025
RFC-50	103	167	33	97	6	0.0075
RFC-100	118	166	34	82	43	0.02
NLSVM-0.1	200	7	193	0	2	0.0425
NLSVM-1.0	199	52	148	1	1	0.0325
NLSVM-10	15	198	2	185	2	0.03
LDA	170	108	92	30	267	0.1775
SDA-0.5	161	167	33	39	1378	0.1675
SDA-1.0	163	166	34	37	1289	0.1625
SDA-1.5	163	166	34	37	1284	0.1625
SDA-2.0	163	166	34	37	1316	0.1725
SDA-2.5	163	166	34	37	1322	0.1625
SDA-3.0	163	166	34	37	1279	0.1675
\TheName{}-0.5	169	170	30	31	1381	0.1725
\TheName{}-1.0	169	167	33	31	1464	0.1775
\TheName{}-1.5	164	165	35	36	1605	0.175
\TheName{}-2.0	164	164	36	36	1386	0.1775
\TheName{}-2.5	164	166	34	36	1436	0.17
\TheName{}-3.0	163	166	34	37	1403	0.1675
SVM	178	138	62	22	2	0.005
LR	0	200	0	200	0	0.005
Ye-LDA	141	162	38	59	125	0.005
DTree-10	90	169	31	110	2	0.0025
DTree-20	126	140	60	74	5	0.0025
RFC-50	91	176	24	109	18	0.005
RFC-100	91	174	26	109	37	0.0175
NLSVM-0.1	200	7	193	0	2	0.04
NLSVM-1.0	13	195	5	187	2	0.0325
NLSVM-10	200	0	200	0	1	0.0325
LDA	148	156	44	52	260	0.1725
SDA-0.5	142	180	20	58	1279	0.1675
SDA-1.0	142	179	21	58	1343	0.175
SDA-1.5	141	179	21	59	1321	0.17
SDA-2.0	142	179	21	58	1302	0.1625
SDA-2.5	142	179	21	58	1331	0.19
SDA-3.0	142	178	22	58	1386	0.19
\TheName{}-0.5	162	112	88	38	1371	0.165
\TheName{}-1.0	174	156	44	26	1368	0.17
\TheName{}-1.5	169	176	24	31	1447	0.19
\TheName{}-2.0	166	177	23	34	1462	0.1875
\TheName{}-2.5	159	178	22	41	1516	0.1725
\TheName{}-3.0	156	179	21	44	1436	0.165
SVM	167	158	42	33	3	0.005
LR	0	200	0	200	0	0.0025
Ye-LDA	154	178	22	46	140	0.005
DTree-10	96	168	32	104	3	0.005
DTree-20	116	149	51	84	4	0.005
RFC-50	95	184	16	105	21	0.0075
RFC-100	103	178	22	97	42	0.0225
NLSVM-0.1	200	8	192	0	2	0.04
NLSVM-1.0	199	38	162	1	1	0.0325
NLSVM-10	200	0	200	0	2	0.03
LDA	140	148	52	60	264	0.17
SDA-0.5	142	176	24	58	1304	0.1825
SDA-1.0	141	174	26	59	1306	0.175
SDA-1.5	141	174	26	59	1355	0.17
SDA-2.0	141	174	26	59	1320	0.1625
SDA-2.5	141	174	26	59	1291	0.1775
SDA-3.0	141	174	26	59	1330	0.1725
\TheName{}-0.5	141	92	108	59	1400	0.1625
\TheName{}-1.0	178	142	58	22	1341	0.17
\TheName{}-1.5	167	161	39	33	1383	0.1775
\TheName{}-2.0	161	170	30	39	1398	0.1625
\TheName{}-2.5	157	172	28	43	1368	0.17
\TheName{}-3.0	155	171	29	45	1345	0.1625
SVM	182	146	54	18	3	0.005
LR	0	200	0	200	1	0.0025
Ye-LDA	140	168	32	60	130	0.0025
DTree-10	85	178	22	115	3	0.005
DTree-20	136	140	60	64	4	0.005
RFC-50	90	192	8	110	24	0.01
RFC-100	91	191	9	109	38	0.02
NLSVM-0.1	200	9	191	0	2	0.045
NLSVM-1.0	199	59	141	1	1	0.0325
NLSVM-10	157	169	31	43	2	0.03
LDA	141	141	59	59	264	0.1675
SDA-0.5	113	164	36	87	1318	0.165
SDA-1.0	109	165	35	91	1322	0.185
SDA-1.5	109	165	35	91	1307	0.17
SDA-2.0	109	165	35	91	1291	0.1675
SDA-2.5	109	165	35	91	1349	0.215
SDA-3.0	109	165	35	91	1899	0.185
\TheName{}-0.5	156	124	76	44	2288	0.17
\TheName{}-1.0	132	164	36	68	1939	0.1925
\TheName{}-1.5	118	163	37	82	1599	0.2025
\TheName{}-2.0	116	165	35	84	1685	0.1925
\TheName{}-2.5	115	165	35	85	1480	0.185
\TheName{}-3.0	115	163	37	85	1520	0.1675
SVM	152	161	39	48	2	0.005
LR	0	200	0	200	0	0.005
Ye-LDA	121	174	26	79	142	0.0025
DTree-10	91	159	41	109	10	0.0025
DTree-20	111	142	58	89	5	0.0025
RFC-50	69	173	27	131	6	0.0075
RFC-100	74	175	25	126	51	0.0225
NLSVM-0.1	1	200	0	199	2	0.0475
NLSVM-1.0	199	40	160	1	2	0.0375
NLSVM-10	5	200	0	195	2	0.0475
LDA	109	155	45	91	325	0.2325
SDA-0.5	157	172	28	43	1523	0.2025
SDA-1.0	155	171	29	45	1605	0.1825
SDA-1.5	155	171	29	45	1658	0.175
SDA-2.0	156	171	29	44	1615	0.215
SDA-2.5	155	171	29	45	1765	0.22
SDA-3.0	155	170	30	45	1676	0.195
\TheName{}-0.5	169	170	30	31	1770	0.175
\TheName{}-1.0	161	172	28	39	1723	0.19
\TheName{}-1.5	157	172	28	43	1568	0.2075
\TheName{}-2.0	157	171	29	43	1475	0.17
\TheName{}-2.5	157	170	30	43	1353	0.17
\TheName{}-3.0	157	170	30	43	1401	0.22
SVM	175	150	50	25	3	0.0175
LR	0	200	0	200	0	0.015
Ye-LDA	161	167	33	39	139	0.0025
DTree-10	96	164	36	104	3	0.0025
DTree-20	125	149	51	75	4	0.005
RFC-50	91	184	16	109	16	0.005
RFC-100	88	184	16	112	32	0.0175
NLSVM-0.1	2	200	0	198	2	0.04
NLSVM-1.0	158	113	87	42	2	0.0325
NLSVM-10	200	2	198	0	1	0.0325
LDA	172	159	41	28	264	0.185
SDA-0.5	125	168	32	75	1434	0.1675
SDA-1.0	124	166	34	76	1314	0.1725
SDA-1.5	125	166	34	75	1352	0.175
SDA-2.0	124	165	35	76	1519	0.1725
SDA-2.5	124	165	35	76	1336	0.18
SDA-3.0	124	165	35	76	1358	0.175
\TheName{}-0.5	160	118	82	40	1446	0.17
\TheName{}-1.0	173	167	33	27	1365	0.17
\TheName{}-1.5	149	166	34	51	1372	0.17
\TheName{}-2.0	142	168	32	58	1404	0.17
\TheName{}-2.5	136	166	34	64	1380	0.165
\TheName{}-3.0	134	166	34	66	1344	0.175
SVM	184	160	40	16	2	0.005
LR	200	0	200	0	1	0.005
Ye-LDA	182	149	51	18	131	0.005
DTree-10	80	161	39	120	3	0.0025
DTree-20	106	153	47	94	6	0.0025
RFC-50	98	176	24	102	8	0.0125
RFC-100	104	175	25	96	40	0.02
NLSVM-0.1	1	200	0	199	2	0.0425
NLSVM-1.0	191	90	110	9	2	0.03
NLSVM-10	194	119	81	6	2	0.03
LDA	143	143	57	57	258	0.165
SDA-0.5	132	177	23	68	1420	0.195
SDA-1.0	127	177	23	73	1505	0.19
SDA-1.5	127	177	23	73	1392	0.175
SDA-2.0	126	177	23	74	1499	0.1675
SDA-2.5	126	177	23	74	1359	0.1625
SDA-3.0	126	177	23	74	1319	0.175
\TheName{}-0.5	132	110	90	68	1410	0.2
\TheName{}-1.0	146	171	29	54	1448	0.1725
\TheName{}-1.5	139	176	24	61	1468	0.175
\TheName{}-2.0	134	177	23	66	1559	0.1675
\TheName{}-2.5	135	176	24	65	1423	0.1825
\TheName{}-3.0	134	176	24	66	1456	0.1925
SVM	153	160	40	47	4	0.0075
LR	0	200	0	200	1	0.005
Ye-LDA	113	172	28	87	143	0.015
DTree-10	83	145	55	117	2	0.015
DTree-20	113	132	68	87	5	0.015
RFC-50	93	175	25	107	21	0.01
RFC-100	109	172	28	91	13	0.0225
NLSVM-0.1	0	200	0	200	2	0.0475
NLSVM-1.0	188	54	146	12	2	0.0375
NLSVM-10	1	200	0	199	2	0.0325
LDA	168	129	71	32	263	0.2375
SDA-0.5	184	156	44	16	1889	0.205
SDA-1.0	181	154	46	19	1703	0.2
SDA-1.5	181	154	46	19	1462	0.18
SDA-2.0	181	154	46	19	1393	0.1625
SDA-2.5	181	154	46	19	1436	0.175
SDA-3.0	181	154	46	19	1382	0.1925
\TheName{}-0.5	191	135	65	9	1452	0.1925
\TheName{}-1.0	187	153	47	13	1639	0.1875
\TheName{}-1.5	184	155	45	16	1651	0.18
\TheName{}-2.0	184	154	46	16	1512	0.1925
\TheName{}-2.5	183	154	46	17	1517	0.17
\TheName{}-3.0	182	153	47	18	1474	0.185
SVM	178	138	62	22	3	0.005
LR	0	200	0	200	0	0.0075
Ye-LDA	164	161	39	36	144	0.0025
DTree-10	83	179	21	117	4	0.005
DTree-20	118	165	35	82	4	0.0025
RFC-50	106	175	25	94	24	0.0075
RFC-100	88	178	22	112	43	0.0175
NLSVM-0.1	198	12	188	2	3	0.05
NLSVM-1.0	34	174	26	166	1	0.0325
NLSVM-10	3	200	0	197	2	0.03
LDA	147	130	70	53	255	0.17
SDA-0.5	137	182	18	63	1371	0.1925
SDA-1.0	133	181	19	67	1658	0.1725
SDA-1.5	133	181	19	67	1432	0.1825
SDA-2.0	133	181	19	67	1442	0.1825
SDA-2.5	133	181	19	67	1438	0.18
SDA-3.0	132	181	19	68	1372	0.19
\TheName{}-0.5	145	86	114	55	1433	0.1825
\TheName{}-1.0	175	163	37	25	1504	0.1725
\TheName{}-1.5	160	182	18	40	1590	0.1675
\TheName{}-2.0	152	181	19	48	1429	0.19
\TheName{}-2.5	147	181	19	53	1563	0.17
\TheName{}-3.0	145	181	19	55	1424	0.165
SVM	161	134	66	39	4	0.0025
LR	0	200	0	200	1	0.0025
Ye-LDA	149	167	33	51	131	0.0025
DTree-10	89	181	19	111	3	0.0025
DTree-20	119	169	31	81	5	0.005
RFC-50	80	184	16	120	18	0.0125
RFC-100	85	185	15	115	38	0.02
NLSVM-0.1	200	21	179	0	2	0.045
NLSVM-1.0	198	46	154	2	2	0.0325
NLSVM-10	13	199	1	187	2	0.03
LDA	154	145	55	46	264	0.1775
SDA-0.5	135	162	38	65	1447	0.1875
SDA-1.0	131	162	38	69	1573	0.1675
SDA-1.5	128	161	39	72	1410	0.175
SDA-2.0	128	161	39	72	1416	0.1775
SDA-2.5	128	161	39	72	1488	0.165
SDA-3.0	128	161	39	72	1447	0.1875
\TheName{}-0.5	176	124	76	24	1489	0.175
\TheName{}-1.0	165	160	40	35	1487	0.18
\TheName{}-1.5	150	162	38	50	2221	0.19
\TheName{}-2.0	144	162	38	56	1560	0.1775
\TheName{}-2.5	141	163	37	59	1583	0.165
\TheName{}-3.0	138	162	38	62	1530	0.1775
SVM	166	147	53	34	4	0.0025
LR	0	200	0	200	1	0.005
Ye-LDA	144	165	35	56	134	0.005
DTree-10	82	173	27	118	3	0.0025
DTree-20	119	149	51	81	5	0.0025
RFC-50	85	175	25	115	20	0.0075
RFC-100	89	175	25	111	41	0.015
NLSVM-0.1	148	116	84	52	2	0.04
NLSVM-1.0	199	52	148	1	1	0.0325
NLSVM-10	200	0	200	0	2	0.03
