LDA	103	146	54	97	550	0.3225
SDA-0.5	140	180	20	60	1905	0.1925
SDA-1.0	139	180	20	61	1894	0.195
SDA-1.5	139	180	20	61	1953	0.1975
SDA-2.0	139	180	20	61	1880	0.215
SDA-2.5	138	180	20	62	2009	0.1775
SDA-3.0	138	180	20	62	2060	0.1825
\TheName{}-0.5	171	181	19	29	2108	0.17
\TheName{}-1.0	151	182	18	49	2199	0.1775
\TheName{}-1.5	145	182	18	55	1923	0.195
\TheName{}-2.0	142	181	19	58	2197	0.1775
\TheName{}-2.5	139	181	19	61	2056	0.1725
\TheName{}-3.0	138	181	19	62	2005	0.1725
SVM	170	170	30	30	11	0.005
LR	0	200	0	200	1	0.0025
Ye-LDA	139	184	16	61	202	0.005
DTree-10	98	168	32	102	3	0.0075
DTree-20	112	170	30	88	5	0.005
RFC-50	125	176	24	75	79	0.015
RFC-100	123	179	21	77	267	0.0625
NLSVM-0.1	200	24	176	0	8	0.1725
NLSVM-1.0	200	66	134	0	6	0.085
NLSVM-10	135	184	16	65	6	0.08
LDA	143	135	65	57	736	0.3575
SDA-0.5	142	165	35	58	2048	0.2425
SDA-1.0	137	165	35	63	1960	0.185
SDA-1.5	136	166	34	64	1961	0.1825
SDA-2.0	136	166	34	64	2017	0.18
SDA-2.5	136	166	34	64	2081	0.1975
SDA-3.0	136	166	34	64	1945	0.1725
\TheName{}-0.5	182	150	50	18	2087	0.1925
\TheName{}-1.0	164	166	34	36	2171	0.1725
\TheName{}-1.5	155	167	33	45	2101	0.195
\TheName{}-2.0	153	168	32	47	2141	0.1775
\TheName{}-2.5	150	168	32	50	1911	0.165
\TheName{}-3.0	147	167	33	53	2050	0.1825
SVM	179	157	43	21	10	0.005
LR	0	200	0	200	1	0.005
Ye-LDA	140	167	33	60	205	0.0075
DTree-10	68	186	14	132	4	0.005
DTree-20	101	179	21	99	5	0.005
RFC-50	111	173	27	89	94	0.0325
RFC-100	110	181	19	90	177	0.16
NLSVM-0.1	200	15	185	0	9	0.18
NLSVM-1.0	199	39	161	1	8	0.0975
NLSVM-10	65	194	6	135	6	0.0725
LDA	138	122	78	62	437	0.27
SDA-0.5	152	181	19	48	2251	0.1725
SDA-1.0	151	181	19	49	1896	0.17
SDA-1.5	151	180	20	49	1906	0.175
SDA-2.0	150	179	21	50	1842	0.17
SDA-2.5	150	179	21	50	2099	0.185
SDA-3.0	149	179	21	51	1972	0.1925
\TheName{}-0.5	187	175	25	13	1955	0.175
\TheName{}-1.0	167	186	14	33	2338	0.18
\TheName{}-1.5	162	184	16	38	2388	0.23
\TheName{}-2.0	159	182	18	41	2473	0.165
\TheName{}-2.5	158	182	18	42	2401	0.195
\TheName{}-3.0	156	182	18	44	2279	0.185
SVM	182	179	21	18	15	0.005
LR	0	200	0	200	1	0.005
Ye-LDA	165	181	19	35	260	0.03
DTree-10	186	94	106	14	14	0.005
DTree-20	176	130	70	24	5	0.005
RFC-50	101	183	17	99	81	0.02
RFC-100	99	186	14	101	165	0.05
NLSVM-0.1	0	199	1	200	8	0.145
NLSVM-1.0	72	177	23	128	6	0.14
NLSVM-10	194	152	48	6	18	0.11
LDA	100	131	69	100	452	0.3775
SDA-0.5	127	170	30	73	2729	0.175
SDA-1.0	125	168	32	75	2534	0.1775
SDA-1.5	125	168	32	75	2152	0.1975
SDA-2.0	125	168	32	75	2293	0.1975
SDA-2.5	125	168	32	75	2532	0.195
SDA-3.0	125	168	32	75	2229	0.185
\TheName{}-0.5	159	121	79	41	2557	0.1825
\TheName{}-1.0	152	170	30	48	2380	0.17
\TheName{}-1.5	141	166	34	59	2619	0.18
\TheName{}-2.0	137	167	33	63	2444	0.1975
\TheName{}-2.5	134	167	33	66	2444	0.1875
\TheName{}-3.0	131	166	34	69	2457	0.18
SVM	177	155	45	23	12	0.005
LR	0	200	0	200	1	0.005
Ye-LDA	133	169	31	67	213	0.1275
DTree-10	39	194	6	161	56	0.005
DTree-20	96	179	21	104	46	0.01
RFC-50	115	178	22	85	56	0.01
RFC-100	120	180	20	80	127	0.045
NLSVM-0.1	200	25	175	0	16	0.09
NLSVM-1.0	190	74	126	10	7	0.0975
NLSVM-10	198	68	132	2	6	0.13
LDA	132	149	51	68	478	0.3275
SDA-0.5	158	182	18	42	2291	0.17
SDA-1.0	155	182	18	45	2285	0.185
SDA-1.5	155	181	19	45	2612	0.175
SDA-2.0	155	181	19	45	2326	0.1825
SDA-2.5	155	181	19	45	2297	0.19
SDA-3.0	155	181	19	45	2400	0.17
\TheName{}-0.5	177	181	19	23	2340	0.175
\TheName{}-1.0	165	181	19	35	2511	0.1825
\TheName{}-1.5	159	182	18	41	2398	0.17
\TheName{}-2.0	157	182	18	43	2560	0.1725
\TheName{}-2.5	156	181	19	44	2328	0.1775
\TheName{}-3.0	156	181	19	44	2418	0.185
SVM	171	176	24	29	11	0.005
LR	0	200	0	200	1	0.0025
Ye-LDA	150	174	26	50	251	0.03
DTree-10	97	172	28	103	15	0.005
DTree-20	95	184	16	105	24	0.005
RFC-50	134	169	31	66	74	0.0275
RFC-100	134	176	24	66	240	0.265
NLSVM-0.1	200	22	178	0	9	0.1675
NLSVM-1.0	173	122	78	27	8	0.1075
NLSVM-10	194	136	64	6	15	0.11
LDA	128	147	53	72	539	0.37
SDA-0.5	134	171	29	66	2311	0.1875
SDA-1.0	135	170	30	65	2314	0.185
SDA-1.5	134	170	30	66	2342	0.17
SDA-2.0	134	170	30	66	2817	0.18
SDA-2.5	134	170	30	66	2281	0.1775
SDA-3.0	134	170	30	66	2477	0.1875
\TheName{}-0.5	178	168	32	22	2393	0.2225
\TheName{}-1.0	156	179	21	44	2572	0.18
\TheName{}-1.5	144	176	24	56	2445	0.175
\TheName{}-2.0	140	176	24	60	2480	0.1725
\TheName{}-2.5	137	175	25	63	2380	0.1775
\TheName{}-3.0	137	172	28	63	2503	0.2
SVM	162	172	28	38	9	0.005
LR	0	200	0	200	1	0.005
Ye-LDA	150	173	27	50	275	0.005
DTree-10	56	183	17	144	34	0.005
DTree-20	109	157	43	91	49	0.005
RFC-50	133	155	45	67	63	0.0175
RFC-100	129	152	48	71	158	0.0925
NLSVM-0.1	197	21	179	3	8	0.135
NLSVM-1.0	150	134	66	50	7	0.1325
NLSVM-10	48	196	4	152	6	0.1425
LDA	152	114	86	48	480	0.3
SDA-0.5	118	170	30	82	2472	0.1825
SDA-1.0	117	169	31	83	2296	0.175
SDA-1.5	116	169	31	84	2293	0.18
SDA-2.0	116	169	31	84	2550	0.175
SDA-2.5	116	169	31	84	2363	0.185
SDA-3.0	116	169	31	84	2696	0.18
\TheName{}-0.5	176	121	79	24	2297	0.1825
\TheName{}-1.0	160	168	32	40	2290	0.17
\TheName{}-1.5	135	170	30	65	2456	0.215
\TheName{}-2.0	127	170	30	73	2341	0.175
\TheName{}-2.5	127	170	30	73	2880	0.1825
\TheName{}-3.0	124	169	31	76	2562	0.185
SVM	182	147	53	18	10	0.005
LR	0	200	0	200	0	0.0075
Ye-LDA	164	169	31	36	248	0.025
DTree-10	82	175	25	118	13	0.01
DTree-20	110	165	35	90	74	0.005
RFC-50	107	170	30	93	59	0.0175
RFC-100	122	169	31	78	171	0.1
NLSVM-0.1	200	26	174	0	8	0.115
NLSVM-1.0	26	194	6	174	23	0.1125
NLSVM-10	73	193	7	127	12	0.0775
LDA	102	131	69	98	456	0.285
SDA-0.5	125	179	21	75	2404	0.175
SDA-1.0	122	179	21	78	2382	0.18
SDA-1.5	121	178	22	79	2352	0.175
SDA-2.0	120	178	22	80	2224	0.1725
SDA-2.5	120	178	22	80	2725	0.1875
SDA-3.0	119	178	22	81	2283	0.175
\TheName{}-0.5	179	138	62	21	2471	0.19
\TheName{}-1.0	156	177	23	44	2476	0.1825
\TheName{}-1.5	137	180	20	63	2405	0.1775
\TheName{}-2.0	133	177	23	67	2532	0.1875
\TheName{}-2.5	132	177	23	68	2361	0.175
\TheName{}-3.0	131	178	22	69	2422	0.1825
SVM	178	165	35	22	16	0.015
LR	0	200	0	200	1	0.0225
Ye-LDA	153	175	25	47	287	0.04
DTree-10	57	188	12	143	54	0.01
DTree-20	103	178	22	97	51	0.0025
RFC-50	104	186	14	96	66	0.01
RFC-100	104	183	17	96	155	0.0625
NLSVM-0.1	200	16	184	0	11	0.1575
NLSVM-1.0	187	60	140	13	11	0.1475
NLSVM-10	132	178	22	68	12	0.115
LDA	142	120	80	58	640	0.3175
SDA-0.5	135	163	37	65	2244	0.1975
SDA-1.0	135	163	37	65	2330	0.185
SDA-1.5	134	162	38	66	2488	0.195
SDA-2.0	134	162	38	66	2268	0.1725
SDA-2.5	134	161	39	66	2410	0.1725
SDA-3.0	135	161	39	65	2321	0.1725
\TheName{}-0.5	179	157	43	21	2175	0.18
\TheName{}-1.0	153	170	30	47	2101	0.1825
\TheName{}-1.5	143	170	30	57	2116	0.205
\TheName{}-2.0	140	167	33	60	2045	0.1775
\TheName{}-2.5	138	166	34	62	2078	0.2025
\TheName{}-3.0	137	162	38	63	2164	0.1775
SVM	173	152	48	27	8	0.005
LR	0	200	0	200	2	0.005
Ye-LDA	146	172	28	54	191	0.005
DTree-10	68	160	40	132	14	0.0025
DTree-20	104	148	52	96	6	0.005
RFC-50	121	161	39	79	83	0.0125
RFC-100	121	168	32	79	162	0.0625
NLSVM-0.1	200	16	184	0	11	0.18
NLSVM-1.0	200	47	153	0	8	0.11
NLSVM-10	181	139	61	19	9	0.1275
LDA	128	127	73	72	439	0.35
SDA-0.5	119	177	23	81	2006	0.1825
SDA-1.0	118	176	24	82	1998	0.1825
SDA-1.5	117	175	25	83	2026	0.175
SDA-2.0	118	175	25	82	2209	0.185
SDA-2.5	117	174	26	83	1942	0.1775
SDA-3.0	117	174	26	83	2002	0.175
\TheName{}-0.5	182	156	44	18	2447	0.19
\TheName{}-1.0	139	183	17	61	2066	0.1825
\TheName{}-1.5	128	181	19	72	2124	0.1875
\TheName{}-2.0	125	178	22	75	2061	0.1775
\TheName{}-2.5	125	178	22	75	2206	0.185
\TheName{}-3.0	124	178	22	76	2215	0.195
SVM	174	163	37	26	14	0.005
LR	0	200	0	200	1	0.0075
Ye-LDA	139	184	16	61	241	0.01
DTree-10	41	187	13	159	13	0.0025
DTree-20	69	173	27	131	16	0.005
RFC-50	124	172	28	76	78	0.025
RFC-100	132	170	30	68	173	0.0825
NLSVM-0.1	199	30	170	1	8	0.105
NLSVM-1.0	198	66	134	2	7	0.12
NLSVM-10	27	200	0	173	10	0.0675
LDA	140	133	67	60	429	0.2775
SDA-0.5	145	168	32	55	1952	0.165
SDA-1.0	144	168	32	56	2020	0.1725
SDA-1.5	145	168	32	55	1997	0.175
SDA-2.0	145	168	32	55	2047	0.18
SDA-2.5	145	168	32	55	2011	0.165
SDA-3.0	145	168	32	55	1927	0.17
\TheName{}-0.5	180	150	50	20	2420	0.185
\TheName{}-1.0	161	173	27	39	1968	0.1825
\TheName{}-1.5	152	171	29	48	1886	0.18
\TheName{}-2.0	150	170	30	50	1648	0.175
\TheName{}-2.5	150	171	29	50	1775	0.2525
\TheName{}-3.0	146	171	29	54	1758	0.1775
SVM	177	153	47	23	11	0.005
LR	0	200	0	200	1	0.0075
Ye-LDA	156	163	37	44	196	0.005
DTree-10	77	164	36	123	3	0.005
DTree-20	124	152	48	76	5	0.005
RFC-50	106	174	26	94	60	0.02
RFC-100	109	174	26	91	137	0.0425
NLSVM-0.1	200	23	177	0	9	0.095
NLSVM-1.0	189	78	122	11	7	0.07
NLSVM-10	101	193	7	99	6	0.095
LDA	102	117	83	98	371	0.2475
SDA-0.5	132	174	26	68	1705	0.1725
SDA-1.0	132	172	28	68	1728	0.2375
SDA-1.5	131	172	28	69	1611	0.2
SDA-2.0	130	172	28	70	1873	0.205
SDA-2.5	130	173	27	70	2032	0.1775
SDA-3.0	130	173	27	70	1744	0.175
\TheName{}-0.5	179	172	28	21	1665	0.17
\TheName{}-1.0	147	176	24	53	1927	0.18
\TheName{}-1.5	137	175	25	63	1545	0.165
\TheName{}-2.0	135	175	25	65	1597	0.1825
\TheName{}-2.5	134	174	26	66	1859	0.1725
\TheName{}-3.0	133	173	27	67	1683	0.165
SVM	172	167	33	28	11	0.01
LR	0	200	0	200	0	0.005
Ye-LDA	147	181	19	53	202	0.015
DTree-10	67	177	23	133	4	0.01
DTree-20	104	167	33	96	9	0.015
RFC-50	111	164	36	89	77	0.0175
RFC-100	106	165	35	94	125	0.0375
NLSVM-0.1	199	19	181	1	8	0.0875
NLSVM-1.0	186	68	132	14	6	0.0925
NLSVM-10	52	195	5	148	6	0.06
LDA	121	136	64	79	318	0.17
SDA-0.5	143	177	23	57	1746	0.205
SDA-1.0	143	177	23	57	1439	0.1675
SDA-1.5	143	176	24	57	1446	0.18
SDA-2.0	143	176	24	57	1649	0.185
SDA-2.5	143	176	24	57	1713	0.17
SDA-3.0	143	176	24	57	1642	0.1775
\TheName{}-0.5	157	125	75	43	1825	0.1875
\TheName{}-1.0	176	176	24	24	1674	0.1625
\TheName{}-1.5	164	178	22	36	1779	0.1625
\TheName{}-2.0	159	178	22	41	1578	0.17
\TheName{}-2.5	154	178	22	46	1604	0.1675
\TheName{}-3.0	150	178	22	50	1491	0.1675
SVM	168	169	31	32	7	0.005
LR	0	200	0	200	1	0.0025
Ye-LDA	138	176	24	62	209	0.0175
DTree-10	42	190	10	158	3	0.015
DTree-20	86	178	22	114	6	0.015
RFC-50	100	179	21	100	66	0.04
RFC-100	104	181	19	96	164	0.0825
NLSVM-0.1	200	27	173	0	11	0.0925
NLSVM-1.0	194	72	128	6	6	0.065
NLSVM-10	197	96	104	3	6	0.0575
LDA	130	117	83	70	385	0.2175
SDA-0.5	149	167	33	51	1569	0.1775
SDA-1.0	144	166	34	56	1548	0.185
SDA-1.5	144	166	34	56	1865	0.1675
SDA-2.0	144	165	35	56	1704	0.1825
SDA-2.5	144	165	35	56	1430	0.1725
SDA-3.0	143	165	35	57	1523	0.1825
\TheName{}-0.5	181	132	68	19	1541	0.185
\TheName{}-1.0	172	164	36	28	1563	0.18
\TheName{}-1.5	158	164	36	42	1719	0.1675
\TheName{}-2.0	154	165	35	46	2042	0.175
\TheName{}-2.5	150	165	35	50	1555	0.21
\TheName{}-3.0	148	165	35	52	1668	0.19
SVM	160	163	37	40	9	0.0025
LR	0	200	0	200	1	0.0025
Ye-LDA	166	167	33	34	197	0.005
DTree-10	193	61	139	7	3	0.0025
DTree-20	105	164	36	95	7	0.0225
RFC-50	117	174	26	83	14	0.015
RFC-100	119	176	24	81	128	0.0375
NLSVM-0.1	110	151	49	90	8	0.0775
NLSVM-1.0	190	80	120	10	6	0.07
NLSVM-10	196	106	94	4	16	0.07
LDA	99	148	52	101	316	0.1875
SDA-0.5	114	185	15	86	1631	0.17
SDA-1.0	114	183	17	86	1672	0.17
SDA-1.5	113	181	19	87	1500	0.17
SDA-2.0	113	181	19	87	1606	0.1675
SDA-2.5	113	181	19	87	1540	0.165
SDA-3.0	113	181	19	87	1622	0.19
\TheName{}-0.5	151	146	54	49	1599	0.17
\TheName{}-1.0	135	187	13	65	1866	0.18
\TheName{}-1.5	118	185	15	82	1691	0.175
\TheName{}-2.0	118	185	15	82	1634	0.195
\TheName{}-2.5	116	185	15	84	1737	0.1825
\TheName{}-3.0	115	185	15	85	1626	0.1775
SVM	134	185	15	66	7	0.005
LR	200	0	200	0	1	0.005
Ye-LDA	164	166	34	36	200	0.005
DTree-10	73	180	20	127	3	0.005
DTree-20	88	172	28	112	7	0.0025
RFC-50	92	189	11	108	59	0.02
RFC-100	97	181	19	103	109	0.035
NLSVM-0.1	197	16	184	3	8	0.085
NLSVM-1.0	36	191	9	164	6	0.075
NLSVM-10	17	200	0	183	6	0.0625
LDA	150	106	94	50	299	0.1675
SDA-0.5	170	171	29	30	1511	0.1725
SDA-1.0	167	171	29	33	1477	0.1725
SDA-1.5	167	171	29	33	1428	0.1675
SDA-2.0	167	170	30	33	1446	0.165
SDA-2.5	167	168	32	33	1483	0.185
SDA-3.0	167	168	32	33	1386	0.17
\TheName{}-0.5	189	136	64	11	1541	0.1725
\TheName{}-1.0	186	162	38	14	1509	0.175
\TheName{}-1.5	182	166	34	18	1527	0.17
\TheName{}-2.0	178	167	33	22	1540	0.165
\TheName{}-2.5	174	168	32	26	1635	0.175
\TheName{}-3.0	172	168	32	28	1734	0.1775
SVM	178	147	53	22	13	0.0025
LR	0	200	0	200	1	0.005
Ye-LDA	180	149	51	20	193	0.005
DTree-10	183	46	154	17	3	0.0075
DTree-20	81	183	17	119	5	0.0025
RFC-50	115	182	18	85	67	0.015
RFC-100	113	189	11	87	127	0.04
NLSVM-0.1	2	200	0	198	8	0.095
NLSVM-1.0	194	91	109	6	6	0.0725
NLSVM-10	197	95	105	3	6	0.07
LDA	128	131	69	72	328	0.24
SDA-0.5	134	177	23	66	1428	0.1775
SDA-1.0	132	176	24	68	1500	0.17
SDA-1.5	133	176	24	67	1370	0.17
SDA-2.0	132	176	24	68	1489	0.2175
SDA-2.5	132	176	24	68	1498	0.2025
SDA-3.0	132	176	24	68	1443	0.1725
\TheName{}-0.5	168	182	18	32	1501	0.1775
\TheName{}-1.0	147	188	12	53	1584	0.18
\TheName{}-1.5	138	181	19	62	1570	0.1725
\TheName{}-2.0	135	180	20	65	1480	0.1625
\TheName{}-2.5	136	177	23	64	1561	0.1725
\TheName{}-3.0	136	177	23	64	1599	0.18
SVM	146	176	24	54	11	0.005
LR	0	200	0	200	1	0.0025
Ye-LDA	127	181	19	73	207	0.0075
DTree-10	100	169	31	100	3	0.005
DTree-20	110	159	41	90	5	0.005
RFC-50	121	181	19	79	57	0.0125
RFC-100	124	177	23	76	108	0.04
NLSVM-0.1	198	23	177	2	8	0.105
NLSVM-1.0	179	87	113	21	6	0.0725
NLSVM-10	70	197	3	130	7	0.08
LDA	110	131	69	90	399	0.1975
SDA-0.5	120	173	27	80	1432	0.165
SDA-1.0	117	173	27	83	1462	0.1725
SDA-1.5	117	173	27	83	1392	0.205
SDA-2.0	116	173	27	84	1581	0.185
SDA-2.5	116	174	26	84	1662	0.2
SDA-3.0	116	174	26	84	1495	0.1825
\TheName{}-0.5	180	136	64	20	1725	0.1825
\TheName{}-1.0	153	179	21	47	1642	0.185
\TheName{}-1.5	141	178	22	59	1629	0.19
\TheName{}-2.0	129	174	26	71	1757	0.2075
\TheName{}-2.5	126	174	26	74	1618	0.175
\TheName{}-3.0	124	174	26	76	1560	0.175
SVM	156	175	25	44	10	0.0075
LR	0	200	0	200	0	0.01
Ye-LDA	134	179	21	66	202	0.0075
DTree-10	189	114	86	11	3	0.005
DTree-20	120	179	21	80	6	0.005
RFC-50	123	175	25	77	63	0.015
RFC-100	114	181	19	86	145	0.07
NLSVM-0.1	199	15	185	1	10	0.1
NLSVM-1.0	182	74	126	18	7	0.09
NLSVM-10	53	196	4	147	6	0.0825
LDA	117	134	66	83	322	0.1925
SDA-0.5	133	174	26	67	1592	0.1825
SDA-1.0	133	173	27	67	1380	0.18
SDA-1.5	133	172	28	67	1482	0.17
SDA-2.0	133	172	28	67	1554	0.17
SDA-2.5	133	172	28	67	1498	0.1725
SDA-3.0	133	172	28	67	1498	0.1675
\TheName{}-0.5	174	138	62	26	1514	0.1825
\TheName{}-1.0	172	175	25	28	1562	0.165
\TheName{}-1.5	154	177	23	46	1517	0.1675
\TheName{}-2.0	146	178	22	54	1543	0.1775
\TheName{}-2.5	140	178	22	60	1534	0.165
\TheName{}-3.0	138	176	24	62	1549	0.175
SVM	177	163	37	23	8	0.005
LR	0	200	0	200	0	0.005
Ye-LDA	156	170	30	44	187	0.005
DTree-10	66	182	18	134	3	0.0025
DTree-20	103	175	25	97	5	0.005
RFC-50	113	180	20	87	56	0.0125
RFC-100	109	183	17	91	101	0.03
NLSVM-0.1	200	26	174	0	8	0.0775
NLSVM-1.0	187	85	115	13	6	0.06
NLSVM-10	37	197	3	163	6	0.055
LDA	108	139	61	92	323	0.2
SDA-0.5	156	165	35	44	1653	0.1675
SDA-1.0	156	165	35	44	1630	0.185
SDA-1.5	156	166	34	44	1542	0.18
SDA-2.0	155	166	34	45	1531	0.1675
SDA-2.5	155	166	34	45	1510	0.1675
SDA-3.0	155	166	34	45	1480	0.1675
\TheName{}-0.5	190	147	53	10	1577	0.1725
\TheName{}-1.0	175	166	34	25	1553	0.17
\TheName{}-1.5	167	166	34	33	1704	0.1925
\TheName{}-2.0	165	167	33	35	1592	0.1675
\TheName{}-2.5	164	166	34	36	1668	0.19
\TheName{}-3.0	160	166	34	40	1731	0.185
SVM	177	153	47	23	9	0.0125
LR	0	200	0	200	1	0.0075
Ye-LDA	152	171	29	48	200	0.0125
DTree-10	191	82	118	9	3	0.005
DTree-20	90	161	39	110	5	0.0025
RFC-50	102	168	32	98	57	0.015
RFC-100	111	170	30	89	129	0.0425
NLSVM-0.1	198	22	178	2	8	0.0875
NLSVM-1.0	195	66	134	5	6	0.075
NLSVM-10	200	21	179	0	6	0.06
LDA	136	147	53	64	459	0.29
SDA-0.5	160	172	28	40	1462	0.1775
SDA-1.0	157	173	27	43	1622	0.1975
SDA-1.5	155	173	27	45	1696	0.1975
SDA-2.0	153	172	28	47	1719	0.1725
SDA-2.5	153	171	29	47	1669	0.1725
SDA-3.0	153	171	29	47	1704	0.1725
\TheName{}-0.5	188	149	51	12	1735	0.1725
\TheName{}-1.0	181	170	30	19	1964	0.185
\TheName{}-1.5	173	167	33	27	1643	0.1625
\TheName{}-2.0	166	167	33	34	1834	0.1925
\TheName{}-2.5	165	167	33	35	1567	0.19
\TheName{}-3.0	162	167	33	38	1544	0.1675
SVM	185	157	43	15	9	0.005
LR	0	200	0	200	0	0.005
Ye-LDA	175	166	34	25	185	0.005
DTree-10	101	163	37	99	5	0.0025
DTree-20	136	149	51	64	7	0.0025
RFC-50	127	178	22	73	62	0.015
RFC-100	130	183	17	70	115	0.035
NLSVM-0.1	200	26	174	0	8	0.11
NLSVM-1.0	200	73	127	0	6	0.0675
NLSVM-10	113	192	8	87	6	0.06
LDA	123	148	52	77	345	0.22
SDA-0.5	148	180	20	52	1418	0.1625
SDA-1.0	148	178	22	52	1434	0.1925
SDA-1.5	146	178	22	54	1383	0.175
SDA-2.0	146	178	22	54	1567	0.1675
SDA-2.5	144	178	22	56	1457	0.165
SDA-3.0	144	178	22	56	1389	0.1825
\TheName{}-0.5	167	172	28	33	1726	0.18
\TheName{}-1.0	154	181	19	46	1637	0.18
\TheName{}-1.5	149	180	20	51	1513	0.1775
\TheName{}-2.0	148	179	21	52	1657	0.1675
\TheName{}-2.5	148	178	22	52	1600	0.1875
\TheName{}-3.0	148	178	22	52	1519	0.1675
SVM	174	165	35	26	13	0.0025
LR	0	200	0	200	1	0.0025
Ye-LDA	151	170	30	49	185	0.0025
DTree-10	86	173	27	114	4	0.0025
DTree-20	119	163	37	81	6	0.0025
RFC-50	110	171	29	90	66	0.015
RFC-100	117	169	31	83	146	0.0625
NLSVM-0.1	200	23	177	0	8	0.16
NLSVM-1.0	176	77	123	24	7	0.0875
NLSVM-10	110	189	11	90	8	0.0925
LDA	130	134	66	70	332	0.1775
SDA-0.5	173	183	17	27	1468	0.165
SDA-1.0	173	181	19	27	1471	0.1925
SDA-1.5	173	179	21	27	1501	0.1725
SDA-2.0	173	179	21	27	1539	0.1775
SDA-2.5	173	179	21	27	1698	0.1625
SDA-3.0	173	179	21	27	1420	0.1725
\TheName{}-0.5	182	172	28	18	1524	0.175
\TheName{}-1.0	180	180	20	20	1502	0.1625
\TheName{}-1.5	179	181	19	21	1468	0.165
\TheName{}-2.0	179	181	19	21	1471	0.175
\TheName{}-2.5	179	182	18	21	1450	0.165
\TheName{}-3.0	178	182	18	22	1520	0.165
SVM	170	180	20	30	11	0.005
LR	0	200	0	200	1	0.0025
Ye-LDA	167	173	27	33	185	0.005
DTree-10	66	182	18	134	3	0.0025
DTree-20	105	169	31	95	7	0.0025
RFC-50	114	180	20	86	60	0.0125
RFC-100	113	182	18	87	108	0.0375
NLSVM-0.1	200	23	177	0	7	0.0775
NLSVM-1.0	98	170	30	102	7	0.0625
NLSVM-10	138	196	4	62	6	0.0575
LDA	129	129	71	71	319	0.17
SDA-0.5	116	179	21	84	1454	0.1675
SDA-1.0	116	179	21	84	1432	0.1625
SDA-1.5	115	179	21	85	1405	0.1625
SDA-2.0	115	179	21	85	1412	0.175
SDA-2.5	114	179	21	86	1441	0.1675
SDA-3.0	114	179	21	86	1535	0.1725
\TheName{}-0.5	154	136	64	46	1465	0.165
\TheName{}-1.0	136	179	21	64	1451	0.165
\TheName{}-1.5	127	178	22	73	1469	0.1725
\TheName{}-2.0	127	178	22	73	1443	0.1725
\TheName{}-2.5	123	178	22	77	1480	0.1625
\TheName{}-3.0	121	177	23	79	1501	0.165
SVM	168	162	38	32	6	0.005
LR	0	200	0	200	0	0.0075
Ye-LDA	117	181	19	83	180	0.005
DTree-10	72	186	14	128	4	0.0025
DTree-20	107	166	34	93	6	0.0025
RFC-50	110	184	16	90	19	0.015
RFC-100	112	182	18	88	126	0.0375
NLSVM-0.1	200	24	176	0	7	0.08
NLSVM-1.0	63	182	18	137	6	0.0625
NLSVM-10	186	144	56	14	6	0.0525
LDA	145	151	49	55	301	0.1675
SDA-0.5	142	166	34	58	1449	0.1725
SDA-1.0	141	166	34	59	1437	0.185
SDA-1.5	141	164	36	59	1461	0.1775
SDA-2.0	141	164	36	59	1467	0.1625
SDA-2.5	140	164	36	60	1503	0.175
SDA-3.0	140	164	36	60	1415	0.1675
\TheName{}-0.5	157	118	82	43	1532	0.1625
\TheName{}-1.0	180	162	38	20	1495	0.1825
\TheName{}-1.5	161	162	38	39	1515	0.1725
\TheName{}-2.0	155	165	35	45	1572	0.165
\TheName{}-2.5	151	164	36	49	1584	0.1625
\TheName{}-3.0	151	165	35	49	1589	0.1675
SVM	184	150	50	16	9	0.0075
LR	200	0	200	0	0	0.0075
Ye-LDA	163	142	58	37	184	0.03
DTree-10	110	162	38	90	4	0.0025
DTree-20	123	166	34	77	6	0.005
RFC-50	97	171	29	103	51	0.015
RFC-100	101	168	32	99	108	0.0425
NLSVM-0.1	6	200	0	194	10	0.1125
NLSVM-1.0	115	183	17	85	6	0.0675
NLSVM-10	200	22	178	0	6	0.0625
LDA	141	132	68	59	312	0.165
SDA-0.5	171	165	35	29	1459	0.185
SDA-1.0	170	165	35	30	1447	0.165
SDA-1.5	169	165	35	31	1431	0.175
SDA-2.0	169	165	35	31	1459	0.17
SDA-2.5	169	165	35	31	1458	0.165
SDA-3.0	169	165	35	31	1422	0.165
\TheName{}-0.5	192	145	55	8	1619	0.1725
\TheName{}-1.0	191	160	40	9	1583	0.165
\TheName{}-1.5	181	162	38	19	1487	0.165
\TheName{}-2.0	181	164	36	19	1468	0.17
\TheName{}-2.5	178	163	37	22	1505	0.165
\TheName{}-3.0	177	164	36	23	1517	0.1725
SVM	180	169	31	20	11	0.005
LR	0	200	0	200	0	0.005
Ye-LDA	175	168	32	25	182	0.005
DTree-10	192	81	119	8	4	0.0025
DTree-20	110	172	28	90	6	0.0025
RFC-50	131	179	21	69	63	0.015
RFC-100	129	177	23	71	109	0.055
NLSVM-0.1	200	24	176	0	8	0.0775
NLSVM-1.0	199	90	110	1	6	0.0625
NLSVM-10	191	160	40	9	6	0.06
LDA	120	117	83	80	307	0.1975
SDA-0.5	122	171	29	78	1464	0.1825
SDA-1.0	121	170	30	79	1489	0.1625
SDA-1.5	121	170	30	79	1377	0.1675
SDA-2.0	121	169	31	79	1423	0.1675
SDA-2.5	121	169	31	79	1395	0.1875
SDA-3.0	121	169	31	79	1399	0.165
\TheName{}-0.5	150	143	57	50	1482	0.1675
\TheName{}-1.0	143	177	23	57	1695	0.1625
\TheName{}-1.5	128	174	26	72	1457	0.1675
\TheName{}-2.0	125	173	27	75	1441	0.1625
\TheName{}-2.5	123	170	30	77	1446	0.1725
\TheName{}-3.0	124	170	30	76	1483	0.1625
SVM	169	179	21	31	9	0.005
LR	0	200	0	200	1	0.0025
Ye-LDA	138	179	21	62	186	0.005
DTree-10	69	191	9	131	4	0.0025
DTree-20	97	179	21	103	6	0.0025
RFC-50	106	168	32	94	58	0.0125
RFC-100	110	176	24	90	108	0.0325
NLSVM-0.1	59	188	12	141	7	0.0825
NLSVM-1.0	152	113	87	48	6	0.0625
NLSVM-10	79	191	9	121	6	0.0575
LDA	127	129	71	73	304	0.17
SDA-0.5	153	171	29	47	1424	0.1675
SDA-1.0	149	171	29	51	1465	0.165
SDA-1.5	149	171	29	51	1425	0.1625
SDA-2.0	149	170	30	51	1445	0.2
SDA-2.5	149	170	30	51	1449	0.17
SDA-3.0	149	170	30	51	1434	0.165
\TheName{}-0.5	171	147	53	29	1469	0.165
\TheName{}-1.0	166	171	29	34	1584	0.165
\TheName{}-1.5	160	171	29	40	1675	0.1675
\TheName{}-2.0	159	171	29	41	1471	0.1725
\TheName{}-2.5	155	172	28	45	1547	0.1625
\TheName{}-3.0	155	171	29	45	1576	0.16
SVM	164	165	35	36	7	0.005
LR	0	200	0	200	0	0.005
Ye-LDA	144	171	29	56	199	0.005
DTree-10	79	179	21	121	3	0.005
DTree-20	131	165	35	69	6	0.005
RFC-50	123	176	24	77	60	0.0175
RFC-100	120	178	22	80	117	0.0375
NLSVM-0.1	199	16	184	1	8	0.08
NLSVM-1.0	188	72	128	12	6	0.065
NLSVM-10	151	177	23	49	7	0.0625
LDA	104	132	68	96	303	0.165
SDA-0.5	130	180	20	70	1428	0.165
SDA-1.0	129	179	21	71	1492	0.1625
SDA-1.5	128	178	22	72	1447	0.165
SDA-2.0	128	178	22	72	1474	0.1625
SDA-2.5	128	178	22	72	1460	0.1625
SDA-3.0	128	178	22	72	1484	0.175
\TheName{}-0.5	182	162	38	18	1505	0.1625
\TheName{}-1.0	150	184	16	50	1550	0.175
\TheName{}-1.5	139	183	17	61	1541	0.1725
\TheName{}-2.0	136	181	19	64	1630	0.17
\TheName{}-2.5	135	180	20	65	1477	0.1675
\TheName{}-3.0	134	179	21	66	1526	0.165
SVM	180	168	32	20	9	0.005
LR	0	200	0	200	0	0.005
Ye-LDA	149	183	17	51	188	0.0075
DTree-10	42	187	13	158	3	0.005
DTree-20	77	177	23	123	5	0.005
RFC-50	91	191	9	109	56	0.0175
RFC-100	96	189	11	104	114	0.0375
NLSVM-0.1	200	22	178	0	7	0.0825
NLSVM-1.0	197	77	123	3	6	0.065
NLSVM-10	127	185	15	73	6	0.06
LDA	129	144	56	71	299	0.19
SDA-0.5	151	163	37	49	1429	0.1775
SDA-1.0	151	163	37	49	1480	0.165
SDA-1.5	151	163	37	49	1416	0.1625
SDA-2.0	151	162	38	49	1465	0.1625
SDA-2.5	151	162	38	49	1439	0.1675
SDA-3.0	151	162	38	49	1417	0.1675
\TheName{}-0.5	194	149	51	6	1457	0.1725
\TheName{}-1.0	163	163	37	37	1495	0.1625
\TheName{}-1.5	160	163	37	40	1490	0.165
\TheName{}-2.0	157	164	36	43	1653	0.165
\TheName{}-2.5	154	162	38	46	1444	0.1625
\TheName{}-3.0	154	162	38	46	1486	0.1625
SVM	162	155	45	38	9	0.0025
LR	0	200	0	200	1	0.005
Ye-LDA	144	170	30	56	187	0.0025
DTree-10	195	70	130	5	3	0.0025
DTree-20	124	165	35	76	6	0.0025
RFC-50	127	161	39	73	57	0.0075
RFC-100	127	155	45	73	117	0.035
NLSVM-0.1	1	199	1	199	7	0.0775
NLSVM-1.0	175	95	105	25	6	0.06
NLSVM-10	136	173	27	64	6	0.0575
LDA	120	128	72	80	313	0.17
SDA-0.5	143	178	22	57	1375	0.165
SDA-1.0	142	177	23	58	1374	0.1675
SDA-1.5	141	177	23	59	1445	0.165
SDA-2.0	140	177	23	60	1427	0.19
SDA-2.5	140	177	23	60	1419	0.1625
SDA-3.0	140	177	23	60	1407	0.1625
\TheName{}-0.5	149	105	95	51	1472	0.1825
\TheName{}-1.0	178	172	28	22	1459	0.1675
\TheName{}-1.5	165	173	27	35	1512	0.165
\TheName{}-2.0	156	176	24	44	1467	0.165
\TheName{}-2.5	152	177	23	48	1581	0.1775
\TheName{}-3.0	151	178	22	49	1461	0.17
SVM	171	162	38	29	8	0.005
LR	200	0	200	0	0	0.005
Ye-LDA	179	146	54	21	179	0.0025
DTree-10	191	50	150	9	3	0.005
DTree-20	113	175	25	87	15	0.0025
RFC-50	124	177	23	76	58	0.0125
RFC-100	118	178	22	82	113	0.035
NLSVM-0.1	4	199	1	196	7	0.08
NLSVM-1.0	191	80	120	9	6	0.0775
NLSVM-10	199	74	126	1	6	0.055
LDA	143	140	60	57	316	0.1625
SDA-0.5	114	184	16	86	1394	0.1675
SDA-1.0	113	183	17	87	1431	0.1675
SDA-1.5	112	183	17	88	1435	0.1675
SDA-2.0	112	183	17	88	1505	0.1675
SDA-2.5	112	183	17	88	1529	0.175
SDA-3.0	112	183	17	88	1452	0.165
\TheName{}-0.5	164	179	21	36	1523	0.1625
\TheName{}-1.0	125	185	15	75	1553	0.1675
\TheName{}-1.5	123	184	16	77	1571	0.165
\TheName{}-2.0	122	183	17	78	1547	0.1725
\TheName{}-2.5	120	183	17	80	1567	0.19
\TheName{}-3.0	118	183	17	82	1713	0.1625
SVM	166	173	27	34	9	0.0025
LR	0	200	0	200	0	0.005
Ye-LDA	118	177	23	82	188	0.0025
DTree-10	68	178	22	132	4	0.0025
DTree-20	99	163	37	101	6	0.0025
RFC-50	98	178	22	102	56	0.0125
RFC-100	93	176	24	107	111	0.035
NLSVM-0.1	200	32	168	0	8	0.095
NLSVM-1.0	161	115	85	39	6	0.0625
NLSVM-10	59	197	3	141	5	0.055
LDA	126	116	84	74	319	0.2075
SDA-0.5	128	173	27	72	1438	0.165
SDA-1.0	126	172	28	74	1423	0.165
SDA-1.5	127	171	29	73	1459	0.18
SDA-2.0	127	171	29	73	1428	0.165
SDA-2.5	127	170	30	73	1490	0.17
SDA-3.0	127	169	31	73	1469	0.1625
\TheName{}-0.5	179	130	70	21	1544	0.175
\TheName{}-1.0	159	176	24	41	1573	0.1675
\TheName{}-1.5	142	173	27	58	1536	0.1775
\TheName{}-2.0	139	173	27	61	1525	0.165
\TheName{}-2.5	136	172	28	64	1512	0.165
\TheName{}-3.0	132	172	28	68	1539	0.1625
SVM	174	168	32	26	12	0.005
LR	0	200	0	200	0	0.005
Ye-LDA	147	176	24	53	187	0.005
DTree-10	81	172	28	119	8	0.005
DTree-20	100	165	35	100	7	0.0025
RFC-50	111	172	28	89	62	0.0275
RFC-100	112	172	28	88	111	0.035
NLSVM-0.1	200	14	186	0	8	0.1
NLSVM-1.0	185	71	129	15	6	0.065
NLSVM-10	198	107	93	2	5	0.06
LDA	112	126	74	88	324	0.1625
SDA-0.5	115	175	25	85	1390	0.1625
SDA-1.0	116	175	25	84	1416	0.1725
SDA-1.5	114	175	25	86	1442	0.165
SDA-2.0	114	175	25	86	1382	0.1675
SDA-2.5	114	175	25	86	1433	0.17
SDA-3.0	114	175	25	86	1399	0.1675
\TheName{}-0.5	167	182	18	33	1502	0.17
\TheName{}-1.0	133	178	22	67	1499	0.175
\TheName{}-1.5	123	177	23	77	1483	0.165
\TheName{}-2.0	121	177	23	79	1490	0.165
\TheName{}-2.5	120	176	24	80	1546	0.18
\TheName{}-3.0	117	176	24	83	1568	0.1775
SVM	159	181	19	41	7	0.0075
LR	0	200	0	200	1	0.0025
Ye-LDA	137	176	24	63	197	0.005
DTree-10	69	179	21	131	3	0.005
DTree-20	96	162	38	104	6	0.0025
RFC-50	118	173	27	82	61	0.04
RFC-100	114	174	26	86	117	0.02
NLSVM-0.1	5	200	0	195	9	0.0825
NLSVM-1.0	171	83	117	29	6	0.065
NLSVM-10	146	167	33	54	5	0.055
LDA	120	146	54	80	298	0.1625
SDA-0.5	118	178	22	82	1500	0.1625
SDA-1.0	117	178	22	83	1406	0.165
SDA-1.5	117	178	22	83	1381	0.1625
SDA-2.0	117	178	22	83	1407	0.1675
SDA-2.5	117	177	23	83	1424	0.165
SDA-3.0	116	177	23	84	1383	0.165
\TheName{}-0.5	163	109	91	37	1523	0.175
\TheName{}-1.0	151	182	18	49	1468	0.1675
\TheName{}-1.5	129	179	21	71	1528	0.1675
\TheName{}-2.0	130	178	22	70	1514	0.2225
\TheName{}-2.5	125	178	22	75	1525	0.165
\TheName{}-3.0	123	178	22	77	1552	0.1675
SVM	172	170	30	28	13	0.005
LR	0	200	0	200	0	0.005
Ye-LDA	145	179	21	55	189	0.005
DTree-10	79	176	24	121	3	0.005
DTree-20	114	160	40	86	6	0.005
RFC-50	121	168	32	79	66	0.0125
RFC-100	114	165	35	86	107	0.03
NLSVM-0.1	200	26	174	0	8	0.08
NLSVM-1.0	183	85	115	17	6	0.0625
NLSVM-10	128	179	21	72	6	0.135
LDA	115	151	49	85	311	0.165
SDA-0.5	134	175	25	66	1430	0.1625
SDA-1.0	129	175	25	71	1600	0.165
SDA-1.5	129	175	25	71	1461	0.1775
SDA-2.0	129	175	25	71	1445	0.1625
SDA-2.5	129	175	25	71	1447	0.165
SDA-3.0	129	175	25	71	1430	0.175
\TheName{}-0.5	179	182	18	21	1534	0.165
\TheName{}-1.0	149	178	22	51	1508	0.1675
\TheName{}-1.5	139	178	22	61	1520	0.1725
\TheName{}-2.0	135	177	23	65	1485	0.18
\TheName{}-2.5	134	177	23	66	1465	0.18
\TheName{}-3.0	133	177	23	67	1488	0.1675
SVM	176	168	32	24	11	0.005
LR	0	200	0	200	0	0.005
Ye-LDA	139	182	18	61	183	0.005
DTree-10	184	81	119	16	3	0.005
DTree-20	177	121	79	23	5	0.005
RFC-50	118	171	29	82	63	0.015
RFC-100	113	177	23	87	125	0.0375
NLSVM-0.1	198	27	173	2	7	0.08
NLSVM-1.0	186	71	129	14	6	0.0925
NLSVM-10	18	200	0	182	6	0.0575
LDA	116	138	62	84	306	0.1725
SDA-0.5	161	176	24	39	1449	0.2225
SDA-1.0	160	175	25	40	1421	0.165
SDA-1.5	160	175	25	40	1597	0.165
SDA-2.0	160	175	25	40	1404	0.17
SDA-2.5	160	175	25	40	1400	0.1675
SDA-3.0	160	175	25	40	1421	0.185
\TheName{}-0.5	178	170	30	22	1509	0.1675
\TheName{}-1.0	166	173	27	34	1434	0.165
\TheName{}-1.5	162	174	26	38	1491	0.165
\TheName{}-2.0	161	174	26	39	1481	0.1825
\TheName{}-2.5	161	174	26	39	1497	0.1725
\TheName{}-3.0	161	174	26	39	1497	0.1625
SVM	171	170	30	29	8	0.005
LR	0	200	0	200	1	0.0025
Ye-LDA	158	176	24	42	185	0.005
DTree-10	191	83	117	9	3	0.0025
DTree-20	111	173	27	89	6	0.0025
RFC-50	107	188	12	93	55	0.0125
RFC-100	111	188	12	89	112	0.03
NLSVM-0.1	200	30	170	0	7	0.08
NLSVM-1.0	192	81	119	8	6	0.06
NLSVM-10	146	184	16	54	6	0.06
LDA	123	143	57	77	309	0.1675
SDA-0.5	133	170	30	67	1385	0.165
SDA-1.0	130	169	31	70	1350	0.1675
SDA-1.5	130	169	31	70	1423	0.19
SDA-2.0	130	167	33	70	1479	0.165
SDA-2.5	130	167	33	70	1449	0.165
SDA-3.0	130	167	33	70	1408	0.1625
\TheName{}-0.5	163	177	23	37	1492	0.1625
\TheName{}-1.0	143	171	29	57	1532	0.1625
\TheName{}-1.5	138	168	32	62	1494	0.1625
\TheName{}-2.0	136	167	33	64	1560	0.1725
\TheName{}-2.5	137	167	33	63	1546	0.165
\TheName{}-3.0	133	167	33	67	1512	0.1675
SVM	177	165	35	23	9	0.005
LR	0	200	0	200	1	0.005
Ye-LDA	126	174	26	74	195	0.0125
DTree-10	75	178	22	125	3	0.015
DTree-20	106	167	33	94	8	0.005
RFC-50	114	170	30	86	59	0.0125
RFC-100	110	170	30	90	133	0.0425
NLSVM-0.1	200	20	180	0	8	0.0875
NLSVM-1.0	190	70	130	10	6	0.065
NLSVM-10	144	164	36	56	6	0.065
LDA	123	130	70	77	318	0.17
SDA-0.5	129	172	28	71	1771	0.1825
SDA-1.0	126	172	28	74	1796	0.3425
SDA-1.5	126	172	28	74	1692	0.185
SDA-2.0	126	171	29	74	1624	0.175
SDA-2.5	126	171	29	74	2072	0.1725
SDA-3.0	126	171	29	74	1583	0.1725
\TheName{}-0.5	177	151	49	23	1554	0.1775
\TheName{}-1.0	146	180	20	54	1677	0.1675
\TheName{}-1.5	136	177	23	64	1794	0.195
\TheName{}-2.0	133	175	25	67	2009	0.165
\TheName{}-2.5	131	173	27	69	1635	0.17
\TheName{}-3.0	131	173	27	69	1593	0.1675
SVM	170	160	40	30	10	0.0075
LR	0	200	0	200	0	0.005
Ye-LDA	149	184	16	51	204	0.0125
DTree-10	91	170	30	109	4	0.005
DTree-20	109	165	35	91	5	0.0025
RFC-50	130	171	29	70	59	0.0175
RFC-100	122	176	24	78	116	0.06
NLSVM-0.1	198	30	170	2	9	0.0825
NLSVM-1.0	171	154	46	29	6	0.0675
NLSVM-10	59	196	4	141	6	0.0575
LDA	98	145	55	102	302	0.2125
SDA-0.5	116	180	20	84	1482	0.175
SDA-1.0	116	180	20	84	1459	0.175
SDA-1.5	116	180	20	84	1690	0.1875
SDA-2.0	116	180	20	84	1640	0.1675
SDA-2.5	116	180	20	84	1561	0.215
SDA-3.0	116	180	20	84	1661	0.19
\TheName{}-0.5	152	135	65	48	1610	0.25
\TheName{}-1.0	136	188	12	64	1713	0.185
\TheName{}-1.5	128	186	14	72	1562	0.1875
\TheName{}-2.0	122	184	16	78	1662	0.175
\TheName{}-2.5	121	181	19	79	1716	0.175
\TheName{}-3.0	119	181	19	81	1551	0.2025
SVM	157	177	23	43	12	0.01
LR	0	200	0	200	1	0.005
Ye-LDA	122	180	20	78	201	0.005
DTree-10	73	172	28	127	5	0.005
DTree-20	95	168	32	105	5	0.005
RFC-50	114	173	27	86	66	0.0175
RFC-100	106	178	22	94	143	0.0275
NLSVM-0.1	200	27	173	0	8	0.09
NLSVM-1.0	175	123	77	25	7	0.0675
NLSVM-10	40	199	1	160	6	0.0725
LDA	103	141	59	97	319	0.2
SDA-0.5	121	178	22	79	1521	0.165
SDA-1.0	120	177	23	80	1439	0.1675
SDA-1.5	120	177	23	80	1574	0.1675
SDA-2.0	120	177	23	80	1518	0.1675
SDA-2.5	120	177	23	80	1503	0.165
SDA-3.0	120	177	23	80	1493	0.1725
\TheName{}-0.5	179	116	84	21	1661	0.1775
\TheName{}-1.0	158	185	15	42	1594	0.1675
\TheName{}-1.5	139	180	20	61	1581	0.165
\TheName{}-2.0	130	179	21	70	1590	0.1675
\TheName{}-2.5	127	177	23	73	1632	0.165
\TheName{}-3.0	125	177	23	75	1600	0.175
SVM	168	175	25	32	12	0.0025
LR	0	200	0	200	1	0.005
Ye-LDA	152	175	25	48	198	0.005
DTree-10	63	184	16	137	3	0.005
DTree-20	85	170	30	115	7	0.005
RFC-50	132	181	19	68	78	0.0275
RFC-100	122	176	24	78	167	0.055
NLSVM-0.1	200	26	174	0	11	0.09
NLSVM-1.0	182	82	118	18	6	0.07
NLSVM-10	55	199	1	145	7	0.06
LDA	118	117	83	82	319	0.18
SDA-0.5	136	175	25	64	1468	0.175
SDA-1.0	136	172	28	64	1406	0.1675
SDA-1.5	133	172	28	67	1429	0.165
SDA-2.0	133	171	29	67	1410	0.175
SDA-2.5	133	171	29	67	1437	0.1825
SDA-3.0	133	171	29	67	1432	0.165
\TheName{}-0.5	162	178	22	38	1567	0.1675
\TheName{}-1.0	143	174	26	57	1557	0.17
\TheName{}-1.5	137	175	25	63	1528	0.1825
\TheName{}-2.0	137	173	27	63	1588	0.17
\TheName{}-2.5	136	172	28	64	1553	0.1675
\TheName{}-3.0	136	172	28	64	1656	0.175
SVM	170	168	32	30	10	0.0075
LR	0	200	0	200	0	0.005
Ye-LDA	146	174	26	54	204	0.005
DTree-10	68	168	32	132	3	0.005
DTree-20	99	167	33	101	6	0.005
RFC-50	107	179	21	93	64	0.0125
RFC-100	113	181	19	87	128	0.035
NLSVM-0.1	3	200	0	197	7	0.0825
NLSVM-1.0	187	82	118	13	8	0.075
NLSVM-10	33	198	2	167	6	0.0675
LDA	98	129	71	102	301	0.1675
SDA-0.5	122	169	31	78	1517	0.165
SDA-1.0	122	167	33	78	1487	0.17
SDA-1.5	122	167	33	78	1466	0.175
SDA-2.0	121	167	33	79	1518	0.1675
SDA-2.5	121	167	33	79	1531	0.195
SDA-3.0	121	167	33	79	1461	0.1675
\TheName{}-0.5	155	178	22	45	1557	0.165
\TheName{}-1.0	134	177	23	66	1497	0.175
\TheName{}-1.5	130	171	29	70	1638	0.175
\TheName{}-2.0	126	170	30	74	1603	0.185
\TheName{}-2.5	125	170	30	75	1595	0.1825
\TheName{}-3.0	123	169	31	77	1575	0.165
SVM	164	159	41	36	8	0.005
LR	0	200	0	200	1	0.0025
Ye-LDA	135	169	31	65	197	0.005
DTree-10	87	144	56	113	5	0.005
DTree-20	89	160	40	111	5	0.005
RFC-50	121	153	47	79	59	0.015
RFC-100	116	161	39	84	115	0.0375
NLSVM-0.1	199	14	186	1	8	0.0925
NLSVM-1.0	177	69	131	23	6	0.08
NLSVM-10	52	194	6	148	6	0.0625
LDA	125	132	68	75	311	0.165
SDA-0.5	135	170	30	65	1481	0.17
SDA-1.0	134	169	31	66	1525	0.1725
SDA-1.5	133	168	32	67	1468	0.175
SDA-2.0	133	168	32	67	1469	0.1825
SDA-2.5	134	168	32	66	1447	0.1675
SDA-3.0	134	168	32	66	1442	0.175
\TheName{}-0.5	165	176	24	35	1537	0.17
\TheName{}-1.0	151	176	24	49	1492	0.1775
\TheName{}-1.5	145	173	27	55	1603	0.175
\TheName{}-2.0	142	169	31	58	1668	0.18
\TheName{}-2.5	140	169	31	60	1566	0.1725
\TheName{}-3.0	138	169	31	62	1628	0.1675
SVM	151	170	30	49	13	0.0025
LR	0	200	0	200	1	0.0025
Ye-LDA	141	170	30	59	194	0.0025
DTree-10	89	171	29	111	4	0.0025
DTree-20	107	164	36	93	5	0.005
RFC-50	111	166	34	89	58	0.0125
RFC-100	113	169	31	87	113	0.03
NLSVM-0.1	1	200	0	199	8	0.0775
NLSVM-1.0	177	81	119	23	6	0.06
NLSVM-10	63	196	4	137	6	0.06
LDA	140	116	84	60	325	0.185
SDA-0.5	150	177	23	50	1462	0.175
SDA-1.0	146	177	23	54	1484	0.1675
SDA-1.5	145	177	23	55	1449	0.18
SDA-2.0	144	177	23	56	1494	0.1725
SDA-2.5	144	177	23	56	1561	0.17
SDA-3.0	144	177	23	56	1481	0.1675
\TheName{}-0.5	187	159	41	13	1585	0.1725
\TheName{}-1.0	162	176	24	38	1564	0.17
\TheName{}-1.5	157	177	23	43	1540	0.1775
\TheName{}-2.0	152	178	22	48	1637	0.1975
\TheName{}-2.5	152	178	22	48	1606	0.2325
\TheName{}-3.0	150	178	22	50	1622	0.1725
SVM	184	157	43	16	10	0.005
LR	0	200	0	200	0	0.005
Ye-LDA	154	173	27	46	197	0.0075
DTree-10	89	179	21	111	3	0.005
DTree-20	131	159	41	69	5	0.005
RFC-50	129	177	23	71	64	0.0175
RFC-100	123	178	22	77	139	0.05
NLSVM-0.1	199	24	176	1	8	0.0875
NLSVM-1.0	197	76	124	3	7	0.0675
NLSVM-10	65	198	2	135	6	0.06
LDA	119	130	70	81	321	0.19
SDA-0.5	117	178	22	83	1523	0.1975
SDA-1.0	113	178	22	87	1485	0.1725
SDA-1.5	113	177	23	87	1476	0.1625
SDA-2.0	113	177	23	87	1480	0.165
SDA-2.5	113	177	23	87	1528	0.1675
SDA-3.0	113	177	23	87	1416	0.1825
\TheName{}-0.5	172	176	24	28	1525	0.1725
\TheName{}-1.0	132	180	20	68	1540	0.1775
\TheName{}-1.5	122	178	22	78	1543	0.165
\TheName{}-2.0	120	179	21	80	1515	0.1675
\TheName{}-2.5	120	179	21	80	1586	0.2425
\TheName{}-3.0	119	179	21	81	1552	0.1675
SVM	159	176	24	41	8	0.005
LR	0	200	0	200	0	0.005
Ye-LDA	133	174	26	67	185	0.0025
DTree-10	168	125	75	32	5	0.0025
DTree-20	157	138	62	43	5	0.005
RFC-50	103	176	24	97	52	0.0125
RFC-100	106	171	29	94	101	0.0275
NLSVM-0.1	1	199	1	199	7	0.0825
NLSVM-1.0	172	71	129	28	6	0.065
NLSVM-10	70	193	7	130	6	0.0575
LDA	126	126	74	74	322	0.18
SDA-0.5	148	177	23	52	1526	0.1875
SDA-1.0	147	176	24	53	1544	0.185
SDA-1.5	147	176	24	53	1484	0.165
SDA-2.0	146	176	24	54	1456	0.175
SDA-2.5	146	176	24	54	1520	0.18
SDA-3.0	146	176	24	54	1555	0.1675
\TheName{}-0.5	175	145	55	25	1501	0.185
\TheName{}-1.0	165	178	22	35	1549	0.175
\TheName{}-1.5	155	179	21	45	1592	0.18
\TheName{}-2.0	154	176	24	46	1643	0.1825
\TheName{}-2.5	152	176	24	48	1944	0.17
\TheName{}-3.0	150	176	24	50	1620	0.1625
SVM	175	169	31	25	9	0.005
LR	0	200	0	200	1	0.0025
Ye-LDA	157	173	27	43	183	0.0025
DTree-10	94	177	23	106	3	0.005
DTree-20	121	170	30	79	5	0.0025
RFC-50	126	177	23	74	15	0.0125
RFC-100	128	174	26	72	97	0.03
NLSVM-0.1	200	22	178	0	8	0.08
NLSVM-1.0	177	100	100	23	6	0.06
NLSVM-10	17	199	1	183	5	0.055
LDA	139	126	74	61	310	0.175
SDA-0.5	125	172	28	75	1575	0.1775
SDA-1.0	122	172	28	78	1613	0.165
SDA-1.5	122	173	27	78	1621	0.1675
SDA-2.0	121	173	27	79	1615	0.19
SDA-2.5	121	172	28	79	1519	0.1675
SDA-3.0	121	172	28	79	1400	0.1825
\TheName{}-0.5	184	134	66	16	1590	0.1725
\TheName{}-1.0	156	175	25	44	1701	0.1725
\TheName{}-1.5	139	173	27	61	1498	0.17
\TheName{}-2.0	132	173	27	68	1764	0.1825
\TheName{}-2.5	127	173	27	73	1613	0.1675
\TheName{}-3.0	127	172	28	73	1492	0.185
SVM	179	160	40	21	7	0.005
LR	0	200	0	200	0	0.005
Ye-LDA	151	171	29	49	189	0.005
DTree-10	55	174	26	145	3	0.005
DTree-20	88	165	35	112	5	0.005
RFC-50	92	175	25	108	60	0.0125
RFC-100	83	177	23	117	116	0.035
NLSVM-0.1	200	17	183	0	8	0.0825
NLSVM-1.0	200	46	154	0	6	0.065
NLSVM-10	200	80	120	0	6	0.0825
LDA	119	146	54	81	428	0.1925
SDA-0.5	131	170	30	69	1459	0.1775
SDA-1.0	131	170	30	69	1502	0.1675
SDA-1.5	131	170	30	69	1424	0.17
SDA-2.0	130	170	30	70	1488	0.165
SDA-2.5	130	170	30	70	1506	0.1775
SDA-3.0	130	170	30	70	1558	0.1925
\TheName{}-0.5	156	185	15	44	1586	0.1675
\TheName{}-1.0	147	177	23	53	1636	0.17
\TheName{}-1.5	138	172	28	62	1538	0.1625
\TheName{}-2.0	134	172	28	66	1558	0.1725
\TheName{}-2.5	134	171	29	66	1648	0.1725
\TheName{}-3.0	132	171	29	68	1538	0.1725
SVM	172	176	24	28	9	0.005
LR	200	0	200	0	1	0.005
Ye-LDA	156	171	29	44	178	0.005
DTree-10	69	184	16	131	3	0.0025
DTree-20	121	162	38	79	6	0.0025
RFC-50	127	165	35	73	57	0.0125
RFC-100	127	165	35	73	110	0.0325
NLSVM-0.1	200	19	181	0	7	0.08
NLSVM-1.0	178	74	126	22	7	0.07
NLSVM-10	59	196	4	141	10	0.0625
LDA	109	125	75	91	324	0.19
SDA-0.5	136	165	35	64	1532	0.1875
SDA-1.0	134	165	35	66	1421	0.17
SDA-1.5	136	165	35	64	1430	0.1675
SDA-2.0	136	165	35	64	1522	0.18
SDA-2.5	136	165	35	64	1566	0.1975
SDA-3.0	136	165	35	64	1469	0.1675
\TheName{}-0.5	186	145	55	14	1575	0.165
\TheName{}-1.0	166	165	35	34	1600	0.1675
\TheName{}-1.5	155	167	33	45	1526	0.165
\TheName{}-2.0	147	168	32	53	1582	0.1675
\TheName{}-2.5	143	169	31	57	1602	0.175
\TheName{}-3.0	141	168	32	59	1547	0.17
SVM	188	151	49	12	6	0.0075
LR	0	200	0	200	0	0.005
Ye-LDA	147	159	41	53	194	0.005
DTree-10	91	166	34	109	4	0.0025
DTree-20	112	155	45	88	6	0.005
RFC-50	115	163	37	85	52	0.0125
RFC-100	116	170	30	84	111	0.0475
NLSVM-0.1	3	200	0	197	10	0.095
NLSVM-1.0	198	70	130	2	6	0.12
NLSVM-10	172	154	46	28	7	0.0625
LDA	145	155	45	55	324	0.19
SDA-0.5	141	170	30	59	1474	0.185
SDA-1.0	138	170	30	62	1431	0.1725
SDA-1.5	138	170	30	62	1433	0.1775
SDA-2.0	137	170	30	63	1490	0.18
SDA-2.5	137	170	30	63	1524	0.17
SDA-3.0	137	170	30	63	1487	0.165
\TheName{}-0.5	169	138	62	31	1600	0.1675
\TheName{}-1.0	155	171	29	45	1533	0.17
\TheName{}-1.5	150	175	25	50	1533	0.1625
\TheName{}-2.0	146	176	24	54	1578	0.19
\TheName{}-2.5	146	176	24	54	1592	0.165
\TheName{}-3.0	144	174	26	56	1487	0.1825
SVM	174	171	29	26	10	0.025
LR	0	200	0	200	1	0.01
Ye-LDA	134	171	29	66	194	0.005
DTree-10	91	187	13	109	3	0.005
DTree-20	115	177	23	85	6	0.0075
RFC-50	115	180	20	85	54	0.015
RFC-100	112	180	20	88	110	0.035
NLSVM-0.1	3	200	0	197	8	0.095
NLSVM-1.0	25	198	2	175	6	0.1025
NLSVM-10	182	156	44	18	7	0.075
LDA	116	124	76	84	325	0.175
SDA-0.5	131	167	33	69	1467	0.1675
SDA-1.0	131	167	33	69	1727	0.1675
SDA-1.5	132	166	34	68	1561	0.165
SDA-2.0	132	166	34	68	1507	0.175
SDA-2.5	132	166	34	68	1582	0.1925
SDA-3.0	132	166	34	68	1494	0.17
\TheName{}-0.5	171	164	36	29	1612	0.165
\TheName{}-1.0	153	172	28	47	1526	0.1625
\TheName{}-1.5	144	169	31	56	1581	0.23
\TheName{}-2.0	139	168	32	61	2017	0.195
\TheName{}-2.5	137	168	32	63	1998	0.205
\TheName{}-3.0	135	167	33	65	1717	0.175
SVM	146	169	31	54	12	0.0075
LR	0	200	0	200	0	0.0075
Ye-LDA	147	174	26	53	204	0.0425
DTree-10	65	185	15	135	14	0.045
DTree-20	107	161	39	93	9	0.0075
RFC-50	129	162	38	71	96	0.0375
RFC-100	130	160	40	70	179	0.33
NLSVM-0.1	200	24	176	0	10	0.1375
NLSVM-1.0	183	77	123	17	7	0.0875
NLSVM-10	198	89	111	2	6	0.1125
LDA	135	124	76	65	319	0.195
SDA-0.5	151	169	31	49	1846	0.175
SDA-1.0	150	169	31	50	1586	0.165
SDA-1.5	149	169	31	51	1491	0.2
SDA-2.0	149	169	31	51	1522	0.175
SDA-2.5	149	169	31	51	1591	0.17
SDA-3.0	149	169	31	51	1616	0.17
\TheName{}-0.5	181	127	73	19	1603	0.165
\TheName{}-1.0	180	156	44	20	1895	0.195
\TheName{}-1.5	172	160	40	28	1878	0.1975
\TheName{}-2.0	164	164	36	36	1824	0.165
\TheName{}-2.5	158	165	35	42	1650	0.165
\TheName{}-3.0	156	164	36	44	1544	0.165
SVM	166	163	37	34	12	0.0025
LR	0	200	0	200	1	0.005
Ye-LDA	150	169	31	50	210	0.005
DTree-10	185	89	111	15	2	0.005
DTree-20	184	129	71	16	6	0.0025
RFC-50	117	181	19	83	65	0.0225
RFC-100	118	180	20	82	140	0.05
NLSVM-0.1	200	29	171	0	9	0.0925
NLSVM-1.0	197	61	139	3	7	0.0875
NLSVM-10	95	191	9	105	6	0.0775
LDA	145	126	74	55	330	0.1875
SDA-0.5	122	169	31	78	1506	0.165
SDA-1.0	122	168	32	78	1397	0.175
SDA-1.5	122	168	32	78	1497	0.19
SDA-2.0	122	168	32	78	1479	0.1675
SDA-2.5	122	168	32	78	1422	0.17
SDA-3.0	122	168	32	78	1626	0.17
\TheName{}-0.5	158	126	74	42	1617	0.17
\TheName{}-1.0	147	177	23	53	1591	0.165
\TheName{}-1.5	131	172	28	69	1580	0.1725
\TheName{}-2.0	129	171	29	71	1583	0.165
\TheName{}-2.5	128	170	30	72	1573	0.1675
\TheName{}-3.0	128	170	30	72	1638	0.1825
SVM	161	169	31	39	11	0.0025
LR	0	200	0	200	1	0.0075
Ye-LDA	139	183	17	61	204	0.0125
DTree-10	57	176	24	143	3	0.015
DTree-20	93	161	39	107	5	0.0125
RFC-50	107	170	30	93	60	0.015
RFC-100	107	170	30	93	120	0.0375
NLSVM-0.1	200	27	173	0	9	0.0825
NLSVM-1.0	23	197	3	177	6	0.1075
NLSVM-10	140	162	38	60	7	0.0775
LDA	101	130	70	99	330	0.1825
SDA-0.5	150	171	29	50	1515	0.1725
SDA-1.0	146	169	31	54	1432	0.185
SDA-1.5	144	169	31	56	1480	0.1675
SDA-2.0	144	169	31	56	1562	0.1725
SDA-2.5	144	168	32	56	1493	0.1975
SDA-3.0	144	168	32	56	1531	0.1925
\TheName{}-0.5	186	149	51	14	1881	0.1675
\TheName{}-1.0	175	170	30	25	1555	0.1725
\TheName{}-1.5	164	170	30	36	1605	0.175
\TheName{}-2.0	160	172	28	40	1655	0.1725
\TheName{}-2.5	156	173	27	44	1613	0.1725
\TheName{}-3.0	153	173	27	47	1673	0.1775
SVM	183	156	44	17	7	0.0025
LR	0	200	0	200	1	0.005
Ye-LDA	150	159	41	50	196	0.005
DTree-10	80	175	25	120	3	0.005
DTree-20	121	164	36	79	7	0.005
RFC-50	122	171	29	78	78	0.0175
RFC-100	118	172	28	82	151	0.0525
NLSVM-0.1	2	200	0	198	8	0.085
NLSVM-1.0	199	63	137	1	6	0.065
NLSVM-10	200	51	149	0	6	0.0625
LDA	143	147	53	57	309	0.1675
SDA-0.5	149	173	27	51	1423	0.17
SDA-1.0	148	173	27	52	1534	0.1725
SDA-1.5	148	173	27	52	1477	0.165
SDA-2.0	148	173	27	52	1483	0.1725
SDA-2.5	148	173	27	52	1475	0.17
SDA-3.0	148	173	27	52	1468	0.1775
\TheName{}-0.5	152	102	98	48	1692	0.3525
\TheName{}-1.0	190	149	51	10	2139	0.1975
\TheName{}-1.5	177	167	33	23	1716	0.18
\TheName{}-2.0	169	168	32	31	1600	0.1975
\TheName{}-2.5	167	170	30	33	1597	0.165
\TheName{}-3.0	160	172	28	40	1574	0.21
SVM	176	160	40	24	10	0.0025
LR	0	200	0	200	1	0.0075
Ye-LDA	149	167	33	51	192	0.0175
DTree-10	185	67	133	15	3	0.0125
DTree-20	104	171	29	96	5	0.02
RFC-50	126	175	25	74	69	0.015
RFC-100	130	171	29	70	125	0.05
NLSVM-0.1	200	22	178	0	8	0.08
NLSVM-1.0	198	90	110	2	7	0.0625
NLSVM-10	199	64	136	1	6	0.0575
LDA	130	144	56	70	350	0.2975
SDA-0.5	131	177	23	69	2084	0.18
SDA-1.0	131	174	26	69	1647	0.1675
SDA-1.5	130	174	26	70	1545	0.165
SDA-2.0	130	174	26	70	1624	0.1675
SDA-2.5	130	174	26	70	1729	0.1675
SDA-3.0	130	174	26	70	1618	0.1825
\TheName{}-0.5	138	116	84	62	1523	0.17
\TheName{}-1.0	158	176	24	42	1491	0.1825
\TheName{}-1.5	142	177	23	58	1512	0.165
\TheName{}-2.0	140	178	22	60	1446	0.185
\TheName{}-2.5	137	176	24	63	1510	0.17
\TheName{}-3.0	136	175	25	64	1769	0.1775
SVM	170	153	47	30	9	0.005
LR	0	200	0	200	0	0.005
Ye-LDA	142	166	34	58	186	0.005
DTree-10	109	152	48	91	4	0.0025
DTree-20	109	161	39	91	6	0.0025
RFC-50	110	174	26	90	54	0.0125
RFC-100	106	172	28	94	106	0.03
NLSVM-0.1	1	200	0	199	8	0.0775
NLSVM-1.0	186	91	109	14	7	0.0625
NLSVM-10	73	194	6	127	6	0.06
LDA	116	144	56	84	342	0.3575
SDA-0.5	132	168	32	68	1597	0.17
SDA-1.0	129	168	32	71	1708	0.17
SDA-1.5	128	168	32	72	1550	0.165
SDA-2.0	127	168	32	73	1588	0.1875
SDA-2.5	127	168	32	73	1649	0.28
SDA-3.0	127	168	32	73	1719	0.18
\TheName{}-0.5	181	169	31	19	1894	0.2
\TheName{}-1.0	146	177	23	54	1814	0.1725
\TheName{}-1.5	138	170	30	62	1888	0.1675
\TheName{}-2.0	136	169	31	64	1665	0.2425
\TheName{}-2.5	134	168	32	66	1684	0.225
\TheName{}-3.0	133	169	31	67	2400	0.195
SVM	165	179	21	35	12	0.005
LR	0	200	0	200	1	0.005
Ye-LDA	143	176	24	57	223	0.005
DTree-10	85	171	29	115	5	0.09
DTree-20	122	153	47	78	9	0.05
RFC-50	112	167	33	88	250	0.0725
RFC-100	116	167	33	84	183	0.0825
NLSVM-0.1	200	29	171	0	14	0.2425
NLSVM-1.0	178	81	119	22	6	0.08
NLSVM-10	164	150	50	36	7	0.0925
LDA	132	124	76	68	739	0.42
SDA-0.5	183	156	44	17	1913	0.2025
SDA-1.0	183	156	44	17	1665	0.1725
SDA-1.5	183	155	45	17	1407	0.1875
SDA-2.0	182	155	45	18	1519	0.2275
SDA-2.5	182	155	45	18	1693	0.19
SDA-3.0	182	155	45	18	1510	0.1825
\TheName{}-0.5	188	161	39	12	1620	0.1675
\TheName{}-1.0	187	156	44	13	1520	0.1625
\TheName{}-1.5	185	157	43	15	1648	0.1825
\TheName{}-2.0	183	157	43	17	1811	0.165
\TheName{}-2.5	183	157	43	17	1624	0.18
\TheName{}-3.0	183	157	43	17	1475	0.1725
SVM	173	156	44	27	9	0.005
LR	0	200	0	200	1	0.005
Ye-LDA	176	157	43	24	201	0.015
DTree-10	92	156	44	108	3	0.02
DTree-20	122	149	51	78	6	0.0125
RFC-50	136	159	41	64	58	0.0125
RFC-100	130	158	42	70	105	0.035
NLSVM-0.1	3	199	1	197	24	0.085
NLSVM-1.0	196	76	124	4	6	0.085
NLSVM-10	199	9	191	1	8	0.0825
LDA	100	127	73	100	316	0.175
SDA-0.5	154	178	22	46	1516	0.1675
SDA-1.0	150	178	22	50	1652	0.1775
SDA-1.5	149	178	22	51	1562	0.1825
SDA-2.0	148	178	22	52	1512	0.1725
SDA-2.5	148	179	21	52	1425	0.17
SDA-3.0	148	179	21	52	1472	0.1725
\TheName{}-0.5	186	164	36	14	1518	0.165
\TheName{}-1.0	166	178	22	34	1475	0.1725
\TheName{}-1.5	161	177	23	39	1514	0.18
\TheName{}-2.0	154	177	23	46	1681	0.1725
\TheName{}-2.5	152	177	23	48	1715	0.1625
\TheName{}-3.0	151	178	22	49	1462	0.1675
SVM	174	164	36	26	10	0.005
LR	0	200	0	200	1	0.0025
Ye-LDA	170	173	27	30	189	0.005
DTree-10	191	64	136	9	3	0.005
DTree-20	105	179	21	95	6	0.0025
RFC-50	108	178	22	92	21	0.015
RFC-100	98	177	23	102	123	0.0375
NLSVM-0.1	1	200	0	199	8	0.085
NLSVM-1.0	198	59	141	2	6	0.065
NLSVM-10	82	196	4	118	6	0.055
LDA	141	142	58	59	304	0.1675
SDA-0.5	121	171	29	79	1388	0.165
SDA-1.0	121	171	29	79	1372	0.165
SDA-1.5	121	171	29	79	1564	0.19
SDA-2.0	120	171	29	80	1641	0.19
SDA-2.5	120	170	30	80	1603	0.165
SDA-3.0	120	170	30	80	1618	0.1675
\TheName{}-0.5	177	158	42	23	1839	0.18
\TheName{}-1.0	137	179	21	63	1595	0.195
\TheName{}-1.5	135	175	25	65	1626	0.1675
\TheName{}-2.0	130	175	25	70	1754	0.175
\TheName{}-2.5	126	174	26	74	1526	0.2825
\TheName{}-3.0	123	172	28	77	1663	0.1675
SVM	176	173	27	24	9	0.0075
LR	0	200	0	200	0	0.005
Ye-LDA	130	174	26	70	185	0.0025
DTree-10	78	163	37	122	3	0.005
DTree-20	107	146	54	93	5	0.005
RFC-50	126	172	28	74	59	0.015
RFC-100	118	175	25	82	120	0.0375
NLSVM-0.1	108	174	26	92	7	0.08
NLSVM-1.0	182	88	112	18	6	0.065
NLSVM-10	86	191	9	114	6	0.06
LDA	120	131	69	80	317	0.1875
SDA-0.5	144	167	33	56	1406	0.1675
SDA-1.0	143	166	34	57	1450	0.175
SDA-1.5	143	166	34	57	1545	0.1675
SDA-2.0	143	166	34	57	1426	0.1675
SDA-2.5	143	166	34	57	1424	0.165
SDA-3.0	143	166	34	57	1442	0.1675
\TheName{}-0.5	185	167	33	15	1726	0.175
\TheName{}-1.0	162	168	32	38	1872	0.1775
\TheName{}-1.5	156	168	32	44	1736	0.1725
\TheName{}-2.0	154	168	32	46	1797	0.23
\TheName{}-2.5	151	168	32	49	1889	0.1675
\TheName{}-3.0	148	166	34	52	1810	0.18
SVM	189	151	49	11	8	0.005
LR	0	200	0	200	1	0.0025
Ye-LDA	149	163	37	51	251	0.0425
DTree-10	75	172	28	125	3	0.005
DTree-20	101	161	39	99	5	0.005
RFC-50	110	174	26	90	62	0.02
RFC-100	102	173	27	98	222	0.0475
NLSVM-0.1	3	200	0	197	9	0.0875
NLSVM-1.0	78	175	25	122	7	0.07
NLSVM-10	199	40	160	1	6	0.0625
LDA	125	131	69	75	310	0.175
SDA-0.5	149	173	27	51	1498	0.18
SDA-1.0	148	172	28	52	1510	0.1725
SDA-1.5	149	172	28	51	1391	0.1625
SDA-2.0	149	171	29	51	1499	0.17
SDA-2.5	149	171	29	51	1509	0.165
SDA-3.0	149	170	30	51	1460	0.165
\TheName{}-0.5	181	170	30	19	1452	0.1675
\TheName{}-1.0	160	172	28	40	1551	0.215
\TheName{}-1.5	155	172	28	45	1512	0.1725
\TheName{}-2.0	152	171	29	48	1471	0.1825
\TheName{}-2.5	151	171	29	49	1502	0.1625
\TheName{}-3.0	150	171	29	50	1529	0.17
SVM	180	178	22	20	9	0.005
LR	0	200	0	200	1	0.0025
Ye-LDA	146	172	28	54	191	0.005
DTree-10	187	57	143	13	4	0.0025
DTree-20	109	169	31	91	6	0.0025
RFC-50	114	179	21	86	55	0.015
RFC-100	116	178	22	84	181	0.08
NLSVM-0.1	1	200	0	199	11	0.14
NLSVM-1.0	200	66	134	0	8	0.09
NLSVM-10	199	67	133	1	8	0.07
LDA	119	138	62	81	313	0.195
SDA-0.5	155	172	28	45	1884	0.2325
SDA-1.0	151	171	29	49	2034	0.2175
SDA-1.5	150	169	31	50	1647	0.1725
SDA-2.0	149	169	31	51	1554	0.18
SDA-2.5	149	169	31	51	1437	0.1825
SDA-3.0	149	169	31	51	1401	0.175
\TheName{}-0.5	175	174	26	25	1549	0.1875
\TheName{}-1.0	168	175	25	32	1593	0.1775
\TheName{}-1.5	162	170	30	38	1522	0.1675
\TheName{}-2.0	159	171	29	41	1556	0.165
\TheName{}-2.5	158	171	29	42	1569	0.165
\TheName{}-3.0	156	172	28	44	1445	0.1675
SVM	161	173	27	39	12	0.005
LR	0	200	0	200	0	0.005
Ye-LDA	150	178	22	50	190	0.0025
DTree-10	95	166	34	105	4	0.0025
DTree-20	86	171	29	114	6	0.0025
RFC-50	98	186	14	102	66	0.0225
RFC-100	112	184	16	88	110	0.0325
NLSVM-0.1	3	200	0	197	10	0.0875
NLSVM-1.0	194	87	113	6	6	0.07
NLSVM-10	18	199	1	182	6	0.0575
LDA	132	160	40	68	324	0.1875
SDA-0.5	124	181	19	76	1535	0.18
SDA-1.0	123	181	19	77	1486	0.1625
SDA-1.5	123	181	19	77	1453	0.17
SDA-2.0	123	181	19	77	1501	0.1675
SDA-2.5	123	181	19	77	1537	0.165
SDA-3.0	123	181	19	77	1467	0.17
\TheName{}-0.5	172	173	27	28	1544	0.175
\TheName{}-1.0	137	183	17	63	1621	0.165
\TheName{}-1.5	131	181	19	69	1497	0.1625
\TheName{}-2.0	127	181	19	73	1540	0.165
\TheName{}-2.5	126	181	19	74	1557	0.1625
\TheName{}-3.0	125	181	19	75	1501	0.1825
SVM	164	172	28	36	9	0.005
LR	0	200	0	200	0	0.005
Ye-LDA	133	182	18	67	186	0.005
DTree-10	95	168	32	105	3	0.005
DTree-20	89	170	30	111	5	0.005
RFC-50	116	175	25	84	72	0.02
RFC-100	108	176	24	92	128	0.0425
NLSVM-0.1	200	26	174	0	8	0.09
NLSVM-1.0	192	72	128	8	6	0.065
NLSVM-10	190	153	47	10	6	0.0625
LDA	119	123	77	81	312	0.175
SDA-0.5	147	172	28	53	1398	0.1725
SDA-1.0	147	169	31	53	1461	0.165
SDA-1.5	147	169	31	53	1511	0.1725
SDA-2.0	146	169	31	54	1425	0.1775
SDA-2.5	146	169	31	54	1458	0.165
SDA-3.0	146	169	31	54	1381	0.1825
\TheName{}-0.5	187	161	39	13	1521	0.17
\TheName{}-1.0	161	169	31	39	1477	0.165
\TheName{}-1.5	159	169	31	41	1463	0.1725
\TheName{}-2.0	157	171	29	43	1513	0.175
\TheName{}-2.5	152	171	29	48	1480	0.1725
\TheName{}-3.0	151	171	29	49	1445	0.18
SVM	179	168	32	21	8	0.005
LR	0	200	0	200	1	0.005
Ye-LDA	134	179	21	66	188	0.005
DTree-10	51	183	17	149	3	0.0025
DTree-20	89	175	25	111	6	0.0025
RFC-50	106	172	28	94	59	0.0125
RFC-100	105	172	28	95	117	0.0375
NLSVM-0.1	198	24	176	2	9	0.08
NLSVM-1.0	197	72	128	3	6	0.07
NLSVM-10	101	187	13	99	6	0.0625
LDA	141	127	73	59	325	0.2075
SDA-0.5	146	177	23	54	1475	0.1725
SDA-1.0	145	176	24	55	1463	0.165
SDA-1.5	143	176	24	57	1439	0.1675
SDA-2.0	143	176	24	57	1618	0.1925
SDA-2.5	143	176	24	57	1468	0.1675
SDA-3.0	143	176	24	57	1464	0.1925
\TheName{}-0.5	175	182	18	25	1545	0.165
\TheName{}-1.0	150	182	18	50	1615	0.1675
\TheName{}-1.5	146	179	21	54	1442	0.1725
\TheName{}-2.0	146	177	23	54	1479	0.165
\TheName{}-2.5	145	177	23	55	1506	0.165
\TheName{}-3.0	145	177	23	55	1475	0.1825
SVM	187	164	36	13	8	0.005
LR	0	200	0	200	0	0.005
Ye-LDA	151	181	19	49	185	0.005
DTree-10	56	188	12	144	3	0.0025
DTree-20	105	172	28	95	6	0.0025
RFC-50	112	182	18	88	57	0.015
RFC-100	112	174	26	88	111	0.035
NLSVM-0.1	2	200	0	198	8	0.08
NLSVM-1.0	173	132	68	27	6	0.0625
NLSVM-10	73	198	2	127	7	0.0825
LDA	130	130	70	70	315	0.175
SDA-0.5	164	177	23	36	1429	0.1675
SDA-1.0	164	177	23	36	1437	0.1625
SDA-1.5	163	177	23	37	1411	0.175
SDA-2.0	163	176	24	37	1475	0.1675
SDA-2.5	162	176	24	38	1533	0.1775
SDA-3.0	161	175	25	39	1481	0.1675
\TheName{}-0.5	179	180	20	21	1617	0.1725
\TheName{}-1.0	170	177	23	30	1630	0.1675
\TheName{}-1.5	165	177	23	35	1585	0.17
\TheName{}-2.0	164	178	22	36	1591	0.1675
\TheName{}-2.5	164	178	22	36	1629	0.175
\TheName{}-3.0	164	177	23	36	1592	0.1725
SVM	169	180	20	31	10	0.0025
LR	0	200	0	200	1	0.0025
Ye-LDA	164	175	25	36	193	0.005
DTree-10	72	186	14	128	3	0.0025
DTree-20	111	176	24	89	6	0.0025
RFC-50	116	177	23	84	64	0.0125
RFC-100	111	182	18	89	124	0.0325
NLSVM-0.1	200	24	176	0	8	0.08
NLSVM-1.0	35	197	3	165	6	0.065
NLSVM-10	174	170	30	26	6	0.06
LDA	132	121	79	68	302	0.18
SDA-0.5	170	159	41	30	1488	0.165
SDA-1.0	169	159	41	31	1414	0.17
SDA-1.5	168	159	41	32	1400	0.1675
SDA-2.0	168	159	41	32	1404	0.1775
SDA-2.5	168	158	42	32	1401	0.1625
SDA-3.0	168	158	42	32	1462	0.1675
\TheName{}-0.5	192	158	42	8	1480	0.17
\TheName{}-1.0	189	159	41	11	1497	0.1775
\TheName{}-1.5	179	162	38	21	1480	0.1725
\TheName{}-2.0	176	162	38	24	1545	0.18
\TheName{}-2.5	175	160	40	25	1600	0.1725
\TheName{}-3.0	174	160	40	26	1505	0.175
SVM	184	160	40	16	9	0.005
LR	0	200	0	200	0	0.005
Ye-LDA	171	154	46	29	190	0.005
DTree-10	100	185	15	100	3	0.005
DTree-20	132	170	30	68	6	0.005
RFC-50	125	181	19	75	68	0.015
RFC-100	131	176	24	69	118	0.035
NLSVM-0.1	3	199	1	197	8	0.08
NLSVM-1.0	198	63	137	2	6	0.07
NLSVM-10	200	95	105	0	6	0.0625
LDA	130	142	58	70	310	0.1625
SDA-0.5	135	180	20	65	1417	0.165
SDA-1.0	132	179	21	68	1387	0.165
SDA-1.5	132	178	22	68	1383	0.165
SDA-2.0	132	178	22	68	1407	0.1825
SDA-2.5	132	179	21	68	1454	0.17
SDA-3.0	132	179	21	68	1401	0.19
\TheName{}-0.5	167	122	78	33	1922	0.195
\TheName{}-1.0	154	181	19	46	1681	0.175
\TheName{}-1.5	147	179	21	53	1691	0.17
\TheName{}-2.0	142	180	20	58	1503	0.19
\TheName{}-2.5	138	179	21	62	1535	0.165
\TheName{}-3.0	135	179	21	65	1500	0.1725
SVM	179	166	34	21	13	0.005
LR	0	200	0	200	1	0.005
Ye-LDA	140	181	19	60	201	0.005
DTree-10	79	178	22	121	4	0.005
DTree-20	113	171	29	87	6	0.0025
RFC-50	117	185	15	83	68	0.02
RFC-100	110	184	16	90	144	0.045
NLSVM-0.1	2	200	0	198	9	0.095
NLSVM-1.0	191	63	137	9	7	0.075
NLSVM-10	162	163	37	38	7	0.075
LDA	114	116	84	86	328	0.205
SDA-0.5	140	173	27	60	1705	0.1625
SDA-1.0	140	173	27	60	1621	0.19
SDA-1.5	140	173	27	60	1722	0.1675
SDA-2.0	139	173	27	61	1536	0.1625
SDA-2.5	139	173	27	61	1383	0.165
SDA-3.0	139	173	27	61	1545	0.185
\TheName{}-0.5	174	154	46	26	1644	0.1775
\TheName{}-1.0	152	180	20	48	1442	0.1675
\TheName{}-1.5	148	177	23	52	1536	0.1625
\TheName{}-2.0	144	175	25	56	1514	0.1725
\TheName{}-2.5	143	174	26	57	1457	0.17
\TheName{}-3.0	140	173	27	60	1508	0.165
SVM	168	168	32	32	14	0.0025
LR	200	0	200	0	0	0.005
Ye-LDA	173	148	52	27	184	0.015
DTree-10	81	173	27	119	3	0.0125
DTree-20	109	160	40	91	5	0.0125
RFC-50	113	173	27	87	17	0.025
RFC-100	113	178	22	87	120	0.04
NLSVM-0.1	200	29	171	0	8	0.0775
NLSVM-1.0	196	72	128	4	6	0.0625
NLSVM-10	32	198	2	168	6	0.0575
LDA	123	121	79	77	315	0.175
SDA-0.5	136	170	30	64	1383	0.165
SDA-1.0	133	171	29	67	1369	0.175
SDA-1.5	131	171	29	69	1443	0.1725
SDA-2.0	131	171	29	69	1464	0.1675
SDA-2.5	131	171	29	69	1417	0.1625
SDA-3.0	131	171	29	69	1410	0.19
\TheName{}-0.5	168	178	22	32	1525	0.1675
\TheName{}-1.0	145	173	27	55	1616	0.165
\TheName{}-1.5	143	172	28	57	1509	0.1725
\TheName{}-2.0	139	171	29	61	1561	0.1625
\TheName{}-2.5	138	171	29	62	1520	0.165
\TheName{}-3.0	138	171	29	62	1518	0.1675
SVM	178	172	28	22	10	0.015
LR	0	200	0	200	1	0.0025
Ye-LDA	125	171	29	75	202	0.0175
DTree-10	87	166	34	113	4	0.0025
DTree-20	119	162	38	81	6	0.0
RFC-50	112	174	26	88	55	0.0075
RFC-100	119	167	33	81	109	0.03
NLSVM-0.1	200	13	187	0	8	0.08
NLSVM-1.0	187	87	113	13	7	0.0625
NLSVM-10	196	132	68	4	6	0.065
LDA	116	106	94	84	313	0.165
SDA-0.5	119	173	27	81	1404	0.1725
SDA-1.0	119	171	29	81	1365	0.165
SDA-1.5	119	172	28	81	1392	0.1675
SDA-2.0	119	171	29	81	1408	0.165
SDA-2.5	119	171	29	81	1361	0.165
SDA-3.0	119	171	29	81	1385	0.165
\TheName{}-0.5	183	165	35	17	1545	0.17
\TheName{}-1.0	128	176	24	72	1540	0.1725
\TheName{}-1.5	121	171	29	79	1505	0.175
\TheName{}-2.0	118	171	29	82	1527	0.165
\TheName{}-2.5	118	171	29	82	1524	0.165
\TheName{}-3.0	118	172	28	82	1500	0.1725
SVM	171	172	28	29	10	0.005
LR	0	200	0	200	0	0.005
Ye-LDA	148	174	26	52	183	0.0175
DTree-10	83	175	25	117	3	0.0025
DTree-20	109	169	31	91	6	0.005
RFC-50	117	160	40	83	59	0.015
RFC-100	119	162	38	81	114	0.0375
NLSVM-0.1	5	198	2	195	8	0.0925
NLSVM-1.0	194	81	119	6	6	0.07
NLSVM-10	199	87	113	1	5	0.0575
LDA	110	104	96	90	302	0.165
SDA-0.5	134	184	16	66	1451	0.175
SDA-1.0	130	184	16	70	1417	0.165
SDA-1.5	129	184	16	71	1421	0.1675
SDA-2.0	129	184	16	71	1436	0.1675
SDA-2.5	129	184	16	71	1401	0.1625
SDA-3.0	128	184	16	72	1419	0.165
\TheName{}-0.5	165	145	55	35	1482	0.175
\TheName{}-1.0	161	184	16	39	1496	0.1775
\TheName{}-1.5	146	184	16	54	1551	0.165
\TheName{}-2.0	143	185	15	57	1506	0.165
\TheName{}-2.5	141	185	15	59	1480	0.165
\TheName{}-3.0	141	185	15	59	1444	0.165
SVM	163	168	32	37	9	0.005
LR	0	200	0	200	0	0.005
Ye-LDA	145	176	24	55	180	0.005
DTree-10	49	196	4	151	3	0.005
DTree-20	93	186	14	107	5	0.005
RFC-50	112	182	18	88	19	0.015
RFC-100	120	179	21	80	138	0.0275
NLSVM-0.1	199	22	178	1	7	0.08
NLSVM-1.0	177	96	104	23	6	0.0625
NLSVM-10	199	56	144	1	6	0.0575
LDA	152	126	74	48	309	0.1725
SDA-0.5	147	179	21	53	1425	0.1625
SDA-1.0	145	178	22	55	1471	0.17
SDA-1.5	144	178	22	56	1392	0.1625
SDA-2.0	143	178	22	57	1405	0.1675
SDA-2.5	143	178	22	57	1438	0.165
SDA-3.0	143	178	22	57	1350	0.165
\TheName{}-0.5	173	161	39	27	1465	0.175
\TheName{}-1.0	161	176	24	39	1481	0.165
\TheName{}-1.5	151	178	22	49	1445	0.1675
\TheName{}-2.0	149	178	22	51	1572	0.165
\TheName{}-2.5	149	178	22	51	1457	0.1675
\TheName{}-3.0	149	178	22	51	1455	0.1675
SVM	181	152	48	19	10	0.0025
LR	0	200	0	200	1	0.005
Ye-LDA	136	181	19	64	180	0.005
DTree-10	59	175	25	141	3	0.005
DTree-20	93	171	29	107	5	0.0025
RFC-50	100	189	11	100	61	0.0125
RFC-100	103	186	14	97	115	0.0325
NLSVM-0.1	200	26	174	0	7	0.08
NLSVM-1.0	200	46	154	0	6	0.06
NLSVM-10	198	87	113	2	6	0.0575
LDA	144	136	64	56	295	0.165
SDA-0.5	158	179	21	42	1405	0.165
SDA-1.0	157	178	22	43	1426	0.1625
SDA-1.5	157	178	22	43	1439	0.17
SDA-2.0	157	178	22	43	1502	0.165
SDA-2.5	157	178	22	43	1437	0.1675
SDA-3.0	156	178	22	44	1405	0.1675
\TheName{}-0.5	179	180	20	21	1463	0.175
\TheName{}-1.0	169	180	20	31	1469	0.165
\TheName{}-1.5	164	178	22	36	1492	0.1625
\TheName{}-2.0	163	177	23	37	1469	0.175
\TheName{}-2.5	163	177	23	37	1568	0.1625
\TheName{}-3.0	162	177	23	38	1471	0.1725
SVM	186	174	26	14	10	0.0075
LR	0	200	0	200	0	0.005
Ye-LDA	150	182	18	50	187	0.005
DTree-10	48	182	18	152	3	0.0025
DTree-20	111	172	28	89	6	0.005
RFC-50	122	172	28	78	16	0.0125
RFC-100	126	179	21	74	120	0.04
NLSVM-0.1	199	28	172	1	8	0.0825
NLSVM-1.0	191	69	131	9	6	0.06
NLSVM-10	59	199	1	141	6	0.0575
LDA	122	125	75	78	300	0.1625
SDA-0.5	143	175	25	57	1355	0.1625
SDA-1.0	142	173	27	58	1366	0.1625
SDA-1.5	142	173	27	58	1383	0.19
SDA-2.0	141	173	27	59	1350	0.1675
SDA-2.5	141	173	27	59	1421	0.165
SDA-3.0	141	173	27	59	1454	0.1825
\TheName{}-0.5	176	154	46	24	1435	0.165
\TheName{}-1.0	154	177	23	46	1453	0.165
\TheName{}-1.5	150	177	23	50	1480	0.1625
\TheName{}-2.0	144	176	24	56	1426	0.1625
\TheName{}-2.5	144	176	24	56	1463	0.1625
\TheName{}-3.0	142	176	24	58	1557	0.175
SVM	174	152	48	26	11	0.0075
LR	0	200	0	200	1	0.005
Ye-LDA	153	175	25	47	183	0.005
DTree-10	94	167	33	106	3	0.005
DTree-20	117	163	37	83	5	0.005
RFC-50	133	169	31	67	14	0.0125
RFC-100	135	163	37	65	114	0.04
NLSVM-0.1	200	26	174	0	10	0.0875
NLSVM-1.0	181	97	103	19	6	0.0625
NLSVM-10	92	197	3	108	6	0.0575
LDA	126	131	69	74	301	0.17
SDA-0.5	130	172	28	70	1315	0.1625
SDA-1.0	125	170	30	75	1341	0.1675
SDA-1.5	124	170	30	76	1347	0.1675
SDA-2.0	124	169	31	76	1338	0.1725
SDA-2.5	124	169	31	76	1378	0.1675
SDA-3.0	124	169	31	76	1421	0.17
\TheName{}-0.5	170	175	25	30	1469	0.1725
\TheName{}-1.0	146	172	28	54	1400	0.165
\TheName{}-1.5	139	171	29	61	1430	0.165
\TheName{}-2.0	134	170	30	66	1457	0.1675
\TheName{}-2.5	133	170	30	67	1384	0.1625
\TheName{}-3.0	130	170	30	70	1441	0.165
SVM	164	170	30	36	6	0.005
LR	0	200	0	200	1	0.0025
Ye-LDA	141	167	33	59	183	0.005
DTree-10	80	167	33	120	4	0.005
DTree-20	115	160	40	85	6	0.0025
RFC-50	121	179	21	79	52	0.0125
RFC-100	121	179	21	79	109	0.0325
NLSVM-0.1	1	200	0	199	7	0.0775
NLSVM-1.0	178	89	111	22	6	0.06
NLSVM-10	75	193	7	125	6	0.0575
LDA	131	132	68	69	307	0.1975
SDA-0.5	142	172	28	58	1480	0.1625
SDA-1.0	139	171	29	61	1377	0.1675
SDA-1.5	138	172	28	62	1431	0.165
SDA-2.0	138	172	28	62	1460	0.165
SDA-2.5	138	172	28	62	1424	0.165
SDA-3.0	138	172	28	62	1451	0.1625
\TheName{}-0.5	172	174	26	28	1539	0.175
\TheName{}-1.0	154	179	21	46	1504	0.165
\TheName{}-1.5	148	177	23	52	1494	0.165
\TheName{}-2.0	145	176	24	55	1540	0.165
\TheName{}-2.5	142	173	27	58	1483	0.1625
\TheName{}-3.0	141	173	27	59	1486	0.1625
SVM	160	170	30	40	7	0.0075
LR	0	200	0	200	0	0.005
Ye-LDA	144	175	25	56	182	0.005
DTree-10	68	175	25	132	3	0.005
DTree-20	105	158	42	95	5	0.005
RFC-50	117	171	29	83	61	0.015
RFC-100	115	167	33	85	131	0.04
NLSVM-0.1	199	24	176	1	8	0.0825
NLSVM-1.0	182	88	112	18	6	0.075
NLSVM-10	43	197	3	157	5	0.055
LDA	109	128	72	91	301	0.1675
SDA-0.5	132	175	25	68	1515	0.17
SDA-1.0	131	174	26	69	1365	0.165
SDA-1.5	130	174	26	70	1407	0.1625
SDA-2.0	130	174	26	70	1437	0.1625
SDA-2.5	129	174	26	71	1381	0.1625
SDA-3.0	129	174	26	71	1367	0.165
\TheName{}-0.5	170	128	72	30	1502	0.17
\TheName{}-1.0	167	175	25	33	1490	0.1625
\TheName{}-1.5	152	175	25	48	1454	0.165
\TheName{}-2.0	145	176	24	55	1485	0.1675
\TheName{}-2.5	141	177	23	59	1483	0.1625
\TheName{}-3.0	140	176	24	60	1463	0.1775
SVM	170	170	30	30	10	0.005
LR	0	200	0	200	0	0.005
Ye-LDA	146	177	23	54	186	0.0025
DTree-10	56	191	9	144	4	0.0025
DTree-20	98	179	21	102	7	0.0025
RFC-50	103	186	14	97	57	0.0125
RFC-100	97	191	9	103	108	0.0325
NLSVM-0.1	198	19	181	2	8	0.0775
NLSVM-1.0	181	77	123	19	6	0.06
NLSVM-10	42	199	1	158	7	0.065
LDA	112	140	60	88	310	0.17
SDA-0.5	165	184	16	35	1490	0.1625
SDA-1.0	164	184	16	36	1454	0.1625
SDA-1.5	163	184	16	37	1419	0.1625
SDA-2.0	163	184	16	37	1469	0.1625
SDA-2.5	162	184	16	38	1425	0.1625
SDA-3.0	162	184	16	38	1393	0.18
\TheName{}-0.5	184	160	40	16	1543	0.18
\TheName{}-1.0	180	179	21	20	1509	0.1625
\TheName{}-1.5	174	182	18	26	1456	0.1625
\TheName{}-2.0	170	184	16	30	1512	0.1675
\TheName{}-2.5	167	184	16	33	1571	0.17
\TheName{}-3.0	166	184	16	34	1486	0.165
SVM	156	168	32	44	9	0.005
LR	0	200	0	200	1	0.005
Ye-LDA	167	181	19	33	182	0.005
DTree-10	66	178	22	134	4	0.0025
DTree-20	118	166	34	82	6	0.0025
RFC-50	116	168	32	84	54	0.0125
RFC-100	109	172	28	91	108	0.03
NLSVM-0.1	1	200	0	199	8	0.08
NLSVM-1.0	41	196	4	159	6	0.06
NLSVM-10	74	198	2	126	6	0.0575
LDA	110	127	73	90	317	0.175
SDA-0.5	115	171	29	85	1401	0.1625
SDA-1.0	113	170	30	87	1430	0.1625
SDA-1.5	110	170	30	90	1451	0.1625
SDA-2.0	110	170	30	90	1437	0.1675
SDA-2.5	111	170	30	89	1493	0.175
SDA-3.0	111	170	30	89	1452	0.165
\TheName{}-0.5	156	125	75	44	1556	0.165
\TheName{}-1.0	144	176	24	56	1564	0.165
\TheName{}-1.5	127	174	26	73	1512	0.1675
\TheName{}-2.0	123	172	28	77	1598	0.175
\TheName{}-2.5	121	171	29	79	1695	0.1725
\TheName{}-3.0	120	171	29	80	1628	0.1675
SVM	173	159	41	27	11	0.005
LR	0	200	0	200	0	0.005
Ye-LDA	127	173	27	73	195	0.0025
DTree-10	44	175	25	156	3	0.0025
DTree-20	98	165	35	102	7	0.0025
RFC-50	98	177	23	102	65	0.015
RFC-100	106	175	25	94	131	0.075
NLSVM-0.1	1	198	2	199	8	0.09
NLSVM-1.0	186	76	124	14	8	0.0725
NLSVM-10	77	188	12	123	6	0.0725
LDA	123	117	83	77	314	0.18
SDA-0.5	124	177	23	76	1434	0.1725
SDA-1.0	123	176	24	77	1407	0.1725
SDA-1.5	121	176	24	79	1402	0.175
SDA-2.0	120	176	24	80	1413	0.1825
SDA-2.5	119	176	24	81	1446	0.165
SDA-3.0	119	176	24	81	1429	0.1725
\TheName{}-0.5	183	150	50	17	1545	0.1675
\TheName{}-1.0	143	175	25	57	1545	0.1775
\TheName{}-1.5	131	175	25	69	1499	0.17
\TheName{}-2.0	128	174	26	72	1492	0.1625
\TheName{}-2.5	126	174	26	74	1534	0.1725
\TheName{}-3.0	124	174	26	76	1438	0.165
SVM	176	176	24	24	7	0.0025
LR	0	200	0	200	1	0.0025
Ye-LDA	151	178	22	49	182	0.005
DTree-10	79	181	19	121	3	0.0025
DTree-20	107	177	23	93	6	0.005
RFC-50	119	180	20	81	53	0.0125
RFC-100	115	184	16	85	106	0.0325
NLSVM-0.1	1	199	1	199	9	0.085
NLSVM-1.0	170	131	69	30	6	0.065
NLSVM-10	175	148	52	25	6	0.0575
LDA	127	124	76	73	313	0.1775
SDA-0.5	159	180	20	41	1428	0.1675
SDA-1.0	159	178	22	41	1443	0.17
SDA-1.5	159	178	22	41	1432	0.17
SDA-2.0	158	178	22	42	1476	0.17
SDA-2.5	158	178	22	42	1550	0.1775
SDA-3.0	158	178	22	42	1481	0.17
\TheName{}-0.5	180	124	76	20	1608	0.1675
\TheName{}-1.0	183	159	41	17	1575	0.165
\TheName{}-1.5	177	174	26	23	1548	0.1675
\TheName{}-2.0	174	174	26	26	1560	0.17
\TheName{}-2.5	169	174	26	31	1558	0.1825
\TheName{}-3.0	168	176	24	32	1541	0.165
SVM	173	160	40	27	10	0.005
LR	0	200	0	200	0	0.005
Ye-LDA	163	171	29	37	199	0.0075
DTree-10	67	187	13	133	3	0.005
DTree-20	119	171	29	81	7	0.005
RFC-50	124	183	17	76	68	0.015
RFC-100	122	184	16	78	35	0.04
NLSVM-0.1	200	15	185	0	9	0.09
NLSVM-1.0	195	69	131	5	7	0.075
NLSVM-10	198	98	102	2	6	0.0675
LDA	128	133	67	72	311	0.1775
SDA-0.5	125	174	26	75	1439	0.165
SDA-1.0	125	173	27	75	1447	0.1675
SDA-1.5	124	171	29	76	1423	0.1675
SDA-2.0	124	171	29	76	1455	0.1725
SDA-2.5	124	171	29	76	1513	0.1825
SDA-3.0	124	171	29	76	1581	0.1675
\TheName{}-0.5	149	114	86	51	1613	0.17
\TheName{}-1.0	168	173	27	32	1597	0.17
\TheName{}-1.5	144	175	25	56	1549	0.2775
\TheName{}-2.0	137	173	27	63	1629	0.1725
\TheName{}-2.5	132	174	26	68	1640	0.1825
\TheName{}-3.0	128	173	27	72	1553	0.17
SVM	172	168	32	28	12	0.005
LR	0	200	0	200	1	0.0025
Ye-LDA	128	181	19	72	195	0.0025
DTree-10	110	160	40	90	4	0.0025
DTree-20	97	173	27	103	7	0.0025
RFC-50	104	178	22	96	62	0.0175
RFC-100	105	180	20	95	116	0.04
NLSVM-0.1	200	20	180	0	8	0.0825
NLSVM-1.0	184	80	120	16	6	0.0625
NLSVM-10	111	189	11	89	6	0.06
LDA	124	128	72	76	305	0.1775
SDA-0.5	127	178	22	73	1477	0.17
SDA-1.0	127	177	23	73	1474	0.1675
SDA-1.5	127	177	23	73	1422	0.1675
SDA-2.0	125	177	23	75	1424	0.1825
SDA-2.5	125	177	23	75	1405	0.1675
SDA-3.0	124	177	23	76	1410	0.17
\TheName{}-0.5	183	166	34	17	1612	0.1775
\TheName{}-1.0	151	182	18	49	1552	0.1675
\TheName{}-1.5	142	179	21	58	1508	0.17
\TheName{}-2.0	139	179	21	61	1532	0.17
\TheName{}-2.5	137	178	22	63	1542	0.1775
\TheName{}-3.0	135	178	22	65	1470	0.1725
SVM	168	177	23	32	9	0.005
LR	0	200	0	200	0	0.005
Ye-LDA	148	178	22	52	185	0.005
DTree-10	188	34	166	12	3	0.0
DTree-20	88	173	27	112	6	0.005
RFC-50	104	172	28	96	64	0.015
RFC-100	107	172	28	93	123	0.04
NLSVM-0.1	199	15	185	1	8	0.08
NLSVM-1.0	179	82	118	21	7	0.07
NLSVM-10	97	193	7	103	6	0.0775
LDA	97	149	51	103	309	0.1725
SDA-0.5	151	183	17	49	1446	0.165
SDA-1.0	152	182	18	48	1465	0.175
SDA-1.5	151	181	19	49	1443	0.17
SDA-2.0	150	181	19	50	1459	0.1775
SDA-2.5	150	181	19	50	1463	0.165
SDA-3.0	148	181	19	52	1386	0.175
\TheName{}-0.5	174	183	17	26	1538	0.1725
\TheName{}-1.0	156	186	14	44	1551	0.1725
\TheName{}-1.5	155	184	16	45	1504	0.185
\TheName{}-2.0	154	184	16	46	1538	0.1975
\TheName{}-2.5	153	184	16	47	1537	0.17
\TheName{}-3.0	153	184	16	47	1500	0.1725
SVM	163	177	23	37	12	0.0025
LR	0	200	0	200	1	0.005
Ye-LDA	150	185	15	50	193	0.005
DTree-10	102	169	31	98	4	0.005
DTree-20	97	173	27	103	6	0.0025
RFC-50	119	186	14	81	62	0.015
RFC-100	124	187	13	76	120	0.04
NLSVM-0.1	200	27	173	0	7	0.09
NLSVM-1.0	196	68	132	4	7	0.065
NLSVM-10	41	199	1	159	6	0.06
LDA	136	136	64	64	308	0.1675
SDA-0.5	176	159	41	24	1521	0.1675
SDA-1.0	174	158	42	26	1504	0.165
SDA-1.5	174	159	41	26	1479	0.165
SDA-2.0	173	159	41	27	1489	0.17
SDA-2.5	170	159	41	30	1492	0.1675
SDA-3.0	170	159	41	30	1419	0.17
\TheName{}-0.5	190	155	45	10	1559	0.17
\TheName{}-1.0	188	158	42	12	1624	0.1825
\TheName{}-1.5	182	155	45	18	1494	0.1675
\TheName{}-2.0	182	155	45	18	1547	0.18
\TheName{}-2.5	180	158	42	20	1536	0.1675
\TheName{}-3.0	178	159	41	22	1495	0.165
SVM	181	154	46	19	7	0.005
LR	0	200	0	200	1	0.0025
Ye-LDA	181	160	40	19	182	0.005
DTree-10	54	185	15	146	3	0.0025
DTree-20	107	169	31	93	5	0.0025
RFC-50	133	166	34	67	63	0.015
RFC-100	122	169	31	78	115	0.035
NLSVM-0.1	200	31	169	0	8	0.0775
NLSVM-1.0	102	161	39	98	7	0.0625
NLSVM-10	13	199	1	187	6	0.0575
LDA	150	141	59	50	310	0.1675
SDA-0.5	183	176	24	17	1465	0.17
SDA-1.0	182	174	26	18	1449	0.175
SDA-1.5	182	174	26	18	1487	0.18
SDA-2.0	182	174	26	18	1468	0.1675
SDA-2.5	182	174	26	18	1465	0.165
SDA-3.0	182	174	26	18	1420	0.1675
\TheName{}-0.5	184	155	45	16	1546	0.1675
\TheName{}-1.0	185	168	32	15	1546	0.165
\TheName{}-1.5	186	172	28	14	1638	0.18
\TheName{}-2.0	184	171	29	16	1550	0.165
\TheName{}-2.5	183	173	27	17	1557	0.175
\TheName{}-3.0	183	173	27	17	1494	0.1675
SVM	176	169	31	24	9	0.0025
LR	0	200	0	200	1	0.0025
Ye-LDA	168	167	33	32	189	0.005
DTree-10	41	193	7	159	4	0.0025
DTree-20	94	175	25	106	6	0.0025
RFC-50	118	192	8	82	61	0.015
RFC-100	114	189	11	86	121	0.04
NLSVM-0.1	200	27	173	0	8	0.0825
NLSVM-1.0	96	166	34	104	6	0.0675
NLSVM-10	199	31	169	1	6	0.0625
LDA	122	120	80	78	316	0.18
SDA-0.5	137	167	33	63	1403	0.1625
SDA-1.0	135	167	33	65	1400	0.175
SDA-1.5	136	167	33	64	1406	0.1725
SDA-2.0	136	168	32	64	1453	0.1725
SDA-2.5	136	168	32	64	1466	0.1725
SDA-3.0	136	168	32	64	1370	0.17
\TheName{}-0.5	182	168	32	18	1497	0.175
\TheName{}-1.0	155	174	26	45	1512	0.1675
\TheName{}-1.5	145	176	24	55	1439	0.17
\TheName{}-2.0	141	175	25	59	1577	0.1725
\TheName{}-2.5	139	170	30	61	1508	0.1675
\TheName{}-3.0	137	170	30	63	1474	0.1625
SVM	178	156	44	22	11	0.005
LR	0	200	0	200	1	0.0025
Ye-LDA	153	173	27	47	181	0.005
DTree-10	62	178	22	138	3	0.005
DTree-20	100	173	27	100	6	0.0025
RFC-50	117	172	28	83	60	0.015
RFC-100	116	172	28	84	112	0.035
NLSVM-0.1	200	25	175	0	8	0.0825
NLSVM-1.0	188	62	138	12	6	0.065
NLSVM-10	46	196	4	154	6	0.06
LDA	109	131	69	91	317	0.18
SDA-0.5	112	174	26	88	1399	0.17
SDA-1.0	111	174	26	89	1448	0.17
SDA-1.5	109	174	26	91	1484	0.185
SDA-2.0	109	174	26	91	1472	0.1675
SDA-2.5	109	173	27	91	1476	0.1625
SDA-3.0	109	173	27	91	1448	0.17
\TheName{}-0.5	183	131	69	17	1523	0.165
\TheName{}-1.0	130	169	31	70	1497	0.17
\TheName{}-1.5	121	171	29	79	1502	0.17
\TheName{}-2.0	119	172	28	81	1467	0.1825
\TheName{}-2.5	119	174	26	81	1601	0.1675
\TheName{}-3.0	115	174	26	85	1482	0.165
SVM	188	158	42	12	8	0.005
LR	0	200	0	200	0	0.005
Ye-LDA	132	163	37	68	175	0.005
DTree-10	74	163	37	126	3	0.005
DTree-20	114	148	52	86	6	0.0025
RFC-50	113	148	52	87	56	0.015
RFC-100	110	150	50	90	111	0.0325
NLSVM-0.1	3	199	1	197	8	0.0775
NLSVM-1.0	197	65	135	3	6	0.0675
NLSVM-10	66	193	7	134	6	0.0625
LDA	125	123	77	75	321	0.18
SDA-0.5	149	170	30	51	1430	0.17
SDA-1.0	147	171	29	53	1465	0.17
SDA-1.5	148	170	30	52	1444	0.1825
SDA-2.0	148	170	30	52	1498	0.1675
SDA-2.5	148	170	30	52	1562	0.175
SDA-3.0	148	170	30	52	1476	0.1725
\TheName{}-0.5	181	130	70	19	1563	0.165
\TheName{}-1.0	173	170	30	27	1578	0.1725
\TheName{}-1.5	161	167	33	39	1528	0.1675
\TheName{}-2.0	157	170	30	43	1529	0.175
\TheName{}-2.5	155	171	29	45	1581	0.1725
\TheName{}-3.0	152	171	29	48	1656	0.165
SVM	181	153	47	19	10	0.005
LR	0	200	0	200	1	0.0025
Ye-LDA	158	166	34	42	184	0.005
DTree-10	68	181	19	132	3	0.005
DTree-20	97	161	39	103	6	0.0025
RFC-50	111	179	21	89	14	0.0125
RFC-100	109	178	22	91	100	0.0325
NLSVM-0.1	200	21	179	0	7	0.08
NLSVM-1.0	49	168	32	151	6	0.0675
NLSVM-10	77	195	5	123	6	0.0625
LDA	129	134	66	71	322	0.185
SDA-0.5	129	172	28	71	1410	0.17
SDA-1.0	128	170	30	72	1399	0.17
SDA-1.5	126	170	30	74	1345	0.1925
SDA-2.0	126	170	30	74	1416	0.165
SDA-2.5	126	170	30	74	1492	0.17
SDA-3.0	126	170	30	74	1468	0.1725
\TheName{}-0.5	178	160	40	22	1494	0.165
\TheName{}-1.0	143	175	25	57	1545	0.175
\TheName{}-1.5	132	173	27	68	1484	0.1625
\TheName{}-2.0	130	172	28	70	1475	0.1825
\TheName{}-2.5	130	171	29	70	1508	0.165
\TheName{}-3.0	129	170	30	71	1477	0.165
SVM	162	160	40	38	8	0.005
LR	0	200	0	200	1	0.005
Ye-LDA	148	174	26	52	182	0.005
DTree-10	97	162	38	103	4	0.0025
DTree-20	85	168	32	115	5	0.005
RFC-50	107	171	29	93	53	0.015
RFC-100	104	169	31	96	108	0.0325
NLSVM-0.1	198	22	178	2	7	0.0825
NLSVM-1.0	192	74	126	8	6	0.0625
NLSVM-10	94	184	16	106	7	0.0625
LDA	143	148	52	57	425	0.1875
SDA-0.5	103	181	19	97	1428	0.17
SDA-1.0	103	181	19	97	1427	0.17
SDA-1.5	103	181	19	97	1444	0.1675
SDA-2.0	103	181	19	97	1458	0.195
SDA-2.5	103	181	19	97	1468	0.1625
SDA-3.0	103	181	19	97	1470	0.17
\TheName{}-0.5	130	36	164	70	1588	0.1775
\TheName{}-1.0	178	120	80	22	1600	0.175
\TheName{}-1.5	144	174	26	56	1595	0.1675
\TheName{}-2.0	124	176	24	76	1595	0.1975
\TheName{}-2.5	119	178	22	81	1609	0.17
\TheName{}-3.0	114	179	21	86	1552	0.17
SVM	172	161	39	28	10	0.0025
LR	200	0	200	0	1	0.0025
Ye-LDA	163	145	55	37	185	0.0025
DTree-10	39	186	14	161	3	0.0025
DTree-20	82	169	31	118	6	0.0025
RFC-50	99	177	23	101	65	0.0175
RFC-100	90	182	18	110	123	0.0525
NLSVM-0.1	2	200	0	198	9	0.09
NLSVM-1.0	44	188	12	156	6	0.0775
NLSVM-10	59	196	4	141	7	0.06
LDA	106	130	70	94	300	0.1625
SDA-0.5	143	165	35	57	1529	0.1725
SDA-1.0	141	164	36	59	1411	0.2275
SDA-1.5	140	164	36	60	1384	0.17
SDA-2.0	140	164	36	60	1412	0.18
SDA-2.5	140	164	36	60	1442	0.17
SDA-3.0	140	164	36	60	1429	0.1675
\TheName{}-0.5	185	146	54	15	1514	0.17
\TheName{}-1.0	154	170	30	46	1505	0.17
\TheName{}-1.5	152	167	33	48	1500	0.1675
\TheName{}-2.0	149	167	33	51	1481	0.17
\TheName{}-2.5	145	167	33	55	1511	0.1725
\TheName{}-3.0	143	167	33	57	1525	0.1625
SVM	183	158	42	17	12	0.005
LR	0	200	0	200	0	0.005
Ye-LDA	138	163	37	62	186	0.005
DTree-10	99	164	36	101	4	0.0025
DTree-20	110	158	42	90	7	0.0025
RFC-50	110	165	35	90	64	0.0125
RFC-100	105	166	34	95	115	0.0325
NLSVM-0.1	200	13	187	0	8	0.08
NLSVM-1.0	199	49	151	1	6	0.065
NLSVM-10	153	167	33	47	6	0.055
LDA	106	134	66	94	307	0.1775
SDA-0.5	164	162	38	36	1414	0.17
SDA-1.0	163	162	38	37	1516	0.1675
SDA-1.5	163	162	38	37	1390	0.165
SDA-2.0	163	162	38	37	1435	0.18
SDA-2.5	163	162	38	37	1429	0.165
SDA-3.0	163	162	38	37	1447	0.1675
\TheName{}-0.5	187	159	41	13	1478	0.185
\TheName{}-1.0	171	164	36	29	1499	0.1675
\TheName{}-1.5	168	164	36	32	1468	0.1675
\TheName{}-2.0	168	163	37	32	1448	0.185
\TheName{}-2.5	168	163	37	32	1490	0.185
\TheName{}-3.0	167	162	38	33	1481	0.165
SVM	178	158	42	22	9	0.005
LR	0	200	0	200	1	0.0025
Ye-LDA	180	141	59	20	180	0.005
DTree-10	187	55	145	13	3	0.0025
DTree-20	120	162	38	80	7	0.0025
RFC-50	119	157	43	81	61	0.02
RFC-100	118	166	34	82	126	0.045
NLSVM-0.1	199	27	173	1	8	0.0875
NLSVM-1.0	177	83	117	23	6	0.0675
NLSVM-10	197	128	72	3	6	0.06
LDA	134	129	71	66	327	0.2075
SDA-0.5	129	184	16	71	1480	0.165
SDA-1.0	129	182	18	71	1442	0.1675
SDA-1.5	128	182	18	72	1526	0.165
SDA-2.0	128	182	18	72	1420	0.165
SDA-2.5	126	182	18	74	1463	0.1775
SDA-3.0	127	182	18	73	1415	0.165
\TheName{}-0.5	171	154	46	29	1461	0.17
\TheName{}-1.0	147	182	18	53	1514	0.1725
\TheName{}-1.5	138	184	16	62	1489	0.1675
\TheName{}-2.0	139	183	17	61	1438	0.17
\TheName{}-2.5	134	183	17	66	1500	0.1675
\TheName{}-3.0	131	181	19	69	1775	0.1725
SVM	176	158	42	24	12	0.005
LR	200	0	200	0	1	0.0025
Ye-LDA	161	153	47	39	181	0.005
DTree-10	90	179	21	110	9	0.005
DTree-20	107	169	31	93	5	0.0075
RFC-50	119	166	34	81	57	0.015
RFC-100	123	164	36	77	106	0.03
NLSVM-0.1	200	25	175	0	8	0.08
NLSVM-1.0	192	79	121	8	6	0.0625
NLSVM-10	82	195	5	118	6	0.06
LDA	110	148	52	90	310	0.1675
SDA-0.5	127	171	29	73	1437	0.1725
SDA-1.0	127	169	31	73	1504	0.1675
SDA-1.5	126	168	32	74	1449	0.1675
SDA-2.0	126	168	32	74	1576	0.165
SDA-2.5	126	168	32	74	1433	0.1725
SDA-3.0	126	168	32	74	1476	0.18
\TheName{}-0.5	177	152	48	23	1490	0.165
\TheName{}-1.0	153	180	20	47	1548	0.1825
\TheName{}-1.5	140	176	24	60	1511	0.17
\TheName{}-2.0	135	174	26	65	1480	0.18
\TheName{}-2.5	135	173	27	65	1582	0.17
\TheName{}-3.0	134	172	28	66	1546	0.185
SVM	163	165	35	37	11	0.005
LR	0	200	0	200	1	0.0025
Ye-LDA	153	172	28	47	190	0.005
DTree-10	84	186	14	116	4	0.0075
DTree-20	113	179	21	87	5	0.005
RFC-50	99	182	18	101	13	0.0125
RFC-100	98	182	18	102	105	0.0325
NLSVM-0.1	4	200	0	196	8	0.085
NLSVM-1.0	191	70	130	9	6	0.0675
NLSVM-10	163	159	41	37	6	0.0575
LDA	158	138	62	42	316	0.1825
SDA-0.5	132	182	18	68	1517	0.165
SDA-1.0	129	182	18	71	1486	0.18
SDA-1.5	129	182	18	71	1441	0.1675
SDA-2.0	129	182	18	71	1557	0.1675
SDA-2.5	129	182	18	71	1634	0.1675
SDA-3.0	129	182	18	71	1486	0.1825
\TheName{}-0.5	163	151	49	37	1633	0.1775
\TheName{}-1.0	146	188	12	54	1601	0.1675
\TheName{}-1.5	138	187	13	62	1569	0.1675
\TheName{}-2.0	135	186	14	65	1538	0.1675
\TheName{}-2.5	135	184	16	65	1541	0.165
\TheName{}-3.0	132	183	17	68	1543	0.1875
SVM	177	178	22	23	8	0.005
LR	0	200	0	200	0	0.005
Ye-LDA	117	183	17	83	187	0.005
DTree-10	77	185	15	123	4	0.0025
DTree-20	102	171	29	98	6	0.0025
RFC-50	110	185	15	90	57	0.015
RFC-100	103	186	14	97	108	0.0325
NLSVM-0.1	200	19	181	0	8	0.0825
NLSVM-1.0	175	89	111	25	6	0.0625
NLSVM-10	192	157	43	8	6	0.055
LDA	109	127	73	91	311	0.1975
SDA-0.5	124	180	20	76	1444	0.165
SDA-1.0	124	179	21	76	1423	0.165
SDA-1.5	123	178	22	77	1394	0.1625
SDA-2.0	123	178	22	77	1413	0.1825
SDA-2.5	122	177	23	78	1553	0.17
SDA-3.0	122	177	23	78	1370	0.18
\TheName{}-0.5	186	160	40	14	1531	0.1725
\TheName{}-1.0	146	180	20	54	1437	0.1775
\TheName{}-1.5	130	179	21	70	1464	0.1725
\TheName{}-2.0	129	176	24	71	1454	0.17
\TheName{}-2.5	127	174	26	73	1548	0.17
\TheName{}-3.0	127	174	26	73	1479	0.165
SVM	170	164	36	30	10	0.005
LR	0	200	0	200	1	0.0025
Ye-LDA	136	177	23	64	180	0.005
DTree-10	75	179	21	125	4	0.0025
DTree-20	107	164	36	93	6	0.005
RFC-50	101	177	23	99	61	0.015
RFC-100	107	177	23	93	123	0.0325
NLSVM-0.1	199	24	176	1	8	0.0825
NLSVM-1.0	190	87	113	10	6	0.065
NLSVM-10	152	169	31	48	6	0.06
