LDA	147	141	59	53	869	0.2925
SDA-0.5	159	180	20	41	2002	0.195
SDA-1.0	156	180	20	44	1803	0.1775
SDA-1.5	156	180	20	44	1638	0.17
SDA-2.0	156	180	20	44	1932	0.2325
SDA-2.5	155	180	20	45	2053	0.1675
SDA-3.0	155	180	20	45	1663	0.165
\TheName{}-0.5	179	155	45	21	1830	0.1975
\TheName{}-1.0	168	179	21	32	1818	0.1675
\TheName{}-1.5	168	183	17	32	1959	0.1775
\TheName{}-2.0	166	182	18	34	1702	0.1725
\TheName{}-2.5	163	182	18	37	1749	0.175
\TheName{}-3.0	163	182	18	37	1790	0.1725
SVM	173	171	29	27	45	0.015
LR	0	200	0	200	25	0.015
Ye-LDA	165	176	24	35	415	0.1875
DTree-10	79	186	14	121	153	0.015
DTree-20	110	171	29	90	66	0.005
RFC-50	92	174	26	108	175	0.0175
RFC-100	89	181	19	111	176	0.03
NLSVM-0.1	200	34	166	0	58	0.4025
NLSVM-1.0	200	75	125	0	30	0.1375
NLSVM-10	166	180	20	34	43	0.1225
LDA	124	115	85	76	502	0.2475
SDA-0.5	140	179	21	60	1682	0.165
SDA-1.0	141	179	21	59	1626	0.1675
SDA-1.5	141	179	21	59	1584	0.1625
SDA-2.0	141	179	21	59	1590	0.1825
SDA-2.5	142	179	21	58	1617	0.17
SDA-3.0	142	179	21	58	1531	0.1675
\TheName{}-0.5	157	127	73	43	1709	0.17
\TheName{}-1.0	164	180	20	36	1646	0.1675
\TheName{}-1.5	149	177	23	51	1748	0.17
\TheName{}-2.0	145	179	21	55	1739	0.2675
\TheName{}-2.5	142	180	20	58	2561	0.265
\TheName{}-3.0	141	180	20	59	2141	0.1775
SVM	182	159	41	18	19	0.01
LR	0	200	0	200	3	0.0325
Ye-LDA	148	162	38	52	332	0.0075
DTree-10	66	185	15	134	18	0.0175
DTree-20	112	161	39	88	23	0.0175
RFC-50	75	180	20	125	105	0.045
RFC-100	91	180	20	109	122	0.0675
NLSVM-0.1	6	200	0	194	82	0.285
NLSVM-1.0	200	57	143	0	42	0.2425
NLSVM-10	100	194	6	100	37	0.1675
LDA	118	150	50	82	602	0.25
SDA-0.5	128	179	21	72	1675	0.165
SDA-1.0	126	179	21	74	1568	0.1675
SDA-1.5	125	179	21	75	1646	0.1625
SDA-2.0	125	179	21	75	1561	0.1625
SDA-2.5	125	179	21	75	1616	0.1775
SDA-3.0	125	179	21	75	1895	0.1675
\TheName{}-0.5	181	152	48	19	2138	0.1675
\TheName{}-1.0	151	179	21	49	1594	0.165
\TheName{}-1.5	140	177	23	60	1731	0.175
\TheName{}-2.0	137	178	22	63	1692	0.165
\TheName{}-2.5	134	178	22	66	2118	0.2
\TheName{}-3.0	133	179	21	67	2643	0.175
SVM	174	175	25	26	15	0.005
LR	0	200	0	200	3	0.0075
Ye-LDA	152	176	24	48	224	0.005
DTree-10	68	182	18	132	10	0.0175
DTree-20	99	177	23	101	16	0.0175
RFC-50	97	180	20	103	29	0.0275
RFC-100	98	181	19	102	112	0.065
NLSVM-0.1	2	200	0	198	38	0.2075
NLSVM-1.0	192	98	102	8	27	0.19
NLSVM-10	106	187	13	94	13	0.1925
LDA	129	128	72	71	495	0.285
SDA-0.5	124	181	19	76	1601	0.165
SDA-1.0	125	179	21	75	1573	0.165
SDA-1.5	125	179	21	75	1589	0.1625
SDA-2.0	125	179	21	75	1636	0.165
SDA-2.5	124	179	21	76	1556	0.1675
SDA-3.0	124	179	21	76	1613	0.18
\TheName{}-0.5	156	127	73	44	1615	0.1625
\TheName{}-1.0	156	184	16	44	1670	0.1675
\TheName{}-1.5	142	183	17	58	1560	0.17
\TheName{}-2.0	138	184	16	62	1700	0.1875
\TheName{}-2.5	134	183	17	66	1762	0.1675
\TheName{}-3.0	131	182	18	69	1667	0.1675
SVM	170	174	26	30	27	0.0225
LR	0	200	0	200	5	0.01
Ye-LDA	155	179	21	45	301	0.015
DTree-10	80	176	24	120	17	0.0125
DTree-20	96	169	31	104	9	0.01
RFC-50	80	174	26	120	18	0.01
RFC-100	85	172	28	115	58	0.07
NLSVM-0.1	200	34	166	0	29	0.1225
NLSVM-1.0	194	95	105	6	13	0.095
NLSVM-10	101	193	7	99	10	0.0775
LDA	123	143	57	77	582	0.255
SDA-0.5	147	179	21	53	2140	0.2525
SDA-1.0	144	177	23	56	2172	0.1625
SDA-1.5	144	177	23	56	2024	0.165
SDA-2.0	143	177	23	57	2121	0.165
SDA-2.5	143	176	24	57	1651	0.1675
SDA-3.0	142	176	24	58	1543	0.1725
\TheName{}-0.5	189	150	50	11	1593	0.165
\TheName{}-1.0	165	185	15	35	1655	0.1675
\TheName{}-1.5	156	181	19	44	1590	0.175
\TheName{}-2.0	151	180	20	49	1629	0.165
\TheName{}-2.5	151	179	21	49	1581	0.165
\TheName{}-3.0	149	179	21	51	1603	0.17
SVM	181	163	37	19	14	0.01
LR	0	200	0	200	2	0.005
Ye-LDA	148	173	27	52	237	0.015
DTree-10	196	88	112	4	10	0.0025
DTree-20	80	179	21	120	8	0.0025
RFC-50	71	185	15	129	27	0.0075
RFC-100	65	185	15	135	23	0.03
NLSVM-0.1	3	199	1	197	14	0.1225
NLSVM-1.0	189	106	94	11	12	0.095
NLSVM-10	200	57	143	0	12	0.0975
LDA	126	113	87	74	427	0.2025
SDA-0.5	155	166	34	45	1525	0.1775
SDA-1.0	152	166	34	48	1560	0.17
SDA-1.5	153	166	34	47	1543	0.165
SDA-2.0	153	166	34	47	1544	0.165
SDA-2.5	153	166	34	47	1568	0.17
SDA-3.0	152	166	34	48	1523	0.1625
\TheName{}-0.5	181	169	31	19	1647	0.17
\TheName{}-1.0	170	171	29	30	1632	0.1775
\TheName{}-1.5	165	170	30	35	1632	0.1725
\TheName{}-2.0	162	169	31	38	1601	0.1675
\TheName{}-2.5	160	168	32	40	1688	0.17
\TheName{}-3.0	157	168	32	43	1636	0.175
SVM	172	170	30	28	12	0.0075
LR	0	200	0	200	1	0.005
Ye-LDA	163	170	30	37	228	0.015
DTree-10	77	185	15	123	25	0.0
DTree-20	99	178	22	101	11	0.0075
RFC-50	92	171	29	108	36	0.035
RFC-100	103	171	29	97	78	0.04
NLSVM-0.1	1	199	1	199	16	0.15
NLSVM-1.0	194	52	148	6	14	0.175
NLSVM-10	178	160	40	22	12	0.0875
LDA	131	135	65	69	411	0.18
SDA-0.5	131	183	17	69	1578	0.1625
SDA-1.0	130	183	17	70	1507	0.1675
SDA-1.5	128	182	18	72	1658	0.165
SDA-2.0	127	182	18	73	1487	0.165
SDA-2.5	126	182	18	74	1510	0.1675
SDA-3.0	126	182	18	74	1508	0.1625
\TheName{}-0.5	161	106	94	39	1608	0.165
\TheName{}-1.0	177	177	23	23	1640	0.17
\TheName{}-1.5	159	181	19	41	1616	0.1625
\TheName{}-2.0	146	184	16	54	1675	0.175
\TheName{}-2.5	138	184	16	62	1645	0.165
\TheName{}-3.0	136	183	17	64	1590	0.17
SVM	180	171	29	20	17	0.0025
LR	0	200	0	200	2	0.005
Ye-LDA	162	175	25	38	235	0.015
DTree-10	57	193	7	143	6	0.0175
DTree-20	110	181	19	90	19	0.01
RFC-50	87	186	14	113	25	0.02
RFC-100	88	186	14	112	52	0.025
NLSVM-0.1	200	38	162	0	15	0.1275
NLSVM-1.0	195	123	77	5	12	0.0975
NLSVM-10	102	193	7	98	12	0.1
LDA	134	129	71	66	420	0.1875
SDA-0.5	152	175	25	48	1628	0.175
SDA-1.0	151	175	25	49	1474	0.1775
SDA-1.5	150	175	25	50	1532	0.17
SDA-2.0	150	175	25	50	1522	0.165
SDA-2.5	149	175	25	51	1504	0.165
SDA-3.0	149	175	25	51	1589	0.1725
\TheName{}-0.5	181	139	61	19	1556	0.165
\TheName{}-1.0	178	170	30	22	1651	0.1625
\TheName{}-1.5	169	172	28	31	1608	0.1725
\TheName{}-2.0	164	175	25	36	1611	0.1625
\TheName{}-2.5	157	176	24	43	1564	0.17
\TheName{}-3.0	157	175	25	43	1604	0.165
SVM	181	171	29	19	15	0.0025
LR	0	200	0	200	2	0.0025
Ye-LDA	160	169	31	40	231	0.0175
DTree-10	186	80	120	14	5	0.015
DTree-20	178	119	81	22	6	0.015
RFC-50	95	173	27	105	34	0.0275
RFC-100	86	177	23	114	88	0.0275
NLSVM-0.1	200	24	176	0	14	0.1325
NLSVM-1.0	197	89	111	3	11	0.095
NLSVM-10	197	63	137	3	12	0.0875
LDA	155	146	54	45	440	0.1925
SDA-0.5	141	178	22	59	1546	0.16
SDA-1.0	142	178	22	58	1543	0.1675
SDA-1.5	142	177	23	58	1535	0.1625
SDA-2.0	142	177	23	58	1613	0.1725
SDA-2.5	142	177	23	58	1554	0.1675
SDA-3.0	142	177	23	58	1573	0.205
\TheName{}-0.5	166	130	70	34	1611	0.165
\TheName{}-1.0	172	175	25	28	1656	0.1725
\TheName{}-1.5	161	176	24	39	1633	0.1625
\TheName{}-2.0	154	177	23	46	1626	0.165
\TheName{}-2.5	152	177	23	48	1606	0.1625
\TheName{}-3.0	149	177	23	51	1588	0.1625
SVM	183	165	35	17	16	0.03
LR	0	200	0	200	1	0.015
Ye-LDA	151	173	27	49	221	0.0075
DTree-10	76	188	12	124	3	0.005
DTree-20	118	179	21	82	5	0.005
RFC-50	73	181	19	127	26	0.0125
RFC-100	83	180	20	117	77	0.03
NLSVM-0.1	200	24	176	0	15	0.225
NLSVM-1.0	198	81	119	2	29	0.1425
NLSVM-10	101	194	6	99	10	0.1
LDA	111	144	56	89	450	0.18
SDA-0.5	110	174	26	90	1509	0.1625
SDA-1.0	109	173	27	91	1596	0.1675
SDA-1.5	109	172	28	91	1495	0.165
SDA-2.0	109	172	28	91	1588	0.16
SDA-2.5	109	172	28	91	1529	0.165
SDA-3.0	109	172	28	91	1547	0.165
\TheName{}-0.5	142	78	122	58	1676	0.1775
\TheName{}-1.0	144	174	26	56	1615	0.1675
\TheName{}-1.5	124	177	23	76	1631	0.1725
\TheName{}-2.0	115	176	24	85	1615	0.1625
\TheName{}-2.5	113	175	25	87	1666	0.1675
\TheName{}-3.0	113	175	25	87	1583	0.1625
SVM	167	174	26	33	13	0.0075
LR	0	200	0	200	1	0.005
Ye-LDA	129	175	25	71	234	0.015
DTree-10	95	165	35	105	6	0.01
DTree-20	87	162	38	113	9	0.1025
RFC-50	93	173	27	107	80	0.0075
RFC-100	96	166	34	104	24	0.0175
NLSVM-0.1	198	28	172	2	36	0.155
NLSVM-1.0	41	188	12	159	31	0.085
NLSVM-10	111	184	16	89	10	0.075
LDA	140	147	53	60	410	0.1975
SDA-0.5	151	176	24	49	1510	0.165
SDA-1.0	149	175	25	51	1497	0.165
SDA-1.5	148	175	25	52	1561	0.165
SDA-2.0	148	175	25	52	1458	0.165
SDA-2.5	148	175	25	52	1583	0.1675
SDA-3.0	148	174	26	52	1511	0.175
\TheName{}-0.5	180	170	30	20	1598	0.1675
\TheName{}-1.0	161	171	29	39	1597	0.165
\TheName{}-1.5	156	173	27	44	1592	0.1625
\TheName{}-2.0	152	176	24	48	1604	0.1675
\TheName{}-2.5	151	176	24	49	1584	0.1625
\TheName{}-3.0	151	175	25	49	1667	0.165
SVM	178	161	39	22	18	0.0025
LR	0	200	0	200	2	0.0025
Ye-LDA	170	171	29	30	221	0.0075
DTree-10	186	87	113	14	4	0.0025
DTree-20	110	160	40	90	9	0.005
RFC-50	89	172	28	111	32	0.0125
RFC-100	96	172	28	104	63	0.025
NLSVM-0.1	200	31	169	0	15	0.1375
NLSVM-1.0	182	83	117	18	12	0.1125
NLSVM-10	133	192	8	67	13	0.13
LDA	153	134	66	47	464	0.1875
SDA-0.5	139	186	14	61	1497	0.1625
SDA-1.0	136	186	14	64	1570	0.165
SDA-1.5	135	185	15	65	1496	0.1625
SDA-2.0	135	185	15	65	1551	0.165
SDA-2.5	135	185	15	65	1529	0.1775
SDA-3.0	135	185	15	65	1509	0.1625
\TheName{}-0.5	176	136	64	24	1617	0.1725
\TheName{}-1.0	162	186	14	38	1677	0.2475
\TheName{}-1.5	155	187	13	45	1640	0.165
\TheName{}-2.0	150	188	12	50	1653	0.1625
\TheName{}-2.5	145	187	13	55	1559	0.1625
\TheName{}-3.0	143	187	13	57	1585	0.1625
SVM	179	166	34	21	16	0.005
LR	0	200	0	200	1	0.005
Ye-LDA	157	172	28	43	253	0.0175
DTree-10	47	196	4	153	3	0.02
DTree-20	85	185	15	115	6	0.015
RFC-50	103	170	30	97	53	0.0275
RFC-100	104	174	26	96	66	0.0375
NLSVM-0.1	1	200	0	199	18	0.13
NLSVM-1.0	188	106	94	12	12	0.0925
NLSVM-10	196	149	51	4	11	0.08
LDA	119	125	75	81	437	0.2
SDA-0.5	143	177	23	57	1512	0.1675
SDA-1.0	144	176	24	56	1507	0.165
SDA-1.5	144	176	24	56	1515	0.165
SDA-2.0	144	176	24	56	1529	0.17
SDA-2.5	144	176	24	56	1606	0.17
SDA-3.0	144	176	24	56	1540	0.1625
\TheName{}-0.5	169	177	23	31	1645	0.185
\TheName{}-1.0	149	175	25	51	1662	0.165
\TheName{}-1.5	147	176	24	53	1656	0.165
\TheName{}-2.0	145	176	24	55	1627	0.1625
\TheName{}-2.5	144	177	23	56	1653	0.165
\TheName{}-3.0	143	177	23	57	1634	0.165
SVM	165	178	22	35	19	0.0025
LR	0	200	0	200	2	0.0025
Ye-LDA	143	174	26	57	233	0.005
DTree-10	67	185	15	133	5	0.0025
DTree-20	96	173	27	104	10	0.0025
RFC-50	79	182	18	121	37	0.01
RFC-100	78	182	18	122	65	0.0275
NLSVM-0.1	4	200	0	196	15	0.115
NLSVM-1.0	171	108	92	29	11	0.0975
NLSVM-10	103	196	4	97	11	0.0825
LDA	134	133	67	66	431	0.235
SDA-0.5	145	173	27	55	1470	0.175
SDA-1.0	140	173	27	60	1498	0.1725
SDA-1.5	139	172	28	61	1565	0.1625
SDA-2.0	138	172	28	62	1482	0.18
SDA-2.5	137	172	28	63	1502	0.1675
SDA-3.0	137	172	28	63	1505	0.165
\TheName{}-0.5	178	170	30	22	1530	0.165
\TheName{}-1.0	157	173	27	43	1606	0.18
\TheName{}-1.5	150	174	26	50	1576	0.1625
\TheName{}-2.0	148	174	26	52	1618	0.165
\TheName{}-2.5	146	175	25	54	1575	0.1625
\TheName{}-3.0	144	174	26	56	1618	0.18
SVM	160	168	32	40	21	0.005
LR	0	200	0	200	2	0.005
Ye-LDA	151	174	26	49	220	0.005
DTree-10	72	166	34	128	3	0.005
DTree-20	111	157	43	89	6	0.0025
RFC-50	91	184	16	109	29	0.0075
RFC-100	89	183	17	111	70	0.035
NLSVM-0.1	200	22	178	0	14	0.12
NLSVM-1.0	191	94	106	9	11	0.1025
NLSVM-10	57	198	2	143	11	0.075
LDA	135	141	59	65	436	0.1925
SDA-0.5	154	182	18	46	1537	0.165
SDA-1.0	153	182	18	47	1593	0.17
SDA-1.5	154	182	18	46	1538	0.1675
SDA-2.0	154	182	18	46	1622	0.1675
SDA-2.5	154	182	18	46	1528	0.1625
SDA-3.0	154	182	18	46	1553	0.1675
\TheName{}-0.5	166	182	18	34	1614	0.1675
\TheName{}-1.0	159	182	18	41	1591	0.1775
\TheName{}-1.5	158	182	18	42	1617	0.175
\TheName{}-2.0	156	182	18	44	1596	0.165
\TheName{}-2.5	156	182	18	44	1631	0.165
\TheName{}-3.0	156	182	18	44	1616	0.1675
SVM	177	166	34	23	15	0.005
LR	0	200	0	200	1	0.005
Ye-LDA	156	181	19	44	237	0.015
DTree-10	78	180	20	122	4	0.015
DTree-20	99	172	28	101	8	0.015
RFC-50	100	182	18	100	8	0.0475
RFC-100	103	182	18	97	20	0.0225
NLSVM-0.1	133	148	52	67	14	0.115
NLSVM-1.0	196	95	105	4	13	0.0875
NLSVM-10	153	182	18	47	11	0.0825
LDA	114	146	54	86	423	0.2025
SDA-0.5	130	170	30	70	1505	0.165
SDA-1.0	128	170	30	72	1526	0.1625
SDA-1.5	128	170	30	72	1530	0.165
SDA-2.0	128	170	30	72	1551	0.1625
SDA-2.5	127	170	30	73	1566	0.175
SDA-3.0	127	170	30	73	1521	0.165
\TheName{}-0.5	182	159	41	18	1664	0.165
\TheName{}-1.0	152	171	29	48	1639	0.1625
\TheName{}-1.5	146	170	30	54	1695	0.17
\TheName{}-2.0	142	170	30	58	1563	0.165
\TheName{}-2.5	137	170	30	63	1657	0.17
\TheName{}-3.0	137	170	30	63	1620	0.165
SVM	171	165	35	29	20	0.005
LR	0	200	0	200	1	0.005
Ye-LDA	137	173	27	63	220	0.005
DTree-10	96	169	31	104	5	0.005
DTree-20	113	162	38	87	9	0.005
RFC-50	92	176	24	108	11	0.0125
RFC-100	96	175	25	104	19	0.0175
NLSVM-0.1	199	28	172	1	15	0.12
NLSVM-1.0	189	79	121	11	12	0.1175
NLSVM-10	101	187	13	99	13	0.085
LDA	124	118	82	76	421	0.18
SDA-0.5	168	176	24	32	1578	0.175
SDA-1.0	167	175	25	33	1526	0.1675
SDA-1.5	167	172	28	33	1599	0.165
SDA-2.0	167	172	28	33	1531	0.165
SDA-2.5	167	171	29	33	1596	0.165
SDA-3.0	167	171	29	33	1480	0.165
\TheName{}-0.5	192	146	54	8	1663	0.1775
\TheName{}-1.0	187	176	24	13	1613	0.1625
\TheName{}-1.5	179	171	29	21	1639	0.1675
\TheName{}-2.0	176	171	29	24	1617	0.1775
\TheName{}-2.5	174	172	28	26	1654	0.1775
\TheName{}-3.0	171	172	28	29	1584	0.165
SVM	175	160	40	25	19	0.0075
LR	0	200	0	200	1	0.005
Ye-LDA	167	168	32	33	220	0.005
DTree-10	191	62	138	9	4	0.0025
DTree-20	113	176	24	87	6	0.005
RFC-50	93	177	23	107	30	0.0075
RFC-100	99	176	24	101	56	0.0225
NLSVM-0.1	200	25	175	0	14	0.11
NLSVM-1.0	199	73	127	1	12	0.0825
NLSVM-10	142	189	11	58	11	0.0775
LDA	135	144	56	65	422	0.19
SDA-0.5	169	174	26	31	1527	0.1775
SDA-1.0	169	174	26	31	1497	0.165
SDA-1.5	169	173	27	31	1508	0.1675
SDA-2.0	169	173	27	31	1491	0.165
SDA-2.5	169	173	27	31	1499	0.1825
SDA-3.0	169	173	27	31	1575	0.18
\TheName{}-0.5	180	143	57	20	1579	0.165
\TheName{}-1.0	184	156	44	16	1656	0.1675
\TheName{}-1.5	178	169	31	22	1557	0.1675
\TheName{}-2.0	176	171	29	24	1633	0.185
\TheName{}-2.5	176	174	26	24	1580	0.165
\TheName{}-3.0	176	174	26	24	1552	0.1625
SVM	181	164	36	19	12	0.005
LR	0	200	0	200	1	0.005
Ye-LDA	169	157	43	31	236	0.015
DTree-10	66	183	17	134	4	0.015
DTree-20	114	169	31	86	7	0.015
RFC-50	81	185	15	119	28	0.01
RFC-100	82	185	15	118	72	0.0225
NLSVM-0.1	1	200	0	199	39	0.17
NLSVM-1.0	199	74	126	1	12	0.0975
NLSVM-10	198	27	173	2	10	0.0875
LDA	118	134	66	82	434	0.17
SDA-0.5	141	175	25	59	1522	0.1625
SDA-1.0	141	174	26	59	1477	0.1675
SDA-1.5	141	174	26	59	1536	0.1675
SDA-2.0	140	174	26	60	1450	0.1675
SDA-2.5	140	174	26	60	1524	0.165
SDA-3.0	140	174	26	60	1734	0.1625
\TheName{}-0.5	179	170	30	21	1606	0.185
\TheName{}-1.0	155	180	20	45	1625	0.1625
\TheName{}-1.5	153	178	22	47	1676	0.1775
\TheName{}-2.0	148	175	25	52	1624	0.165
\TheName{}-2.5	145	175	25	55	1634	0.165
\TheName{}-3.0	144	175	25	56	1564	0.165
SVM	167	173	27	33	20	0.005
LR	0	200	0	200	1	0.005
Ye-LDA	141	178	22	59	221	0.005
DTree-10	27	189	11	173	3	0.0025
DTree-20	87	176	24	113	6	0.0025
RFC-50	84	178	22	116	26	0.0075
RFC-100	80	177	23	120	50	0.0175
NLSVM-0.1	200	35	165	0	15	0.105
NLSVM-1.0	197	83	117	3	11	0.08
NLSVM-10	197	113	87	3	10	0.08
LDA	120	138	62	80	420	0.1975
SDA-0.5	122	186	14	78	1537	0.17
SDA-1.0	119	186	14	81	1545	0.1625
SDA-1.5	119	186	14	81	1537	0.1825
SDA-2.0	118	186	14	82	1621	0.165
SDA-2.5	117	186	14	83	1567	0.165
SDA-3.0	116	186	14	84	1596	0.1675
\TheName{}-0.5	167	144	56	33	1647	0.1675
\TheName{}-1.0	145	184	16	55	1612	0.1675
\TheName{}-1.5	135	187	13	65	1663	0.1675
\TheName{}-2.0	131	187	13	69	1814	0.18
\TheName{}-2.5	131	186	14	69	1586	0.195
\TheName{}-3.0	131	186	14	69	1793	0.1625
SVM	165	179	21	35	13	0.005
LR	0	200	0	200	1	0.005
Ye-LDA	145	176	24	55	223	0.0025
DTree-10	55	192	8	145	4	0.0025
DTree-20	108	163	37	92	6	0.005
RFC-50	77	184	16	123	22	0.0075
RFC-100	84	181	19	116	15	0.0175
NLSVM-0.1	200	37	163	0	14	0.1175
NLSVM-1.0	189	91	109	11	12	0.09
NLSVM-10	95	193	7	105	11	0.09
LDA	149	136	64	51	575	0.32
SDA-0.5	135	163	37	65	1732	0.1675
SDA-1.0	134	162	38	66	1929	0.165
SDA-1.5	133	162	38	67	1700	0.1675
SDA-2.0	133	162	38	67	1691	0.2175
SDA-2.5	132	162	38	68	2366	0.1725
SDA-3.0	132	162	38	68	1737	0.17
\TheName{}-0.5	147	115	85	53	1811	0.1675
\TheName{}-1.0	165	165	35	35	1780	0.175
\TheName{}-1.5	146	164	36	54	1670	0.1675
\TheName{}-2.0	142	165	35	58	1733	0.165
\TheName{}-2.5	139	165	35	61	1603	0.1725
\TheName{}-3.0	139	165	35	61	1648	0.165
SVM	175	162	38	25	16	0.005
LR	0	200	0	200	2	0.0025
Ye-LDA	165	162	38	35	235	0.005
DTree-10	47	189	11	153	3	0.0175
DTree-20	84	173	27	116	6	0.0125
RFC-50	101	163	37	99	9	0.01
RFC-100	100	169	31	100	17	0.025
NLSVM-0.1	3	200	0	197	19	0.165
NLSVM-1.0	191	90	110	9	14	0.16
NLSVM-10	174	152	48	26	10	0.1075
LDA	123	124	76	77	466	0.3825
SDA-0.5	128	171	29	72	1570	0.1675
SDA-1.0	129	171	29	71	1574	0.1675
SDA-1.5	129	171	29	71	1589	0.1625
SDA-2.0	129	170	30	71	1534	0.1675
SDA-2.5	129	170	30	71	1728	0.185
SDA-3.0	129	170	30	71	1575	0.1625
\TheName{}-0.5	163	153	47	37	1827	0.165
\TheName{}-1.0	136	180	20	64	1629	0.1675
\TheName{}-1.5	131	178	22	69	1773	0.1675
\TheName{}-2.0	129	176	24	71	1621	0.165
\TheName{}-2.5	129	176	24	71	1779	0.175
\TheName{}-3.0	128	173	27	72	1688	0.165
SVM	181	165	35	19	14	0.005
LR	0	200	0	200	1	0.005
Ye-LDA	125	174	26	75	223	0.005
DTree-10	78	181	19	122	3	0.005
DTree-20	103	178	22	97	6	0.005
RFC-50	89	174	26	111	26	0.01
RFC-100	90	171	29	110	52	0.0225
NLSVM-0.1	1	200	0	199	16	0.1125
NLSVM-1.0	198	79	121	2	13	0.1075
NLSVM-10	116	182	18	84	13	0.08
LDA	118	132	68	82	466	0.2375
SDA-0.5	130	183	17	70	1527	0.165
SDA-1.0	129	183	17	71	1524	0.1625
SDA-1.5	129	183	17	71	1490	0.1675
SDA-2.0	129	183	17	71	1476	0.165
SDA-2.5	129	183	17	71	1537	0.1925
SDA-3.0	129	183	17	71	1697	0.1675
\TheName{}-0.5	183	151	49	17	1615	0.1675
\TheName{}-1.0	160	179	21	40	1596	0.17
\TheName{}-1.5	146	182	18	54	1545	0.1625
\TheName{}-2.0	134	181	19	66	1614	0.175
\TheName{}-2.5	131	182	18	69	1578	0.1675
\TheName{}-3.0	130	182	18	70	1680	0.175
SVM	174	160	40	26	19	0.0075
LR	0	200	0	200	1	0.005
Ye-LDA	165	170	30	35	221	0.0025
DTree-10	39	188	12	161	4	0.0025
DTree-20	70	185	15	130	6	0.005
RFC-50	76	186	14	124	28	0.0075
RFC-100	79	185	15	121	56	0.02
NLSVM-0.1	200	34	166	0	14	0.1125
NLSVM-1.0	61	178	22	139	12	0.16
NLSVM-10	199	62	138	1	11	0.085
LDA	132	141	59	68	433	0.1975
SDA-0.5	143	172	28	57	1517	0.165
SDA-1.0	142	171	29	58	1533	0.1625
SDA-1.5	142	171	29	58	1522	0.1725
SDA-2.0	142	171	29	58	1564	0.165
SDA-2.5	142	171	29	58	1534	0.17
SDA-3.0	142	171	29	58	1590	0.18
\TheName{}-0.5	171	172	28	29	1616	0.17
\TheName{}-1.0	156	176	24	44	1688	0.1825
\TheName{}-1.5	149	174	26	51	1612	0.21
\TheName{}-2.0	147	173	27	53	1659	0.1725
\TheName{}-2.5	145	172	28	55	1598	0.165
\TheName{}-3.0	145	171	29	55	1606	0.1725
SVM	172	175	25	28	20	0.005
LR	0	200	0	200	1	0.005
Ye-LDA	143	174	26	57	235	0.005
DTree-10	49	187	13	151	4	0.005
DTree-20	97	181	19	103	7	0.0125
RFC-50	104	175	25	96	37	0.035
RFC-100	106	175	25	94	119	0.0225
NLSVM-0.1	199	29	171	1	15	0.1225
NLSVM-1.0	190	99	101	10	12	0.11
NLSVM-10	141	180	20	59	11	0.085
LDA	110	115	85	90	416	0.1875
SDA-0.5	157	174	26	43	1516	0.17
SDA-1.0	157	173	27	43	1516	0.1775
SDA-1.5	157	173	27	43	1564	0.165
SDA-2.0	158	173	27	42	1561	0.1825
SDA-2.5	158	172	28	42	1571	0.1725
SDA-3.0	158	172	28	42	1545	0.1625
\TheName{}-0.5	169	175	25	31	1673	0.1675
\TheName{}-1.0	160	176	24	40	1609	0.165
\TheName{}-1.5	160	174	26	40	1720	0.1725
\TheName{}-2.0	159	173	27	41	1594	0.165
\TheName{}-2.5	159	173	27	41	1653	0.1675
\TheName{}-3.0	158	173	27	42	1613	0.1775
SVM	162	171	29	38	17	0.0025
LR	0	200	0	200	1	0.005
Ye-LDA	143	165	35	57	277	0.0175
DTree-10	70	178	22	130	5	0.0125
DTree-20	101	157	43	99	6	0.0125
RFC-50	109	177	23	91	34	0.0325
RFC-100	109	176	24	91	21	0.0525
NLSVM-0.1	198	15	185	2	15	0.155
NLSVM-1.0	180	92	108	20	12	0.1275
NLSVM-10	195	98	102	5	12	0.105
LDA	114	141	59	86	425	0.18
SDA-0.5	136	175	25	64	1487	0.165
SDA-1.0	133	175	25	67	1466	0.165
SDA-1.5	131	175	25	69	1585	0.1725
SDA-2.0	131	175	25	69	1508	0.175
SDA-2.5	131	175	25	69	1553	0.1625
SDA-3.0	131	175	25	69	1589	0.17
\TheName{}-0.5	184	159	41	16	1634	0.19
\TheName{}-1.0	166	175	25	34	1652	0.1775
\TheName{}-1.5	156	176	24	44	1631	0.18
\TheName{}-2.0	149	175	25	51	1625	0.17
\TheName{}-2.5	146	175	25	54	1710	0.185
\TheName{}-3.0	142	176	24	58	1646	0.1775
SVM	175	169	31	25	17	0.005
LR	0	200	0	200	2	0.005
Ye-LDA	159	176	24	41	223	0.005
DTree-10	86	184	16	114	3	0.005
DTree-20	102	182	18	98	5	0.005
RFC-50	104	177	23	96	28	0.01
RFC-100	96	178	22	104	56	0.0225
NLSVM-0.1	1	200	0	199	14	0.105
NLSVM-1.0	192	78	122	8	11	0.085
NLSVM-10	200	72	128	0	10	0.0775
LDA	119	140	60	81	444	0.1975
SDA-0.5	116	179	21	84	1563	0.17
SDA-1.0	115	179	21	85	1552	0.165
SDA-1.5	115	179	21	85	1593	0.21
SDA-2.0	115	179	21	85	1524	0.1675
SDA-2.5	114	179	21	86	1546	0.1625
SDA-3.0	114	179	21	86	1610	0.1625
\TheName{}-0.5	138	117	83	62	1588	0.1725
\TheName{}-1.0	134	184	16	66	1640	0.1925
\TheName{}-1.5	127	182	18	73	1576	0.17
\TheName{}-2.0	124	180	20	76	1697	0.1825
\TheName{}-2.5	122	179	21	78	1647	0.1625
\TheName{}-3.0	120	179	21	80	1651	0.1625
SVM	170	172	28	30	13	0.0075
LR	0	200	0	200	2	0.0075
Ye-LDA	130	186	14	70	223	0.005
DTree-10	70	184	16	130	3	0.005
DTree-20	105	172	28	95	6	0.0025
RFC-50	85	181	19	115	30	0.0075
RFC-100	84	178	22	116	66	0.0225
NLSVM-0.1	200	29	171	0	26	0.12
NLSVM-1.0	173	89	111	27	14	0.0925
NLSVM-10	82	193	7	118	11	0.085
LDA	148	121	79	52	421	0.2
SDA-0.5	134	182	18	66	1524	0.1825
SDA-1.0	133	182	18	67	1568	0.17
SDA-1.5	133	181	19	67	1551	0.195
SDA-2.0	132	181	19	68	1555	0.165
SDA-2.5	132	181	19	68	1519	0.1625
SDA-3.0	132	181	19	68	1605	0.1625
\TheName{}-0.5	176	162	38	24	1593	0.18
\TheName{}-1.0	151	184	16	49	1692	0.1825
\TheName{}-1.5	139	184	16	61	1670	0.1675
\TheName{}-2.0	135	184	16	65	1685	0.1975
\TheName{}-2.5	133	184	16	67	1605	0.1625
\TheName{}-3.0	132	184	16	68	1667	0.18
SVM	178	157	43	22	23	0.0075
LR	0	200	0	200	1	0.01
Ye-LDA	147	168	32	53	220	0.005
DTree-10	96	176	24	104	4	0.005
DTree-20	112	175	25	88	6	0.0025
RFC-50	93	182	18	107	10	0.01
RFC-100	89	184	16	111	18	0.025
NLSVM-0.1	200	37	163	0	17	0.1125
NLSVM-1.0	187	126	74	13	11	0.105
NLSVM-10	145	175	25	55	12	0.08
LDA	126	124	76	74	432	0.18
SDA-0.5	115	172	28	85	1505	0.17
SDA-1.0	115	171	29	85	1574	0.165
SDA-1.5	114	171	29	86	1511	0.185
SDA-2.0	114	171	29	86	1584	0.18
SDA-2.5	114	171	29	86	1513	0.165
SDA-3.0	114	171	29	86	1524	0.1825
\TheName{}-0.5	163	107	93	37	1637	0.165
\TheName{}-1.0	146	181	19	54	1626	0.165
\TheName{}-1.5	130	177	23	70	1663	0.175
\TheName{}-2.0	123	175	25	77	1597	0.1675
\TheName{}-2.5	120	175	25	80	1636	0.18
\TheName{}-3.0	120	175	25	80	1617	0.1625
SVM	170	171	29	30	16	0.0075
LR	0	200	0	200	2	0.005
Ye-LDA	153	172	28	47	219	0.005
DTree-10	60	173	27	140	6	0.005
DTree-20	102	169	31	98	8	0.005
RFC-50	82	171	29	118	73	0.0075
RFC-100	83	171	29	117	55	0.0375
NLSVM-0.1	200	38	162	0	20	0.1375
NLSVM-1.0	180	98	102	20	14	0.17
NLSVM-10	65	195	5	135	11	0.0775
LDA	113	133	67	87	417	0.22
SDA-0.5	137	171	29	63	1525	0.1775
SDA-1.0	138	169	31	62	1516	0.17
SDA-1.5	138	168	32	62	1603	0.165
SDA-2.0	138	168	32	62	1532	0.1775
SDA-2.5	138	168	32	62	1607	0.165
SDA-3.0	138	168	32	62	1513	0.185
\TheName{}-0.5	173	128	72	27	1739	0.165
\TheName{}-1.0	173	175	25	27	1572	0.1775
\TheName{}-1.5	153	175	25	47	1717	0.165
\TheName{}-2.0	147	173	27	53	1608	0.185
\TheName{}-2.5	147	173	27	53	1633	0.1775
\TheName{}-3.0	145	172	28	55	1605	0.1775
SVM	175	165	35	25	15	0.0025
LR	0	200	0	200	2	0.0025
Ye-LDA	170	165	35	30	229	0.005
DTree-10	55	167	33	145	4	0.005
DTree-20	85	163	37	115	6	0.005
RFC-50	88	183	17	112	10	0.0075
RFC-100	83	188	12	117	19	0.0225
NLSVM-0.1	200	19	181	0	15	0.11
NLSVM-1.0	196	72	128	4	12	0.1
NLSVM-10	191	137	63	9	11	0.0875
LDA	132	140	60	68	421	0.2025
SDA-0.5	131	179	21	69	1526	0.165
SDA-1.0	131	179	21	69	1509	0.1875
SDA-1.5	131	179	21	69	1548	0.1675
SDA-2.0	131	178	22	69	1553	0.1925
SDA-2.5	131	178	22	69	1537	0.185
SDA-3.0	131	177	23	69	1525	0.175
\TheName{}-0.5	182	155	45	18	1640	0.175
\TheName{}-1.0	150	179	21	50	1626	0.1775
\TheName{}-1.5	140	179	21	60	1560	0.18
\TheName{}-2.0	137	179	21	63	1637	0.165
\TheName{}-2.5	137	179	21	63	1610	0.185
\TheName{}-3.0	134	178	22	66	1647	0.165
SVM	172	164	36	28	14	0.0075
LR	0	200	0	200	2	0.005
Ye-LDA	146	183	17	54	227	0.0075
DTree-10	82	185	15	118	4	0.005
DTree-20	102	178	22	98	7	0.0125
RFC-50	97	167	33	103	35	0.0075
RFC-100	93	171	29	107	61	0.03
NLSVM-0.1	3	199	1	197	15	0.1225
NLSVM-1.0	189	102	98	11	13	0.1
NLSVM-10	78	197	3	122	12	0.095
LDA	136	128	72	64	437	0.2
SDA-0.5	129	166	34	71	1497	0.185
SDA-1.0	128	164	36	72	1633	0.165
SDA-1.5	127	163	37	73	1527	0.1775
SDA-2.0	127	163	37	73	1557	0.17
SDA-2.5	126	163	37	74	1573	0.18
SDA-3.0	126	163	37	74	1577	0.175
\TheName{}-0.5	167	159	41	33	1668	0.175
\TheName{}-1.0	138	169	31	62	1636	0.17
\TheName{}-1.5	133	165	35	67	1575	0.1675
\TheName{}-2.0	132	165	35	68	1621	0.17
\TheName{}-2.5	131	164	36	69	1669	0.1825
\TheName{}-3.0	129	165	35	71	1634	0.1625
SVM	159	162	38	41	15	0.005
LR	0	200	0	200	1	0.005
Ye-LDA	131	167	33	69	235	0.0025
DTree-10	57	182	18	143	8	0.015
DTree-20	91	166	34	109	7	0.0125
RFC-50	96	163	37	104	8	0.0075
RFC-100	98	157	43	102	55	0.0175
NLSVM-0.1	199	31	169	1	15	0.2075
NLSVM-1.0	179	87	113	21	11	0.09
NLSVM-10	118	175	25	82	12	0.09
LDA	137	129	71	63	407	0.2075
SDA-0.5	139	171	29	61	1567	0.165
SDA-1.0	140	171	29	60	1575	0.1725
SDA-1.5	139	171	29	61	1565	0.175
SDA-2.0	139	170	30	61	1493	0.1825
SDA-2.5	139	170	30	61	1596	0.1825
SDA-3.0	138	170	30	62	1533	0.175
\TheName{}-0.5	179	172	28	21	1605	0.1675
\TheName{}-1.0	158	174	26	42	1634	0.1825
\TheName{}-1.5	150	173	27	50	1660	0.1725
\TheName{}-2.0	149	173	27	51	1590	0.175
\TheName{}-2.5	145	173	27	55	1593	0.1675
\TheName{}-3.0	143	172	28	57	1599	0.175
SVM	174	163	37	26	21	0.005
LR	0	200	0	200	2	0.005
Ye-LDA	147	174	26	53	234	0.01
DTree-10	188	90	110	12	4	0.0125
DTree-20	167	117	83	33	6	0.0125
RFC-50	104	164	36	96	49	0.015
RFC-100	99	166	34	101	50	0.02
NLSVM-0.1	200	25	175	0	15	0.105
NLSVM-1.0	198	67	133	2	11	0.08
NLSVM-10	198	48	152	2	11	0.075
LDA	147	130	70	53	453	0.1975
SDA-0.5	133	182	18	67	1591	0.1975
SDA-1.0	131	181	19	69	1528	0.1775
SDA-1.5	130	181	19	70	1500	0.175
SDA-2.0	129	181	19	71	1618	0.17
SDA-2.5	129	181	19	71	1572	0.165
SDA-3.0	129	181	19	71	1588	0.1875
\TheName{}-0.5	176	138	62	24	1582	0.1725
\TheName{}-1.0	160	180	20	40	1689	0.1825
\TheName{}-1.5	147	180	20	53	1613	0.185
\TheName{}-2.0	139	178	22	61	1659	0.195
\TheName{}-2.5	136	180	20	64	1612	0.1725
\TheName{}-3.0	136	180	20	64	1650	0.18
SVM	178	164	36	22	22	0.005
LR	0	200	0	200	1	0.005
Ye-LDA	146	171	29	54	235	0.005
DTree-10	91	168	32	109	5	0.0025
DTree-20	88	173	27	112	6	0.005
RFC-50	101	174	26	99	10	0.0125
RFC-100	99	179	21	101	71	0.025
NLSVM-0.1	199	25	175	1	15	0.1175
NLSVM-1.0	94	186	14	106	11	0.1075
NLSVM-10	179	165	35	21	11	0.1125
LDA	144	153	47	56	431	0.1825
SDA-0.5	122	168	32	78	1529	0.18
SDA-1.0	119	167	33	81	1546	0.18
SDA-1.5	119	167	33	81	1577	0.1725
SDA-2.0	118	168	32	82	1613	0.1725
SDA-2.5	118	168	32	82	1490	0.175
SDA-3.0	118	168	32	82	1552	0.195
\TheName{}-0.5	147	179	21	53	1632	0.1725
\TheName{}-1.0	128	172	28	72	1637	0.1775
\TheName{}-1.5	123	169	31	77	1625	0.175
\TheName{}-2.0	120	168	32	80	1607	0.1775
\TheName{}-2.5	120	167	33	80	1639	0.175
\TheName{}-3.0	120	167	33	80	1683	0.1875
SVM	161	178	22	39	15	0.005
LR	200	0	200	0	2	0.005
Ye-LDA	147	157	43	53	216	0.0075
DTree-10	38	189	11	162	4	0.005
DTree-20	79	181	19	121	6	0.005
RFC-50	100	168	32	100	32	0.0075
RFC-100	98	172	28	102	27	0.0225
NLSVM-0.1	200	22	178	0	14	0.12
NLSVM-1.0	177	89	111	23	12	0.1025
NLSVM-10	121	175	25	79	10	0.11
LDA	123	117	83	77	424	0.19
SDA-0.5	155	177	23	45	1513	0.1775
SDA-1.0	154	177	23	46	1596	0.2075
SDA-1.5	153	177	23	47	1528	0.1725
SDA-2.0	153	177	23	47	1517	0.1775
SDA-2.5	153	177	23	47	1522	0.175
SDA-3.0	153	177	23	47	1543	0.2
\TheName{}-0.5	187	161	39	13	1653	0.185
\TheName{}-1.0	174	174	26	26	1575	0.2125
\TheName{}-1.5	164	177	23	36	1650	0.18
\TheName{}-2.0	162	176	24	38	1615	0.1925
\TheName{}-2.5	160	175	25	40	1627	0.2175
\TheName{}-3.0	157	176	24	43	1602	0.1875
SVM	176	165	35	24	17	0.0075
LR	0	200	0	200	1	0.005
Ye-LDA	174	164	36	26	225	0.015
DTree-10	116	165	35	84	4	0.0175
DTree-20	116	167	33	84	6	0.015
RFC-50	90	184	16	110	28	0.015
RFC-100	87	183	17	113	53	0.0225
NLSVM-0.1	131	146	54	69	13	0.11
NLSVM-1.0	197	74	126	3	11	0.0875
NLSVM-10	197	56	144	3	11	0.125
LDA	112	141	59	88	406	0.1775
SDA-0.5	157	180	20	43	1541	0.1775
SDA-1.0	157	180	20	43	1482	0.1825
SDA-1.5	156	180	20	44	1547	0.175
SDA-2.0	156	180	20	44	1520	0.175
SDA-2.5	156	180	20	44	1510	0.1725
SDA-3.0	156	180	20	44	1569	0.175
\TheName{}-0.5	181	164	36	19	1589	0.185
\TheName{}-1.0	165	177	23	35	1649	0.175
\TheName{}-1.5	163	180	20	37	1580	0.1775
\TheName{}-2.0	161	181	19	39	1705	0.19
\TheName{}-2.5	160	180	20	40	1570	0.175
\TheName{}-3.0	158	180	20	42	1598	0.1775
SVM	165	178	22	35	15	0.02
LR	0	200	0	200	2	0.0125
Ye-LDA	161	168	32	39	247	0.0175
DTree-10	68	186	14	132	3	0.0125
DTree-20	78	176	24	122	6	0.0125
RFC-50	99	173	27	101	9	0.0175
RFC-100	94	172	28	106	64	0.025
NLSVM-0.1	98	183	17	102	15	0.115
NLSVM-1.0	181	94	106	19	13	0.1075
NLSVM-10	171	171	29	29	11	0.085
LDA	130	148	52	70	432	0.215
SDA-0.5	132	178	22	68	1521	0.1775
SDA-1.0	132	176	24	68	1584	0.2075
SDA-1.5	131	176	24	69	1536	0.18
SDA-2.0	131	175	25	69	1518	0.205
SDA-2.5	131	175	25	69	1553	0.1775
SDA-3.0	131	175	25	69	1520	0.185
\TheName{}-0.5	184	143	57	16	1654	0.1775
\TheName{}-1.0	166	181	19	34	1586	0.175
\TheName{}-1.5	148	183	17	52	1702	0.1775
\TheName{}-2.0	143	182	18	57	1588	0.1775
\TheName{}-2.5	137	180	20	63	1685	0.18
\TheName{}-3.0	137	180	20	63	1594	0.18
SVM	178	178	22	22	17	0.005
LR	0	200	0	200	2	0.0025
Ye-LDA	156	186	14	44	222	0.005
DTree-10	41	192	8	159	3	0.005
DTree-20	116	173	27	84	7	0.005
RFC-50	101	175	25	99	27	0.01
RFC-100	93	180	20	107	55	0.0225
NLSVM-0.1	200	27	173	0	13	0.1175
NLSVM-1.0	190	92	108	10	15	0.0875
NLSVM-10	198	118	82	2	11	0.1
LDA	125	150	50	75	472	0.17
SDA-0.5	150	179	21	50	1592	0.1775
SDA-1.0	148	178	22	52	1493	0.185
SDA-1.5	148	178	22	52	1592	0.2025
SDA-2.0	148	178	22	52	1561	0.175
SDA-2.5	148	178	22	52	1579	0.175
SDA-3.0	148	178	22	52	1552	0.175
\TheName{}-0.5	151	115	85	49	1644	0.17
\TheName{}-1.0	182	165	35	18	1637	0.1775
\TheName{}-1.5	169	184	16	31	1658	0.175
\TheName{}-2.0	167	183	17	33	1619	0.1725
\TheName{}-2.5	163	182	18	37	1669	0.19
\TheName{}-3.0	160	180	20	40	1634	0.1775
SVM	178	163	37	22	23	0.015
LR	200	0	200	0	2	0.0125
Ye-LDA	177	144	56	23	225	0.015
DTree-10	52	192	8	148	9	0.0125
DTree-20	86	178	22	114	6	0.01
RFC-50	89	177	23	111	29	0.0075
RFC-100	92	173	27	108	69	0.0325
NLSVM-0.1	1	199	1	199	27	0.1325
NLSVM-1.0	192	108	92	8	21	0.1
NLSVM-10	144	190	10	56	11	0.0875
LDA	116	138	62	84	451	0.1725
SDA-0.5	127	175	25	73	1540	0.2175
SDA-1.0	127	175	25	73	1522	0.1725
SDA-1.5	127	175	25	73	1545	0.1725
SDA-2.0	127	175	25	73	1636	0.1825
SDA-2.5	127	175	25	73	1498	0.2175
SDA-3.0	127	175	25	73	1547	0.185
\TheName{}-0.5	165	138	62	35	1600	0.18
\TheName{}-1.0	147	180	20	53	1724	0.195
\TheName{}-1.5	139	179	21	61	1626	0.1775
\TheName{}-2.0	135	177	23	65	1712	0.1925
\TheName{}-2.5	132	177	23	68	1603	0.195
\TheName{}-3.0	131	177	23	69	1639	0.19
SVM	174	171	29	26	16	0.0075
LR	0	200	0	200	2	0.0225
Ye-LDA	139	186	14	61	227	0.015
DTree-10	92	175	25	108	4	0.0125
DTree-20	106	180	20	94	6	0.0125
RFC-50	90	184	16	110	11	0.0075
RFC-100	86	185	15	114	62	0.0175
NLSVM-0.1	198	40	160	2	14	0.1075
NLSVM-1.0	179	100	100	21	12	0.0875
NLSVM-10	87	196	4	113	12	0.0725
LDA	111	128	72	89	439	0.2
SDA-0.5	166	174	26	34	1522	0.17
SDA-1.0	165	174	26	35	1570	0.1725
SDA-1.5	165	173	27	35	1503	0.1825
SDA-2.0	165	173	27	35	1606	0.175
SDA-2.5	165	173	27	35	1532	0.175
SDA-3.0	165	173	27	35	1559	0.1725
\TheName{}-0.5	190	159	41	10	1626	0.18
\TheName{}-1.0	180	169	31	20	1650	0.1725
\TheName{}-1.5	173	171	29	27	1620	0.1725
\TheName{}-2.0	168	172	28	32	1621	0.175
\TheName{}-2.5	166	172	28	34	1643	0.1925
\TheName{}-3.0	166	172	28	34	1627	0.1775
SVM	182	161	39	18	18	0.005
LR	0	200	0	200	2	0.005
Ye-LDA	167	164	36	33	230	0.0075
DTree-10	70	187	13	130	4	0.005
DTree-20	88	179	21	112	6	0.0
RFC-50	112	168	32	88	66	0.01
RFC-100	114	164	36	86	86	0.03
NLSVM-0.1	200	24	176	0	16	0.1125
NLSVM-1.0	200	76	124	0	12	0.0925
NLSVM-10	200	54	146	0	10	0.08
LDA	128	145	55	72	437	0.195
SDA-0.5	129	181	19	71	1547	0.18
SDA-1.0	128	181	19	72	1625	0.1775
SDA-1.5	128	180	20	72	1552	0.18
SDA-2.0	128	180	20	72	1570	0.175
SDA-2.5	128	180	20	72	1557	0.1825
SDA-3.0	128	180	20	72	1524	0.1775
\TheName{}-0.5	160	126	74	40	1642	0.185
\TheName{}-1.0	159	182	18	41	1608	0.1725
\TheName{}-1.5	149	183	17	51	1676	0.2225
\TheName{}-2.0	140	184	16	60	1624	0.18
\TheName{}-2.5	137	183	17	63	1675	0.1775
\TheName{}-3.0	135	183	17	65	1629	0.175
SVM	169	170	30	31	22	0.0025
LR	0	200	0	200	2	0.0025
Ye-LDA	144	179	21	56	245	0.005
DTree-10	35	193	7	165	4	0.005
DTree-20	79	189	11	121	9	0.0025
RFC-50	95	186	14	105	30	0.01
RFC-100	92	188	12	108	66	0.015
NLSVM-0.1	199	33	167	1	16	0.155
NLSVM-1.0	186	98	102	14	18	0.095
NLSVM-10	58	197	3	142	11	0.1175
LDA	113	138	62	87	418	0.2125
SDA-0.5	155	168	32	45	1547	0.175
SDA-1.0	151	168	32	49	1567	0.1825
SDA-1.5	151	168	32	49	1517	0.175
SDA-2.0	149	168	32	51	1537	0.17
SDA-2.5	149	168	32	51	1556	0.185
SDA-3.0	148	167	33	52	1521	0.18
\TheName{}-0.5	187	165	35	13	1669	0.1925
\TheName{}-1.0	168	174	26	32	1629	0.175
\TheName{}-1.5	161	170	30	39	1664	0.175
\TheName{}-2.0	158	168	32	42	1615	0.175
\TheName{}-2.5	158	168	32	42	1657	0.1775
\TheName{}-3.0	157	168	32	43	1598	0.185
SVM	171	172	28	29	15	0.0075
LR	0	200	0	200	5	0.02
Ye-LDA	169	167	33	31	256	0.015
DTree-10	191	68	132	9	3	0.0125
DTree-20	93	174	26	107	6	0.03
RFC-50	107	178	22	93	32	0.0175
RFC-100	103	178	22	97	17	0.035
NLSVM-0.1	199	36	164	1	16	0.1225
NLSVM-1.0	195	98	102	5	13	0.095
NLSVM-10	129	191	9	71	11	0.085
LDA	120	122	78	80	431	0.1875
SDA-0.5	157	180	20	43	1564	0.1775
SDA-1.0	156	180	20	44	1562	0.1775
SDA-1.5	156	180	20	44	1550	0.175
SDA-2.0	155	180	20	45	1566	0.18
SDA-2.5	155	180	20	45	1539	0.17
SDA-3.0	155	180	20	45	1566	0.1825
\TheName{}-0.5	175	149	51	25	1636	0.18
\TheName{}-1.0	178	174	26	22	1726	0.195
\TheName{}-1.5	170	179	21	30	1649	0.185
\TheName{}-2.0	165	177	23	35	1615	0.1775
\TheName{}-2.5	164	178	22	36	1632	0.1725
\TheName{}-3.0	162	178	22	38	1695	0.1875
SVM	159	170	30	41	12	0.0175
LR	0	200	0	200	1	0.01
Ye-LDA	162	167	33	38	227	0.005
DTree-10	74	185	15	126	5	0.0025
DTree-20	82	182	18	118	23	0.0275
RFC-50	77	190	10	123	28	0.01
RFC-100	84	188	12	116	64	0.03
NLSVM-0.1	198	34	166	2	15	0.1475
NLSVM-1.0	184	102	98	16	11	0.0975
NLSVM-10	199	86	114	1	11	0.09
LDA	124	143	57	76	437	0.195
SDA-0.5	144	174	26	56	1467	0.1775
SDA-1.0	144	173	27	56	1580	0.1725
SDA-1.5	144	173	27	56	1518	0.175
SDA-2.0	144	173	27	56	1552	0.1725
SDA-2.5	144	173	27	56	1529	0.1775
SDA-3.0	144	173	27	56	1530	0.1875
\TheName{}-0.5	176	175	25	24	1616	0.185
\TheName{}-1.0	152	176	24	48	1582	0.1725
\TheName{}-1.5	148	175	25	52	1640	0.1875
\TheName{}-2.0	145	175	25	55	1592	0.1775
\TheName{}-2.5	145	175	25	55	1674	0.175
\TheName{}-3.0	144	176	24	56	1571	0.18
SVM	178	165	35	22	16	0.005
LR	0	200	0	200	1	0.005
Ye-LDA	143	175	25	57	222	0.005
DTree-10	33	194	6	167	4	0.0025
DTree-20	92	173	27	108	6	0.0025
RFC-50	193	90	110	7	30	0.01
RFC-100	192	105	95	8	66	0.03
NLSVM-0.1	200	27	173	0	22	0.14
NLSVM-1.0	195	70	130	5	12	0.1175
NLSVM-10	154	170	30	46	14	0.0875
LDA	151	114	86	49	416	0.19
SDA-0.5	131	182	18	69	1527	0.1775
SDA-1.0	131	181	19	69	1569	0.175
SDA-1.5	130	181	19	70	1504	0.1725
SDA-2.0	130	181	19	70	1535	0.1775
SDA-2.5	130	181	19	70	1486	0.1725
SDA-3.0	130	181	19	70	1619	0.175
\TheName{}-0.5	170	184	16	30	1611	0.17
\TheName{}-1.0	144	185	15	56	1634	0.1975
\TheName{}-1.5	136	183	17	64	1603	0.1775
\TheName{}-2.0	134	183	17	66	1697	0.185
\TheName{}-2.5	134	183	17	66	1621	0.1725
\TheName{}-3.0	132	181	19	68	1602	0.1725
SVM	182	174	26	18	24	0.005
LR	200	0	200	0	1	0.005
Ye-LDA	186	162	38	14	218	0.005
DTree-10	195	61	139	5	4	0.0025
DTree-20	98	182	18	102	5	0.005
RFC-50	71	189	11	129	29	0.0075
RFC-100	83	184	16	117	59	0.02
NLSVM-0.1	197	28	172	3	15	0.1525
NLSVM-1.0	177	113	87	23	12	0.0825
NLSVM-10	200	45	155	0	11	0.07
LDA	140	156	44	60	437	0.2475
SDA-0.5	137	177	23	63	1586	0.175
SDA-1.0	136	176	24	64	1566	0.175
SDA-1.5	135	176	24	65	1541	0.185
SDA-2.0	135	176	24	65	1610	0.185
SDA-2.5	135	176	24	65	1563	0.175
SDA-3.0	135	176	24	65	1580	0.1725
\TheName{}-0.5	182	159	41	18	1653	0.1725
\TheName{}-1.0	161	185	15	39	1640	0.18
\TheName{}-1.5	149	181	19	51	1699	0.18
\TheName{}-2.0	145	177	23	55	1621	0.175
\TheName{}-2.5	143	177	23	57	1643	0.1725
\TheName{}-3.0	142	176	24	58	1652	0.18
SVM	181	176	24	19	24	0.0025
LR	0	200	0	200	1	0.015
Ye-LDA	139	183	17	61	265	0.0125
DTree-10	70	194	6	130	4	0.0125
DTree-20	106	183	17	94	6	0.015
RFC-50	90	178	22	110	34	0.0225
RFC-100	100	177	23	100	63	0.025
NLSVM-0.1	199	38	162	1	16	0.1175
NLSVM-1.0	186	95	105	14	12	0.0875
NLSVM-10	79	194	6	121	12	0.08
LDA	103	133	67	97	464	0.1975
SDA-0.5	140	188	12	60	1533	0.17
SDA-1.0	140	187	13	60	1594	0.18
SDA-1.5	140	186	14	60	1520	0.1775
SDA-2.0	140	186	14	60	1586	0.175
SDA-2.5	140	186	14	60	1584	0.1875
SDA-3.0	140	186	14	60	1511	0.1775
\TheName{}-0.5	175	159	41	25	1625	0.175
\TheName{}-1.0	162	190	10	38	1583	0.18
\TheName{}-1.5	150	188	12	50	1666	0.1725
\TheName{}-2.0	147	187	13	53	1642	0.1825
\TheName{}-2.5	144	187	13	56	1649	0.175
\TheName{}-3.0	144	187	13	56	1651	0.1725
SVM	173	175	25	27	17	0.005
LR	0	200	0	200	1	0.005
Ye-LDA	156	181	19	44	226	0.0175
DTree-10	76	175	25	124	21	0.0075
DTree-20	98	166	34	102	13	0.015
RFC-50	101	176	24	99	44	0.01
RFC-100	96	179	21	104	78	0.02
NLSVM-0.1	200	23	177	0	16	0.135
NLSVM-1.0	197	77	123	3	12	0.1075
NLSVM-10	93	198	2	107	12	0.0925
LDA	137	130	70	63	423	0.2075
SDA-0.5	159	170	30	41	1532	0.175
SDA-1.0	159	170	30	41	1611	0.1875
SDA-1.5	159	170	30	41	1515	0.1725
SDA-2.0	159	170	30	41	1591	0.1725
SDA-2.5	159	170	30	41	1552	0.1725
SDA-3.0	159	170	30	41	1526	0.185
\TheName{}-0.5	185	144	56	15	1670	0.2
\TheName{}-1.0	178	171	29	22	1625	0.175
\TheName{}-1.5	171	169	31	29	1709	0.175
\TheName{}-2.0	169	168	32	31	1587	0.1975
\TheName{}-2.5	167	169	31	33	1665	0.1725
\TheName{}-3.0	168	169	31	32	1602	0.1775
SVM	174	160	40	26	20	0.005
LR	0	200	0	200	1	0.005
Ye-LDA	165	176	24	35	244	0.0075
DTree-10	183	84	116	17	7	0.0025
DTree-20	128	165	35	72	9	0.015
RFC-50	96	176	24	104	31	0.0275
RFC-100	92	175	25	108	57	0.0325
NLSVM-0.1	1	198	2	199	16	0.15
NLSVM-1.0	192	105	95	8	12	0.1125
NLSVM-10	180	159	41	20	12	0.1075
LDA	134	143	57	66	422	0.1925
SDA-0.5	141	177	23	59	1528	0.175
SDA-1.0	140	177	23	60	1576	0.185
SDA-1.5	138	177	23	62	1585	0.175
SDA-2.0	138	177	23	62	1471	0.1775
SDA-2.5	138	177	23	62	1588	0.1775
SDA-3.0	138	177	23	62	1495	0.18
\TheName{}-0.5	181	180	20	19	1682	0.18
\TheName{}-1.0	155	178	22	45	1612	0.1775
\TheName{}-1.5	147	178	22	53	1661	0.1925
\TheName{}-2.0	145	177	23	55	1632	0.1775
\TheName{}-2.5	144	177	23	56	1664	0.2025
\TheName{}-3.0	143	177	23	57	1600	0.18
SVM	181	170	30	19	15	0.005
LR	0	200	0	200	1	0.005
Ye-LDA	146	173	27	54	225	0.005
DTree-10	66	188	12	134	4	0.005
DTree-20	92	183	17	108	6	0.005
RFC-50	85	185	15	115	25	0.0075
RFC-100	83	186	14	117	51	0.015
NLSVM-0.1	200	36	164	0	14	0.115
NLSVM-1.0	200	78	122	0	13	0.15
NLSVM-10	78	194	6	122	11	0.09
LDA	132	121	79	68	421	0.1775
SDA-0.5	170	161	39	30	1563	0.175
SDA-1.0	168	160	40	32	1504	0.18
SDA-1.5	167	160	40	33	1492	0.1775
SDA-2.0	166	160	40	34	1536	0.1825
SDA-2.5	166	160	40	34	1462	0.1825
SDA-3.0	166	160	40	34	1534	0.1725
\TheName{}-0.5	186	155	45	14	1565	0.18
\TheName{}-1.0	176	162	38	24	1585	0.215
\TheName{}-1.5	173	160	40	27	1561	0.1875
\TheName{}-2.0	172	160	40	28	1589	0.1725
\TheName{}-2.5	171	160	40	29	1608	0.185
\TheName{}-3.0	171	158	42	29	1576	0.175
SVM	184	157	43	16	15	0.005
LR	0	200	0	200	1	0.005
Ye-LDA	164	166	34	36	222	0.0025
DTree-10	79	169	31	121	4	0.0025
DTree-20	84	165	35	116	7	0.0025
RFC-50	90	174	26	110	27	0.0125
RFC-100	97	182	18	103	63	0.0425
NLSVM-0.1	199	35	165	1	15	0.2075
NLSVM-1.0	196	71	129	4	13	0.1075
NLSVM-10	200	39	161	0	12	0.095
LDA	133	138	62	67	415	0.175
SDA-0.5	124	176	24	76	1588	0.19
SDA-1.0	124	176	24	76	1529	0.175
SDA-1.5	124	176	24	76	1545	0.175
SDA-2.0	124	175	25	76	1516	0.175
SDA-2.5	124	175	25	76	1566	0.1775
SDA-3.0	124	175	25	76	1524	0.21
\TheName{}-0.5	179	175	25	21	1679	0.1925
\TheName{}-1.0	134	177	23	66	1603	0.1825
\TheName{}-1.5	129	175	25	71	1661	0.1725
\TheName{}-2.0	128	175	25	72	1607	0.175
\TheName{}-2.5	127	175	25	73	1650	0.175
\TheName{}-3.0	126	175	25	74	1614	0.1775
SVM	173	171	29	27	18	0.005
LR	0	200	0	200	1	0.005
Ye-LDA	144	178	22	56	222	0.0025
DTree-10	97	165	35	103	5	0.0025
DTree-20	83	181	19	117	7	0.0
RFC-50	104	167	33	96	10	0.0075
RFC-100	97	168	32	103	65	0.02
NLSVM-0.1	3	200	0	197	14	0.12
NLSVM-1.0	196	74	126	4	15	0.105
NLSVM-10	81	192	8	119	11	0.105
LDA	133	112	88	67	421	0.1825
SDA-0.5	128	168	32	72	1576	0.18
SDA-1.0	126	168	32	74	1589	0.1775
SDA-1.5	126	168	32	74	1603	0.1875
SDA-2.0	126	168	32	74	1542	0.1875
SDA-2.5	126	168	32	74	1525	0.1775
SDA-3.0	126	168	32	74	1594	0.185
\TheName{}-0.5	178	114	86	22	1630	0.1725
\TheName{}-1.0	153	168	32	47	1669	0.175
\TheName{}-1.5	142	171	29	58	1667	0.1725
\TheName{}-2.0	138	169	31	62	1633	0.175
\TheName{}-2.5	135	168	32	65	1667	0.1825
\TheName{}-3.0	133	168	32	67	1608	0.195
SVM	177	155	45	23	14	0.015
LR	0	200	0	200	2	0.0125
Ye-LDA	157	167	33	43	227	0.005
DTree-10	69	179	21	131	4	0.005
DTree-20	103	176	24	97	6	0.005
RFC-50	85	176	24	115	7	0.0075
RFC-100	88	177	23	112	47	0.02
NLSVM-0.1	3	200	0	197	13	0.1125
NLSVM-1.0	190	84	116	10	13	0.09
NLSVM-10	198	68	132	2	11	0.0775
LDA	120	145	55	80	418	0.2225
SDA-0.5	131	167	33	69	1559	0.21
SDA-1.0	130	165	35	70	1510	0.1725
SDA-1.5	129	165	35	71	1473	0.1825
SDA-2.0	130	167	33	70	1499	0.17
SDA-2.5	130	167	33	70	1487	0.175
SDA-3.0	129	167	33	71	1532	0.175
\TheName{}-0.5	182	174	26	18	1644	0.175
\TheName{}-1.0	150	167	33	50	1566	0.1775
\TheName{}-1.5	141	167	33	59	1630	0.175
\TheName{}-2.0	137	167	33	63	1590	0.1775
\TheName{}-2.5	136	167	33	64	1632	0.1875
\TheName{}-3.0	135	166	34	65	1578	0.185
SVM	175	165	35	25	19	0.005
LR	0	200	0	200	1	0.005
Ye-LDA	165	178	22	35	221	0.005
DTree-10	69	179	21	131	6	0.005
DTree-20	103	166	34	97	10	0.005
RFC-50	73	172	28	127	9	0.01
RFC-100	72	170	30	128	17	0.02
NLSVM-0.1	200	22	178	0	14	0.12
NLSVM-1.0	193	75	125	7	12	0.1
NLSVM-10	101	189	11	99	10	0.0775
LDA	132	140	60	68	434	0.1675
SDA-0.5	161	171	29	39	1592	0.1825
SDA-1.0	160	171	29	40	1549	0.1725
SDA-1.5	160	171	29	40	1520	0.2025
SDA-2.0	159	171	29	41	1551	0.18
SDA-2.5	158	171	29	42	1590	0.19
SDA-3.0	158	171	29	42	1529	0.18
\TheName{}-0.5	178	173	27	22	1636	0.1875
\TheName{}-1.0	169	172	28	31	1640	0.18
\TheName{}-1.5	165	173	27	35	1640	0.1725
\TheName{}-2.0	161	173	27	39	1619	0.19
\TheName{}-2.5	160	173	27	40	1598	0.18
\TheName{}-3.0	160	173	27	40	1637	0.1775
SVM	174	173	27	26	16	0.005
LR	0	200	0	200	1	0.01
Ye-LDA	156	174	26	44	231	0.015
DTree-10	51	181	19	149	3	0.015
DTree-20	99	175	25	101	6	0.0125
RFC-50	88	167	33	112	28	0.015
RFC-100	91	170	30	109	71	0.0275
NLSVM-0.1	199	30	170	1	17	0.1325
NLSVM-1.0	182	108	92	18	11	0.1
NLSVM-10	170	171	29	30	11	0.09
LDA	139	140	60	61	426	0.1875
SDA-0.5	125	171	29	75	1564	0.185
SDA-1.0	124	171	29	76	1507	0.185
SDA-1.5	123	170	30	77	1564	0.1975
SDA-2.0	122	168	32	78	1552	0.18
SDA-2.5	122	168	32	78	1514	0.175
SDA-3.0	122	168	32	78	1596	0.1725
\TheName{}-0.5	180	129	71	20	1553	0.1925
\TheName{}-1.0	148	175	25	52	1702	0.1825
\TheName{}-1.5	133	173	27	67	1625	0.1725
\TheName{}-2.0	131	173	27	69	1704	0.18
\TheName{}-2.5	129	172	28	71	1607	0.175
\TheName{}-3.0	127	170	30	73	1699	0.19
SVM	181	155	45	19	15	0.0075
LR	0	200	0	200	1	0.005
Ye-LDA	145	175	25	55	222	0.005
DTree-10	63	180	20	137	4	0.005
DTree-20	74	172	28	126	5	0.0025
RFC-50	95	163	37	105	28	0.01
RFC-100	100	162	38	100	62	0.0225
NLSVM-0.1	199	40	160	1	14	0.1125
NLSVM-1.0	194	87	113	6	12	0.0975
NLSVM-10	99	190	10	101	10	0.095
LDA	110	136	64	90	434	0.2
SDA-0.5	136	165	35	64	1569	0.1725
SDA-1.0	135	165	35	65	1541	0.17
SDA-1.5	135	165	35	65	1543	0.1725
SDA-2.0	135	165	35	65	1638	0.1775
SDA-2.5	135	165	35	65	1582	0.175
SDA-3.0	135	165	35	65	1576	0.1725
\TheName{}-0.5	173	157	43	27	1643	0.1825
\TheName{}-1.0	155	169	31	45	1688	0.195
\TheName{}-1.5	144	167	33	56	1652	0.1775
\TheName{}-2.0	142	167	33	58	1608	0.205
\TheName{}-2.5	140	167	33	60	1678	0.1725
\TheName{}-3.0	138	166	34	62	1638	0.1775
SVM	167	173	27	33	15	0.0025
LR	0	200	0	200	2	0.0075
Ye-LDA	151	161	39	49	238	0.01
DTree-10	84	175	25	116	4	0.015
DTree-20	96	172	28	104	7	0.015
RFC-50	107	149	51	93	8	0.0275
RFC-100	107	156	44	93	26	0.04
NLSVM-0.1	1	200	0	199	14	0.1275
NLSVM-1.0	174	107	93	26	38	0.095
NLSVM-10	196	114	86	4	13	0.0875
LDA	136	145	55	64	429	0.22
SDA-0.5	191	162	38	9	1464	0.1825
SDA-1.0	191	160	40	9	1508	0.18
SDA-1.5	191	160	40	9	1537	0.175
SDA-2.0	191	160	40	9	1527	0.1725
SDA-2.5	191	160	40	9	1524	0.1775
SDA-3.0	191	160	40	9	1508	0.185
\TheName{}-0.5	191	157	43	9	1612	0.18
\TheName{}-1.0	192	155	45	8	1578	0.1725
\TheName{}-1.5	192	156	44	8	1617	0.185
\TheName{}-2.0	192	156	44	8	1708	0.175
\TheName{}-2.5	192	157	43	8	1628	0.17
\TheName{}-3.0	192	157	43	8	1615	0.1825
SVM	179	176	24	21	17	0.015
LR	0	200	0	200	2	0.0025
Ye-LDA	186	155	45	14	229	0.015
DTree-10	68	192	8	132	4	0.0125
DTree-20	79	186	14	121	6	0.0125
RFC-50	98	183	17	102	31	0.0125
RFC-100	99	187	13	101	18	0.02
NLSVM-0.1	2	200	0	198	13	0.12
NLSVM-1.0	196	105	95	4	24	0.09
NLSVM-10	145	193	7	55	11	0.085
LDA	117	145	55	83	438	0.195
SDA-0.5	112	176	24	88	1514	0.17
SDA-1.0	110	174	26	90	1556	0.1725
SDA-1.5	110	172	28	90	1529	0.175
SDA-2.0	110	172	28	90	1652	0.1825
SDA-2.5	110	172	28	90	1491	0.1925
SDA-3.0	110	172	28	90	1576	0.19
\TheName{}-0.5	154	131	69	46	1618	0.1725
\TheName{}-1.0	152	181	19	48	1669	0.1975
\TheName{}-1.5	138	175	25	62	1597	0.1825
\TheName{}-2.0	131	175	25	69	1658	0.185
\TheName{}-2.5	122	175	25	78	1639	0.175
\TheName{}-3.0	119	175	25	81	1656	0.1725
SVM	168	177	23	32	12	0.0075
LR	0	200	0	200	1	0.0075
Ye-LDA	137	181	19	63	237	0.0175
DTree-10	66	183	17	134	3	0.015
DTree-20	106	165	35	94	7	0.015
RFC-50	103	160	40	97	9	0.0225
RFC-100	102	160	40	98	55	0.0325
NLSVM-0.1	4	200	0	196	15	0.1325
NLSVM-1.0	161	121	79	39	12	0.0975
NLSVM-10	82	187	13	118	11	0.09
LDA	114	167	33	86	519	0.1875
SDA-0.5	125	176	24	75	1517	0.175
SDA-1.0	126	176	24	74	1588	0.1875
SDA-1.5	125	176	24	75	1510	0.1875
SDA-2.0	126	176	24	74	1532	0.1725
SDA-2.5	126	176	24	74	1558	0.235
SDA-3.0	126	176	24	74	1538	0.1775
\TheName{}-0.5	164	124	76	36	1692	0.205
\TheName{}-1.0	159	178	22	41	1603	0.175
\TheName{}-1.5	139	178	22	61	1656	0.1925
\TheName{}-2.0	135	177	23	65	1669	0.1825
\TheName{}-2.5	132	176	24	68	1670	0.1775
\TheName{}-3.0	131	175	25	69	1592	0.1775
SVM	163	179	21	37	23	0.005
LR	0	200	0	200	1	0.005
Ye-LDA	148	177	23	52	216	0.005
DTree-10	75	177	23	125	3	0.005
DTree-20	107	165	35	93	7	0.005
RFC-50	62	185	15	138	8	0.0075
RFC-100	61	182	18	139	52	0.0175
NLSVM-0.1	74	191	9	126	13	0.105
NLSVM-1.0	177	103	97	23	13	0.12
NLSVM-10	71	193	7	129	13	0.1
LDA	117	129	71	83	421	0.205
SDA-0.5	163	163	37	37	1547	0.175
SDA-1.0	161	164	36	39	1527	0.175
SDA-1.5	159	164	36	41	1648	0.18
SDA-2.0	159	164	36	41	1501	0.1775
SDA-2.5	159	164	36	41	1575	0.1675
SDA-3.0	159	164	36	41	1579	0.185
\TheName{}-0.5	188	159	41	12	1603	0.185
\TheName{}-1.0	171	163	37	29	1683	0.185
\TheName{}-1.5	167	163	37	33	1588	0.1775
\TheName{}-2.0	164	163	37	36	1644	0.1875
\TheName{}-2.5	162	164	36	38	1605	0.1775
\TheName{}-3.0	162	164	36	38	1625	0.1775
SVM	180	164	36	20	13	0.005
LR	0	200	0	200	1	0.005
Ye-LDA	157	168	32	43	225	0.005
DTree-10	54	180	20	146	4	0.005
DTree-20	103	179	21	97	5	0.005
RFC-50	89	168	32	111	33	0.0075
RFC-100	89	165	35	111	66	0.025
NLSVM-0.1	200	23	177	0	14	0.11
NLSVM-1.0	200	56	144	0	11	0.08
NLSVM-10	86	192	8	114	10	0.0775
LDA	132	122	78	68	440	0.1925
SDA-0.5	136	185	15	64	1568	0.175
SDA-1.0	136	184	16	64	1513	0.175
SDA-1.5	136	185	15	64	1531	0.185
SDA-2.0	136	185	15	64	1592	0.1825
SDA-2.5	137	184	16	63	1538	0.2025
SDA-3.0	137	183	17	63	1574	0.1825
\TheName{}-0.5	175	191	9	25	1615	0.175
\TheName{}-1.0	160	190	10	40	1682	0.1825
\TheName{}-1.5	146	189	11	54	1668	0.2
\TheName{}-2.0	142	189	11	58	1695	0.195
\TheName{}-2.5	141	188	12	59	1601	0.1825
\TheName{}-3.0	141	187	13	59	1667	0.175
SVM	169	186	14	31	23	0.005
LR	0	200	0	200	2	0.005
Ye-LDA	152	183	17	48	223	0.0075
DTree-10	76	189	11	124	4	0.0025
DTree-20	109	185	15	91	7	0.005
RFC-50	112	176	24	88	11	0.0125
RFC-100	92	179	21	108	77	0.03
NLSVM-0.1	1	200	0	199	15	0.125
NLSVM-1.0	189	84	116	11	13	0.1825
NLSVM-10	86	199	1	114	13	0.0875
LDA	115	119	81	85	430	0.2075
SDA-0.5	129	175	25	71	1603	0.1775
SDA-1.0	126	175	25	74	1602	0.1975
SDA-1.5	126	174	26	74	1513	0.1825
SDA-2.0	126	174	26	74	1635	0.1775
SDA-2.5	126	174	26	74	1535	0.185
SDA-3.0	126	174	26	74	1541	0.1775
\TheName{}-0.5	176	140	60	24	1591	0.1725
\TheName{}-1.0	161	175	25	39	1647	0.17
\TheName{}-1.5	150	178	22	50	1656	0.175
\TheName{}-2.0	140	178	22	60	1624	0.175
\TheName{}-2.5	137	177	23	63	1633	0.1725
\TheName{}-3.0	135	176	24	65	1610	0.175
SVM	159	165	35	41	18	0.005
LR	0	200	0	200	1	0.005
Ye-LDA	145	180	20	55	279	0.02
DTree-10	188	97	103	12	9	0.0175
DTree-20	87	181	19	113	7	0.015
RFC-50	101	169	31	99	9	0.04
RFC-100	88	181	19	112	18	0.055
NLSVM-0.1	200	16	184	0	49	0.14
NLSVM-1.0	177	100	100	23	12	0.1
NLSVM-10	183	151	49	17	10	0.0875
LDA	138	122	78	62	412	0.235
SDA-0.5	158	179	21	42	1533	0.1725
SDA-1.0	158	178	22	42	1502	0.175
SDA-1.5	158	178	22	42	1569	0.1975
SDA-2.0	157	178	22	43	1601	0.17
SDA-2.5	157	177	23	43	1885	0.185
SDA-3.0	157	177	23	43	1477	0.1725
\TheName{}-0.5	181	148	52	19	1665	0.1775
\TheName{}-1.0	178	183	17	22	1601	0.17
\TheName{}-1.5	170	179	21	30	1640	0.18
\TheName{}-2.0	166	177	23	34	1546	0.18
\TheName{}-2.5	164	178	22	36	1635	0.17
\TheName{}-3.0	164	178	22	36	1611	0.18
SVM	172	164	36	28	18	0.0075
LR	0	200	0	200	1	0.0125
Ye-LDA	167	174	26	33	224	0.015
DTree-10	83	190	10	117	4	0.015
DTree-20	107	169	31	93	7	0.0125
RFC-50	101	166	34	99	11	0.0175
RFC-100	105	169	31	95	32	0.02
NLSVM-0.1	200	23	177	0	14	0.1125
NLSVM-1.0	198	63	137	2	11	0.0875
NLSVM-10	200	65	135	0	13	0.1025
LDA	131	141	59	69	406	0.1975
SDA-0.5	133	168	32	67	1507	0.1725
SDA-1.0	132	166	34	68	1455	0.175
SDA-1.5	132	166	34	68	1562	0.18
SDA-2.0	131	166	34	69	1502	0.1725
SDA-2.5	131	166	34	69	1529	0.17
SDA-3.0	131	166	34	69	1473	0.18
\TheName{}-0.5	188	156	44	12	1642	0.175
\TheName{}-1.0	155	168	32	45	1614	0.1725
\TheName{}-1.5	141	168	32	59	1610	0.175
\TheName{}-2.0	138	168	32	62	1524	0.175
\TheName{}-2.5	137	168	32	63	1654	0.1825
\TheName{}-3.0	137	167	33	63	1572	0.1775
SVM	181	174	26	19	16	0.005
LR	0	200	0	200	1	0.005
Ye-LDA	164	167	33	36	218	0.0125
DTree-10	64	189	11	136	4	0.005
DTree-20	87	182	18	113	7	0.0125
RFC-50	105	179	21	95	36	0.015
RFC-100	120	179	21	80	61	0.0175
NLSVM-0.1	200	35	165	0	14	0.125
NLSVM-1.0	67	181	19	133	12	0.115
NLSVM-10	191	139	61	9	12	0.095
LDA	135	131	69	65	412	0.1775
SDA-0.5	145	163	37	55	1500	0.1725
SDA-1.0	142	160	40	58	1467	0.17
SDA-1.5	141	160	40	59	1588	0.1975
SDA-2.0	141	160	40	59	1531	0.1775
SDA-2.5	141	160	40	59	1515	0.1775
SDA-3.0	141	160	40	59	1483	0.175
\TheName{}-0.5	190	153	47	10	1617	0.19
\TheName{}-1.0	161	169	31	39	1626	0.1725
\TheName{}-1.5	154	166	34	46	1591	0.1775
\TheName{}-2.0	150	165	35	50	1553	0.175
\TheName{}-2.5	148	164	36	52	1646	0.2075
\TheName{}-3.0	146	164	36	54	1565	0.1725
SVM	191	164	36	9	13	0.0025
LR	0	200	0	200	2	0.0025
Ye-LDA	144	165	35	56	218	0.005
DTree-10	82	157	43	118	4	0.0025
DTree-20	105	150	50	95	6	0.0025
RFC-50	99	174	26	101	9	0.0075
RFC-100	101	169	31	99	51	0.02
NLSVM-0.1	199	29	171	1	13	0.1075
NLSVM-1.0	195	91	109	5	12	0.0925
NLSVM-10	198	113	87	2	11	0.09
LDA	140	151	49	60	413	0.18
SDA-0.5	148	181	19	52	1530	0.1875
SDA-1.0	147	180	20	53	1485	0.175
SDA-1.5	146	180	20	54	1549	0.2025
SDA-2.0	145	180	20	55	1502	0.18
SDA-2.5	145	180	20	55	1513	0.1725
SDA-3.0	144	181	19	56	1521	0.17
\TheName{}-0.5	174	137	63	26	1563	0.1725
\TheName{}-1.0	173	184	16	27	1635	0.175
\TheName{}-1.5	156	185	15	44	1570	0.175
\TheName{}-2.0	155	184	16	45	1670	0.175
\TheName{}-2.5	153	183	17	47	1568	0.1775
\TheName{}-3.0	152	183	17	48	1606	0.1775
SVM	178	172	28	22	16	0.01
LR	0	200	0	200	1	0.015
Ye-LDA	153	181	19	47	224	0.0125
DTree-10	39	192	8	161	4	0.005
DTree-20	79	186	14	121	7	0.0125
RFC-50	87	198	2	113	13	0.015
RFC-100	94	194	6	106	68	0.0175
NLSVM-0.1	200	36	164	0	14	0.1325
NLSVM-1.0	198	76	124	2	11	0.0925
NLSVM-10	200	102	98	0	17	0.08
LDA	114	135	65	86	415	0.1775
SDA-0.5	179	169	31	21	1514	0.17
SDA-1.0	174	169	31	26	1509	0.1725
SDA-1.5	174	167	33	26	1513	0.1725
SDA-2.0	174	166	34	26	1483	0.1725
SDA-2.5	173	166	34	27	1539	0.18
SDA-3.0	173	166	34	27	1541	0.1725
\TheName{}-0.5	184	149	51	16	1582	0.17
\TheName{}-1.0	188	162	38	12	1571	0.185
\TheName{}-1.5	190	167	33	10	1615	0.175
\TheName{}-2.0	187	168	32	13	1663	0.18
\TheName{}-2.5	183	169	31	17	1642	0.1725
\TheName{}-3.0	182	168	32	18	1607	0.17
SVM	178	171	29	22	17	0.005
LR	0	200	0	200	1	0.0025
Ye-LDA	172	153	47	28	251	0.085
DTree-10	36	185	15	164	4	0.0125
DTree-20	66	169	31	134	6	0.0125
RFC-50	93	179	21	107	10	0.0175
RFC-100	101	180	20	99	18	0.0275
NLSVM-0.1	199	30	170	1	14	0.115
NLSVM-1.0	196	85	115	4	11	0.0975
NLSVM-10	200	21	179	0	10	0.075
LDA	123	126	74	77	491	0.1925
SDA-0.5	124	175	25	76	1564	0.175
SDA-1.0	122	174	26	78	1510	0.175
SDA-1.5	118	174	26	82	1484	0.1725
SDA-2.0	117	174	26	83	1512	0.18
SDA-2.5	116	174	26	84	1508	0.17
SDA-3.0	116	174	26	84	1525	0.175
\TheName{}-0.5	170	178	22	30	1599	0.1725
\TheName{}-1.0	137	176	24	63	1609	0.175
\TheName{}-1.5	130	175	25	70	1600	0.1725
\TheName{}-2.0	126	174	26	74	1591	0.1725
\TheName{}-2.5	125	174	26	75	1603	0.17
\TheName{}-3.0	124	174	26	76	1612	0.175
SVM	169	170	30	31	15	0.0125
LR	200	0	200	0	5	0.015
Ye-LDA	163	162	38	37	221	0.0075
DTree-10	80	177	23	120	5	0.0125
DTree-20	110	170	30	90	6	0.015
RFC-50	88	175	25	112	27	0.0275
RFC-100	79	182	18	121	54	0.0225
NLSVM-0.1	199	24	176	1	18	0.11
NLSVM-1.0	183	93	107	17	11	0.09
NLSVM-10	85	188	12	115	10	0.0775
LDA	137	145	55	63	445	0.19
SDA-0.5	145	185	15	55	1500	0.17
SDA-1.0	142	182	18	58	1477	0.18
SDA-1.5	141	182	18	59	1511	0.1725
SDA-2.0	141	182	18	59	1546	0.1775
SDA-2.5	141	182	18	59	1519	0.215
SDA-3.0	141	182	18	59	1467	0.1825
\TheName{}-0.5	176	161	39	24	1614	0.17
\TheName{}-1.0	156	188	12	44	1565	0.175
\TheName{}-1.5	152	188	12	48	1646	0.1975
\TheName{}-2.0	147	185	15	53	1566	0.2075
\TheName{}-2.5	145	185	15	55	1619	0.1925
\TheName{}-3.0	145	185	15	55	1575	0.215
SVM	171	175	25	29	24	0.005
LR	0	200	0	200	1	0.0075
Ye-LDA	133	188	12	67	230	0.0175
DTree-10	85	185	15	115	5	0.015
DTree-20	105	183	17	95	7	0.0175
RFC-50	108	174	26	92	8	0.025
RFC-100	108	172	28	92	66	0.015
NLSVM-0.1	199	42	158	1	16	0.1025
NLSVM-1.0	197	81	119	3	12	0.0825
NLSVM-10	94	193	7	106	10	0.115
LDA	130	126	74	70	446	0.215
SDA-0.5	167	175	25	33	1535	0.18
SDA-1.0	166	175	25	34	1525	0.2575
SDA-1.5	166	175	25	34	1505	0.18
SDA-2.0	166	174	26	34	1536	0.2025
SDA-2.5	166	174	26	34	1534	0.175
SDA-3.0	166	174	26	34	1500	0.17
\TheName{}-0.5	187	172	28	13	1632	0.1875
\TheName{}-1.0	178	175	25	22	1579	0.175
\TheName{}-1.5	175	176	24	25	1600	0.185
\TheName{}-2.0	171	176	24	29	1579	0.1725
\TheName{}-2.5	170	175	25	30	1629	0.2075
\TheName{}-3.0	169	175	25	31	1548	0.175
SVM	160	171	29	40	19	0.01
LR	0	200	0	200	1	0.0075
Ye-LDA	164	174	26	36	222	0.0125
DTree-10	97	160	40	103	7	0.0125
DTree-20	118	153	47	82	10	0.01
RFC-50	124	163	37	76	11	0.02
RFC-100	123	158	42	77	66	0.03
NLSVM-0.1	200	23	177	0	16	0.105
NLSVM-1.0	200	60	140	0	13	0.0875
NLSVM-10	163	181	19	37	12	0.1025
LDA	107	142	58	93	426	0.195
SDA-0.5	141	174	26	59	1506	0.1875
SDA-1.0	141	174	26	59	1561	0.1775
SDA-1.5	140	174	26	60	1532	0.175
SDA-2.0	141	174	26	59	1500	0.175
SDA-2.5	141	174	26	59	1493	0.17
SDA-3.0	141	174	26	59	1530	0.175
\TheName{}-0.5	173	162	38	27	1621	0.1725
\TheName{}-1.0	151	173	27	49	1602	0.1725
\TheName{}-1.5	143	174	26	57	1588	0.18
\TheName{}-2.0	142	174	26	58	1612	0.1725
\TheName{}-2.5	142	175	25	58	1625	0.185
\TheName{}-3.0	142	175	25	58	1671	0.1825
SVM	166	177	23	34	14	0.005
LR	0	200	0	200	2	0.0025
Ye-LDA	153	180	20	47	222	0.0075
DTree-10	61	187	13	139	3	0.005
DTree-20	88	180	20	112	5	0.005
RFC-50	92	173	27	108	9	0.0075
RFC-100	90	173	27	110	49	0.02
NLSVM-0.1	198	34	166	2	14	0.1075
NLSVM-1.0	189	78	122	11	28	0.1
NLSVM-10	129	183	17	71	10	0.095
LDA	144	138	62	56	422	0.245
SDA-0.5	135	180	20	65	1526	0.1875
SDA-1.0	134	180	20	66	1485	0.18
SDA-1.5	134	180	20	66	1554	0.1725
SDA-2.0	134	180	20	66	1542	0.185
SDA-2.5	134	180	20	66	1517	0.2275
SDA-3.0	134	180	20	66	1626	0.175
\TheName{}-0.5	171	130	70	29	1548	0.1725
\TheName{}-1.0	162	183	17	38	1655	0.175
\TheName{}-1.5	148	184	16	52	1606	0.1725
\TheName{}-2.0	141	185	15	59	1636	0.1775
\TheName{}-2.5	139	182	18	61	1602	0.17
\TheName{}-3.0	139	181	19	61	1589	0.175
SVM	178	168	32	22	13	0.005
LR	0	200	0	200	1	0.005
Ye-LDA	152	171	29	48	226	0.02
DTree-10	187	89	111	13	13	0.0125
DTree-20	88	184	16	112	7	0.0025
RFC-50	94	182	18	106	35	0.0075
RFC-100	93	187	13	107	74	0.03
NLSVM-0.1	199	27	173	1	14	0.12
NLSVM-1.0	189	92	108	11	11	0.0975
NLSVM-10	104	193	7	96	10	0.08
LDA	124	134	66	76	430	0.185
SDA-0.5	158	173	27	42	1456	0.1775
SDA-1.0	153	173	27	47	1541	0.1825
SDA-1.5	153	173	27	47	1505	0.18
SDA-2.0	152	173	27	48	1514	0.185
SDA-2.5	152	173	27	48	1545	0.18
SDA-3.0	152	173	27	48	1526	0.175
\TheName{}-0.5	183	170	30	17	1603	0.1725
\TheName{}-1.0	170	174	26	30	1869	0.205
\TheName{}-1.5	164	174	26	36	1672	0.1725
\TheName{}-2.0	162	174	26	38	1614	0.1775
\TheName{}-2.5	159	173	27	41	1560	0.175
\TheName{}-3.0	157	173	27	43	1564	0.175
SVM	173	169	31	27	18	0.0075
LR	0	200	0	200	1	0.005
Ye-LDA	160	178	22	40	219	0.005
DTree-10	78	192	8	122	4	0.005
DTree-20	97	178	22	103	5	0.005
RFC-50	98	178	22	102	10	0.0075
RFC-100	107	171	29	93	18	0.0225
NLSVM-0.1	200	33	167	0	13	0.11
NLSVM-1.0	188	74	126	12	11	0.095
NLSVM-10	196	127	73	4	11	0.075
LDA	121	145	55	79	464	0.1925
SDA-0.5	160	168	32	40	1550	0.1775
SDA-1.0	158	168	32	42	1459	0.195
SDA-1.5	157	168	32	43	1433	0.1825
SDA-2.0	155	168	32	45	1570	0.175
SDA-2.5	155	168	32	45	1460	0.1825
SDA-3.0	155	168	32	45	1538	0.1725
\TheName{}-0.5	189	167	33	11	1549	0.1825
\TheName{}-1.0	169	169	31	31	1560	0.175
\TheName{}-1.5	164	169	31	36	1571	0.175
\TheName{}-2.0	162	168	32	38	1552	0.175
\TheName{}-2.5	161	169	31	39	1585	0.175
\TheName{}-3.0	161	168	32	39	1578	0.175
SVM	191	163	37	9	18	0.005
LR	0	200	0	200	1	0.0025
Ye-LDA	170	161	39	30	228	0.0075
DTree-10	191	67	133	9	3	0.015
DTree-20	125	168	32	75	6	0.0125
RFC-50	95	181	19	105	32	0.0225
RFC-100	101	183	17	99	25	0.035
NLSVM-0.1	3	200	0	197	13	0.11
NLSVM-1.0	198	66	134	2	11	0.0825
NLSVM-10	120	188	12	80	14	0.0975
LDA	129	139	61	71	415	0.2675
SDA-0.5	130	171	29	70	1553	0.1775
SDA-1.0	127	171	29	73	1519	0.1725
SDA-1.5	127	171	29	73	1534	0.175
SDA-2.0	126	170	30	74	1549	0.1775
SDA-2.5	126	170	30	74	1487	0.2125
SDA-3.0	126	171	29	74	1486	0.1725
\TheName{}-0.5	171	133	67	29	1600	0.2025
\TheName{}-1.0	153	179	21	47	1600	0.1725
\TheName{}-1.5	144	175	25	56	1620	0.1825
\TheName{}-2.0	138	172	28	62	1534	0.1775
\TheName{}-2.5	131	171	29	69	1619	0.175
\TheName{}-3.0	129	171	29	71	1588	0.1875
SVM	164	180	20	36	22	0.005
LR	0	200	0	200	1	0.0075
Ye-LDA	141	179	21	59	222	0.015
DTree-10	194	79	121	6	3	0.0125
DTree-20	91	177	23	109	7	0.01
RFC-50	86	175	25	114	9	0.01
RFC-100	82	179	21	118	52	0.015
NLSVM-0.1	200	26	174	0	14	0.11
NLSVM-1.0	193	95	105	7	11	0.095
NLSVM-10	183	153	47	17	10	0.0925
LDA	112	141	59	88	424	0.1875
SDA-0.5	148	180	20	52	1507	0.1725
SDA-1.0	148	180	20	52	1506	0.175
SDA-1.5	147	180	20	53	1557	0.185
SDA-2.0	146	180	20	54	1498	0.1825
SDA-2.5	146	180	20	54	1542	0.1775
SDA-3.0	146	180	20	54	1505	0.19
\TheName{}-0.5	173	145	55	27	1576	0.1725
\TheName{}-1.0	167	182	18	33	1567	0.1775
\TheName{}-1.5	162	182	18	38	1646	0.175
\TheName{}-2.0	155	182	18	45	1542	0.17
\TheName{}-2.5	151	181	19	49	1619	0.2425
\TheName{}-3.0	149	181	19	51	1592	0.1725
SVM	166	171	29	34	39	0.0075
LR	0	200	0	200	1	0.005
Ye-LDA	152	177	23	48	220	0.015
DTree-10	69	190	10	131	4	0.015
DTree-20	100	186	14	100	6	0.0125
RFC-50	112	188	12	88	9	0.0125
RFC-100	105	192	8	95	56	0.025
NLSVM-0.1	131	162	38	69	14	0.1125
NLSVM-1.0	193	116	84	7	13	0.09
NLSVM-10	94	194	6	106	13	0.105
LDA	136	144	56	64	419	0.1775
SDA-0.5	154	177	23	46	1495	0.175
SDA-1.0	154	176	24	46	1519	0.1725
SDA-1.5	154	175	25	46	1468	0.17
SDA-2.0	154	175	25	46	1631	0.1725
SDA-2.5	154	175	25	46	1496	0.1725
SDA-3.0	154	175	25	46	1529	0.1775
\TheName{}-0.5	183	149	51	17	1564	0.17
\TheName{}-1.0	179	178	22	21	1626	0.175
\TheName{}-1.5	169	179	21	31	1581	0.18
\TheName{}-2.0	166	177	23	34	1595	0.175
\TheName{}-2.5	162	178	22	38	1622	0.1825
\TheName{}-3.0	158	178	22	42	1634	0.175
SVM	174	165	35	26	16	0.0075
LR	0	200	0	200	1	0.0025
Ye-LDA	164	172	28	36	219	0.005
DTree-10	53	184	16	147	3	0.005
DTree-20	88	176	24	112	6	0.005
RFC-50	91	172	28	109	24	0.0075
RFC-100	89	177	23	111	56	0.0125
NLSVM-0.1	200	38	162	0	14	0.1075
NLSVM-1.0	200	73	127	0	11	0.09
NLSVM-10	135	191	9	65	10	0.085
LDA	140	133	67	60	427	0.1925
SDA-0.5	176	164	36	24	1541	0.1775
SDA-1.0	175	164	36	25	1523	0.1725
SDA-1.5	172	164	36	28	1473	0.17
SDA-2.0	172	164	36	28	1541	0.18
SDA-2.5	172	164	36	28	1469	0.1725
SDA-3.0	172	164	36	28	1553	0.1825
\TheName{}-0.5	184	146	54	16	1568	0.1725
\TheName{}-1.0	182	159	41	18	1630	0.175
\TheName{}-1.5	179	162	38	21	1549	0.17
\TheName{}-2.0	178	162	38	22	1654	0.18
\TheName{}-2.5	176	162	38	24	1598	0.175
\TheName{}-3.0	176	162	38	24	1604	0.1725
SVM	176	156	44	24	21	0.005
LR	0	200	0	200	1	0.0025
Ye-LDA	172	151	49	28	215	0.0025
DTree-10	189	68	132	11	4	0.0025
DTree-20	178	79	121	22	6	0.005
RFC-50	77	185	15	123	32	0.0075
RFC-100	82	184	16	118	62	0.025
NLSVM-0.1	2	200	0	198	14	0.105
NLSVM-1.0	19	190	10	181	11	0.085
NLSVM-10	187	138	62	13	11	0.085
LDA	140	149	51	60	435	0.1925
SDA-0.5	141	185	15	59	1488	0.1725
SDA-1.0	140	185	15	60	1489	0.1725
SDA-1.5	139	185	15	61	1471	0.1725
SDA-2.0	138	185	15	62	1552	0.175
SDA-2.5	138	185	15	62	1449	0.175
SDA-3.0	138	185	15	62	1513	0.2125
\TheName{}-0.5	171	144	56	29	1595	0.1725
\TheName{}-1.0	166	180	20	34	1586	0.1725
\TheName{}-1.5	151	185	15	49	1549	0.17
\TheName{}-2.0	149	186	14	51	1665	0.1775
\TheName{}-2.5	144	186	14	56	1563	0.1725
\TheName{}-3.0	143	186	14	57	1612	0.1775
SVM	177	161	39	23	14	0.0175
LR	0	200	0	200	1	0.015
Ye-LDA	146	171	29	54	214	0.0175
DTree-10	51	186	14	149	3	0.0125
DTree-20	91	180	20	109	6	0.015
RFC-50	97	183	17	103	31	0.01
RFC-100	98	180	20	102	64	0.0325
NLSVM-0.1	3	200	0	197	13	0.1075
NLSVM-1.0	191	117	83	9	11	0.08
NLSVM-10	135	190	10	65	11	0.0775
LDA	142	141	59	58	410	0.1725
SDA-0.5	142	166	34	58	1440	0.2
SDA-1.0	141	166	34	59	1564	0.1775
SDA-1.5	139	166	34	61	1446	0.185
SDA-2.0	138	166	34	62	1448	0.1725
SDA-2.5	138	166	34	62	1473	0.1775
SDA-3.0	138	166	34	62	1449	0.175
\TheName{}-0.5	190	163	37	10	1617	0.175
\TheName{}-1.0	161	167	33	39	1539	0.1725
\TheName{}-1.5	152	166	34	48	1527	0.1975
\TheName{}-2.0	147	166	34	53	1561	0.1725
\TheName{}-2.5	146	165	35	54	1573	0.1775
\TheName{}-3.0	146	166	34	54	1498	0.175
SVM	187	157	43	13	21	0.005
LR	0	200	0	200	1	0.005
Ye-LDA	170	157	43	30	220	0.0075
DTree-10	88	170	30	112	4	0.0025
DTree-20	121	162	38	79	6	0.005
RFC-50	87	178	22	113	29	0.0075
RFC-100	90	178	22	110	19	0.02
NLSVM-0.1	200	27	173	0	14	0.1175
NLSVM-1.0	183	81	119	17	11	0.09
NLSVM-10	195	134	66	5	10	0.085
LDA	105	123	77	95	426	0.1675
SDA-0.5	120	181	19	80	1529	0.1875
SDA-1.0	118	181	19	82	1504	0.175
SDA-1.5	117	181	19	83	1586	0.175
SDA-2.0	117	181	19	83	1484	0.175
SDA-2.5	116	180	20	84	1616	0.18
SDA-3.0	116	180	20	84	1484	0.175
\TheName{}-0.5	173	152	48	27	1642	0.1925
\TheName{}-1.0	143	183	17	57	1605	0.1775
\TheName{}-1.5	128	183	17	72	1657	0.1875
\TheName{}-2.0	124	184	16	76	1633	0.1825
\TheName{}-2.5	122	184	16	78	1591	0.1925
\TheName{}-3.0	121	184	16	79	1615	0.1825
SVM	148	172	28	52	21	0.0125
LR	0	200	0	200	1	0.005
Ye-LDA	133	177	23	67	224	0.015
DTree-10	67	187	13	133	4	0.0125
DTree-20	92	180	20	108	6	0.0125
RFC-50	81	187	13	119	28	0.0125
RFC-100	79	187	13	121	26	0.02
NLSVM-0.1	199	28	172	1	14	0.1075
NLSVM-1.0	185	77	123	15	11	0.085
NLSVM-10	175	160	40	25	11	0.09
LDA	150	133	67	50	426	0.1775
SDA-0.5	150	178	22	50	1527	0.175
SDA-1.0	149	176	24	51	1538	0.1825
SDA-1.5	148	176	24	52	1513	0.1775
SDA-2.0	147	176	24	53	1536	0.1775
SDA-2.5	147	175	25	53	1538	0.1725
SDA-3.0	147	175	25	53	1467	0.1775
\TheName{}-0.5	178	143	57	22	1648	0.175
\TheName{}-1.0	175	159	41	25	1567	0.1725
\TheName{}-1.5	167	170	30	33	1680	0.175
\TheName{}-2.0	160	172	28	40	1537	0.1725
\TheName{}-2.5	157	172	28	43	1632	0.18
\TheName{}-3.0	155	173	27	45	1636	0.1825
SVM	173	167	33	27	16	0.005
LR	0	200	0	200	1	0.005
Ye-LDA	165	165	35	35	219	0.0125
DTree-10	167	101	99	33	4	0.0125
DTree-20	167	106	94	33	7	0.01
RFC-50	74	189	11	126	26	0.0125
RFC-100	93	187	13	107	73	0.0175
NLSVM-0.1	198	22	178	2	24	0.1125
NLSVM-1.0	197	63	137	3	11	0.0975
NLSVM-10	196	72	128	4	10	0.0825
LDA	122	138	62	78	461	0.185
SDA-0.5	160	175	25	40	1532	0.2075
SDA-1.0	160	175	25	40	1506	0.1775
SDA-1.5	160	175	25	40	1474	0.23
SDA-2.0	160	175	25	40	1545	0.175
SDA-2.5	160	175	25	40	1512	0.19
SDA-3.0	160	175	25	40	1560	0.175
\TheName{}-0.5	184	149	51	16	1575	0.18
\TheName{}-1.0	177	171	29	23	1561	0.175
\TheName{}-1.5	166	170	30	34	1606	0.18
\TheName{}-2.0	162	173	27	38	1577	0.1725
\TheName{}-2.5	161	173	27	39	1603	0.175
\TheName{}-3.0	161	173	27	39	1608	0.1775
SVM	177	172	28	23	18	0.0025
LR	0	200	0	200	2	0.0025
Ye-LDA	164	168	32	36	219	0.005
DTree-10	189	48	152	11	3	0.005
DTree-20	109	162	38	91	6	0.005
RFC-50	102	181	19	98	30	0.0075
RFC-100	90	181	19	110	18	0.02
NLSVM-0.1	200	27	173	0	14	0.1125
NLSVM-1.0	196	79	121	4	15	0.1
NLSVM-10	189	150	50	11	11	0.0825
LDA	126	130	70	74	462	0.185
SDA-0.5	146	179	21	54	1500	0.175
SDA-1.0	145	179	21	55	1603	0.175
SDA-1.5	143	179	21	57	1542	0.1725
SDA-2.0	142	179	21	58	1547	0.175
SDA-2.5	142	178	22	58	1517	0.1725
SDA-3.0	142	178	22	58	1575	0.1725
\TheName{}-0.5	183	144	56	17	1574	0.1825
\TheName{}-1.0	179	180	20	21	1587	0.175
\TheName{}-1.5	161	181	19	39	1584	0.18
\TheName{}-2.0	158	181	19	42	1637	0.175
\TheName{}-2.5	153	182	18	47	1561	0.1725
\TheName{}-3.0	149	181	19	51	1625	0.18
SVM	177	175	25	23	17	0.005
LR	0	200	0	200	1	0.005
Ye-LDA	158	178	22	42	219	0.005
DTree-10	186	108	92	14	4	0.005
DTree-20	90	186	14	110	6	0.005
RFC-50	80	181	19	120	8	0.01
RFC-100	88	179	21	112	59	0.0275
NLSVM-0.1	199	28	172	1	14	0.125
NLSVM-1.0	195	78	122	5	11	0.085
NLSVM-10	184	175	25	16	11	0.0825
LDA	129	119	81	71	424	0.1875
SDA-0.5	123	177	23	77	1472	0.17
SDA-1.0	118	176	24	82	1458	0.18
SDA-1.5	117	175	25	83	1442	0.18
SDA-2.0	116	175	25	84	1565	0.175
SDA-2.5	116	175	25	84	1487	0.175
SDA-3.0	116	175	25	84	1459	0.1775
\TheName{}-0.5	164	137	63	36	1569	0.1775
\TheName{}-1.0	145	178	22	55	1552	0.1675
\TheName{}-1.5	131	180	20	69	1631	0.175
\TheName{}-2.0	128	178	22	72	1570	0.17
\TheName{}-2.5	127	178	22	73	1550	0.175
\TheName{}-3.0	124	178	22	76	1517	0.17
SVM	172	180	20	28	13	0.0025
LR	0	200	0	200	1	0.005
Ye-LDA	148	177	23	52	223	0.0125
DTree-10	79	176	24	121	4	0.0125
DTree-20	108	169	31	92	7	0.015
RFC-50	100	163	37	100	8	0.015
RFC-100	95	164	36	105	64	0.0225
NLSVM-0.1	200	20	180	0	23	0.13
NLSVM-1.0	175	96	104	25	13	0.1075
NLSVM-10	81	191	9	119	10	0.09
LDA	119	144	56	81	413	0.2075
SDA-0.5	140	180	20	60	1486	0.175
SDA-1.0	139	180	20	61	1453	0.175
SDA-1.5	139	179	21	61	1506	0.1725
SDA-2.0	138	179	21	62	1478	0.1775
SDA-2.5	137	179	21	63	1604	0.1775
SDA-3.0	137	179	21	63	1474	0.1775
\TheName{}-0.5	175	176	24	25	1569	0.1725
\TheName{}-1.0	154	185	15	46	1610	0.1775
\TheName{}-1.5	148	183	17	52	1612	0.175
\TheName{}-2.0	145	181	19	55	1568	0.17
\TheName{}-2.5	144	180	20	56	1596	0.1775
\TheName{}-3.0	142	180	20	58	1555	0.17
SVM	161	179	21	39	15	0.005
LR	0	200	0	200	1	0.0025
Ye-LDA	136	180	20	64	217	0.005
DTree-10	106	168	32	94	4	0.0025
DTree-20	105	169	31	95	6	0.0025
RFC-50	101	166	34	99	31	0.005
RFC-100	97	174	26	103	55	0.0225
NLSVM-0.1	1	200	0	199	14	0.11
NLSVM-1.0	183	91	109	17	13	0.1025
NLSVM-10	75	196	4	125	11	0.08
LDA	112	138	62	88	413	0.18
SDA-0.5	113	171	29	87	1535	0.175
SDA-1.0	111	172	28	89	1480	0.175
SDA-1.5	110	172	28	90	1508	0.18
SDA-2.0	110	171	29	90	1489	0.19
SDA-2.5	110	171	29	90	1501	0.1725
SDA-3.0	110	171	29	90	1505	0.1725
\TheName{}-0.5	144	108	92	56	1553	0.175
\TheName{}-1.0	148	184	16	52	1578	0.1725
\TheName{}-1.5	127	180	20	73	1554	0.1725
\TheName{}-2.0	120	177	23	80	1548	0.1825
\TheName{}-2.5	119	176	24	81	1516	0.17
\TheName{}-3.0	117	174	26	83	1616	0.1825
SVM	177	168	32	23	14	0.005
LR	0	200	0	200	2	0.0025
Ye-LDA	135	173	27	65	220	0.0175
DTree-10	89	174	26	111	4	0.0125
DTree-20	122	172	28	78	6	0.005
RFC-50	90	176	24	110	22	0.0125
RFC-100	85	174	26	115	49	0.0175
NLSVM-0.1	198	29	171	2	14	0.1125
NLSVM-1.0	184	106	94	16	11	0.0925
NLSVM-10	163	157	43	37	12	0.08
LDA	134	139	61	66	425	0.1925
SDA-0.5	152	175	25	48	1483	0.17
SDA-1.0	152	175	25	48	1525	0.175
SDA-1.5	150	175	25	50	1521	0.17
SDA-2.0	149	175	25	51	1540	0.185
SDA-2.5	149	175	25	51	1498	0.1775
SDA-3.0	149	175	25	51	1539	0.1925
\TheName{}-0.5	183	173	27	17	1634	0.175
\TheName{}-1.0	168	177	23	32	1662	0.1825
\TheName{}-1.5	160	175	25	40	1631	0.1775
\TheName{}-2.0	156	175	25	44	1714	0.17
\TheName{}-2.5	153	176	24	47	1660	0.175
\TheName{}-3.0	151	175	25	49	1603	0.175
SVM	179	164	36	21	20	0.005
LR	0	200	0	200	1	0.005
Ye-LDA	153	173	27	47	222	0.015
DTree-10	64	189	11	136	3	0.005
DTree-20	87	182	18	113	6	0.005
RFC-50	88	181	19	112	27	0.0075
RFC-100	91	181	19	109	56	0.0225
NLSVM-0.1	1	200	0	199	14	0.1075
NLSVM-1.0	30	194	6	170	11	0.1075
NLSVM-10	126	191	9	74	11	0.085
LDA	138	146	54	62	419	0.245
SDA-0.5	118	173	27	82	1512	0.1725
SDA-1.0	117	173	27	83	1518	0.1775
SDA-1.5	117	173	27	83	1592	0.1775
SDA-2.0	117	173	27	83	1476	0.1825
SDA-2.5	117	173	27	83	1502	0.1725
SDA-3.0	117	173	27	83	1550	0.1775
\TheName{}-0.5	184	163	37	16	1558	0.1775
\TheName{}-1.0	151	177	23	49	1636	0.175
\TheName{}-1.5	135	175	25	65	1564	0.17
\TheName{}-2.0	127	175	25	73	1677	0.1725
\TheName{}-2.5	124	173	27	76	1602	0.18
\TheName{}-3.0	122	173	27	78	1581	0.1775
SVM	178	166	34	22	14	0.005
LR	0	200	0	200	1	0.005
Ye-LDA	135	179	21	65	215	0.005
DTree-10	69	178	22	131	4	0.0025
DTree-20	75	175	25	125	6	0.005
RFC-50	91	153	47	109	28	0.0075
RFC-100	91	158	42	109	17	0.02
NLSVM-0.1	200	31	169	0	13	0.1125
NLSVM-1.0	183	97	103	17	12	0.085
NLSVM-10	65	192	8	135	11	0.0875
LDA	112	113	87	88	457	0.185
SDA-0.5	119	171	29	81	1496	0.175
SDA-1.0	116	170	30	84	1469	0.175
SDA-1.5	116	170	30	84	1500	0.1725
SDA-2.0	116	170	30	84	1492	0.175
SDA-2.5	116	170	30	84	1464	0.1825
SDA-3.0	115	170	30	85	1538	0.1825
\TheName{}-0.5	152	106	94	48	1536	0.1725
\TheName{}-1.0	167	177	23	33	1635	0.1775
\TheName{}-1.5	145	174	26	55	1574	0.1775
\TheName{}-2.0	132	172	28	68	1583	0.18
\TheName{}-2.5	128	170	30	72	1531	0.175
\TheName{}-3.0	124	170	30	76	1589	0.18
SVM	175	164	36	25	15	0.0075
LR	0	200	0	200	1	0.0025
Ye-LDA	148	166	34	52	219	0.0075
DTree-10	70	181	19	130	3	0.005
DTree-20	104	174	26	96	6	0.0025
RFC-50	91	173	27	109	24	0.0075
RFC-100	94	174	26	106	47	0.02
NLSVM-0.1	199	32	168	1	14	0.11
NLSVM-1.0	190	76	124	10	11	0.085
NLSVM-10	88	191	9	112	10	0.08
LDA	122	127	73	78	433	0.1875
SDA-0.5	153	170	30	47	1486	0.1725
SDA-1.0	150	170	30	50	1554	0.1725
SDA-1.5	150	170	30	50	1496	0.1725
SDA-2.0	149	170	30	51	1510	0.18
SDA-2.5	149	170	30	51	1537	0.175
SDA-3.0	149	170	30	51	1564	0.175
\TheName{}-0.5	184	145	55	16	1615	0.1725
\TheName{}-1.0	169	171	29	31	1642	0.1775
\TheName{}-1.5	159	172	28	41	1591	0.175
\TheName{}-2.0	157	172	28	43	1676	0.1875
\TheName{}-2.5	157	170	30	43	1633	0.1725
\TheName{}-3.0	156	170	30	44	1615	0.1775
SVM	171	172	28	29	18	0.0025
LR	0	200	0	200	1	0.0025
Ye-LDA	162	172	28	38	222	0.005
DTree-10	82	182	18	118	3	0.005
DTree-20	110	175	25	90	5	0.005
RFC-50	80	182	18	120	8	0.0075
RFC-100	89	187	13	111	69	0.0325
NLSVM-0.1	200	38	162	0	14	0.11
NLSVM-1.0	194	85	115	6	12	0.085
NLSVM-10	117	195	5	83	11	0.09
LDA	138	127	73	62	422	0.185
SDA-0.5	140	176	24	60	1542	0.1775
SDA-1.0	141	175	25	59	1469	0.1775
SDA-1.5	139	175	25	61	1454	0.1725
SDA-2.0	138	175	25	62	1537	0.175
SDA-2.5	138	175	25	62	1515	0.175
SDA-3.0	138	175	25	62	1492	0.19
\TheName{}-0.5	176	184	16	24	1578	0.1725
\TheName{}-1.0	150	182	18	50	1633	0.1775
\TheName{}-1.5	145	178	22	55	1536	0.1775
\TheName{}-2.0	143	176	24	57	1619	0.175
\TheName{}-2.5	141	175	25	59	1528	0.1775
\TheName{}-3.0	141	175	25	59	1659	0.1725
SVM	176	165	35	24	15	0.015
LR	0	200	0	200	1	0.005
Ye-LDA	138	181	19	62	231	0.0125
DTree-10	89	181	19	111	4	0.0125
DTree-20	114	157	43	86	6	0.015
RFC-50	83	179	21	117	28	0.0175
RFC-100	76	184	16	124	57	0.03
NLSVM-0.1	200	24	176	0	16	0.1225
NLSVM-1.0	196	81	119	4	11	0.0975
NLSVM-10	61	198	2	139	10	0.0925
LDA	106	122	78	94	589	0.19
SDA-0.5	166	172	28	34	1442	0.165
SDA-1.0	166	172	28	34	1546	0.18
SDA-1.5	163	172	28	37	1475	0.1725
SDA-2.0	163	172	28	37	1519	0.175
SDA-2.5	163	172	28	37	1432	0.1725
SDA-3.0	163	172	28	37	1461	0.1675
\TheName{}-0.5	189	176	24	11	1565	0.1775
\TheName{}-1.0	178	173	27	22	1485	0.17
\TheName{}-1.5	171	171	29	29	1576	0.1725
\TheName{}-2.0	170	172	28	30	1517	0.175
\TheName{}-2.5	169	173	27	31	1587	0.175
\TheName{}-3.0	167	173	27	33	1460	0.1825
SVM	190	172	28	10	17	0.005
LR	0	200	0	200	1	0.005
Ye-LDA	180	172	28	20	220	0.0125
DTree-10	51	189	11	149	4	0.01
DTree-20	87	178	22	113	6	0.015
RFC-50	127	172	28	73	31	0.0175
RFC-100	123	168	32	77	86	0.0275
NLSVM-0.1	2	198	2	198	17	0.1525
NLSVM-1.0	198	75	125	2	14	0.115
NLSVM-10	163	180	20	37	11	0.1025
LDA	137	127	73	63	412	0.1825
SDA-0.5	159	171	29	41	1519	0.1725
SDA-1.0	159	171	29	41	1476	0.175
SDA-1.5	157	171	29	43	1581	0.185
SDA-2.0	157	171	29	43	1511	0.1725
SDA-2.5	157	171	29	43	1576	0.175
SDA-3.0	157	171	29	43	1507	0.175
\TheName{}-0.5	181	159	41	19	1646	0.225
\TheName{}-1.0	169	168	32	31	1574	0.17
\TheName{}-1.5	164	168	32	36	1602	0.175
\TheName{}-2.0	162	169	31	38	1601	0.1775
\TheName{}-2.5	161	170	30	39	1593	0.1725
\TheName{}-3.0	160	170	30	40	1554	0.1725
SVM	178	163	37	22	16	0.005
LR	200	0	200	0	1	0.005
Ye-LDA	180	145	55	20	208	0.0075
DTree-10	97	172	28	103	5	0.005
DTree-20	113	177	23	87	6	0.0025
RFC-50	106	169	31	94	24	0.01
RFC-100	104	174	26	96	41	0.035
NLSVM-0.1	124	151	49	76	17	0.1175
NLSVM-1.0	198	73	127	2	11	0.11
NLSVM-10	195	114	86	5	13	0.1025
LDA	121	147	53	79	414	0.175
SDA-0.5	147	167	33	53	1457	0.1825
SDA-1.0	145	168	32	55	1452	0.1725
SDA-1.5	143	167	33	57	1540	0.165
SDA-2.0	143	167	33	57	1513	0.1725
SDA-2.5	143	166	34	57	1514	0.18
SDA-3.0	143	166	34	57	1531	0.175
\TheName{}-0.5	173	143	57	27	1620	0.195
\TheName{}-1.0	164	168	32	36	1585	0.17
\TheName{}-1.5	154	172	28	46	1656	0.18
\TheName{}-2.0	152	171	29	48	1558	0.1725
\TheName{}-2.5	151	170	30	49	1614	0.17
\TheName{}-3.0	150	170	30	50	1598	0.175
SVM	174	167	33	26	23	0.0075
LR	0	200	0	200	1	0.0025
Ye-LDA	151	171	29	49	220	0.005
DTree-10	47	192	8	153	3	0.005
DTree-20	94	171	29	106	5	0.005
RFC-50	121	160	40	79	29	0.015
RFC-100	119	159	41	81	22	0.03
NLSVM-0.1	0	198	2	200	16	0.1075
NLSVM-1.0	175	93	107	25	11	0.0825
NLSVM-10	117	188	12	83	10	0.08
LDA	123	116	84	77	418	0.1725
SDA-0.5	137	180	20	63	1500	0.1675
SDA-1.0	138	177	23	62	1475	0.165
SDA-1.5	137	177	23	63	1487	0.1925
SDA-2.0	137	177	23	63	1470	0.18
SDA-2.5	137	177	23	63	1442	0.185
SDA-3.0	137	177	23	63	1564	0.1675
\TheName{}-0.5	176	175	25	24	1597	0.1725
\TheName{}-1.0	148	180	20	52	1591	0.175
\TheName{}-1.5	143	180	20	57	1538	0.1725
\TheName{}-2.0	143	180	20	57	1609	0.1725
\TheName{}-2.5	141	179	21	59	1540	0.1725
\TheName{}-3.0	141	179	21	59	1579	0.1775
SVM	180	168	32	20	17	0.005
LR	0	200	0	200	0	0.005
Ye-LDA	136	174	26	64	223	0.01
DTree-10	68	176	24	132	4	0.0125
DTree-20	82	179	21	118	6	0.0125
RFC-50	77	176	24	123	8	0.01
RFC-100	73	177	23	127	47	0.0125
NLSVM-0.1	200	22	178	0	13	0.115
NLSVM-1.0	191	69	131	9	13	0.1025
NLSVM-10	173	154	46	27	10	0.1025
LDA	150	139	61	50	421	0.19
SDA-0.5	138	169	31	62	1525	0.1775
SDA-1.0	138	169	31	62	1492	0.165
SDA-1.5	137	169	31	63	1484	0.1725
SDA-2.0	136	169	31	64	1558	0.18
SDA-2.5	136	169	31	64	1498	0.1725
SDA-3.0	136	169	31	64	1572	0.175
\TheName{}-0.5	172	114	86	28	1536	0.17
\TheName{}-1.0	176	167	33	24	1666	0.1725
\TheName{}-1.5	161	169	31	39	1621	0.1725
\TheName{}-2.0	152	170	30	48	1603	0.1875
\TheName{}-2.5	149	168	32	51	1541	0.175
\TheName{}-3.0	148	168	32	52	1607	0.175
SVM	176	162	38	24	15	0.0025
LR	0	200	0	200	1	0.005
Ye-LDA	158	163	37	42	220	0.015
DTree-10	37	192	8	163	3	0.0125
DTree-20	75	185	15	125	6	0.0125
RFC-50	67	178	22	133	7	0.0075
RFC-100	72	178	22	128	56	0.03
NLSVM-0.1	199	26	174	1	14	0.1125
NLSVM-1.0	199	72	128	1	11	0.0875
NLSVM-10	144	180	20	56	11	0.0825
LDA	140	150	50	60	421	0.1925
SDA-0.5	133	177	23	67	1502	0.17
SDA-1.0	134	178	22	66	1512	0.1625
SDA-1.5	133	178	22	67	1468	0.1725
SDA-2.0	133	178	22	67	1468	0.195
SDA-2.5	133	178	22	67	1477	0.1675
SDA-3.0	136	178	22	64	1527	0.165
\TheName{}-0.5	179	113	87	21	1608	0.18
\TheName{}-1.0	167	171	29	33	1618	0.1775
\TheName{}-1.5	149	173	27	51	1546	0.175
\TheName{}-2.0	142	175	25	58	1618	0.185
\TheName{}-2.5	140	177	23	60	1581	0.1725
\TheName{}-3.0	139	178	22	61	1593	0.1875
SVM	171	159	41	29	23	0.0075
LR	200	0	200	0	1	0.0025
Ye-LDA	179	139	61	21	223	0.015
DTree-10	60	186	14	140	3	0.0125
DTree-20	111	169	31	89	6	0.0075
RFC-50	69	184	16	131	22	0.0075
RFC-100	73	182	18	127	43	0.0175
NLSVM-0.1	200	23	177	0	14	0.105
NLSVM-1.0	197	91	109	3	11	0.0825
NLSVM-10	190	150	50	10	11	0.075
LDA	123	135	65	77	421	0.2
SDA-0.5	141	173	27	59	1475	0.175
SDA-1.0	141	173	27	59	1522	0.1775
SDA-1.5	141	172	28	59	1477	0.165
SDA-2.0	140	172	28	60	1526	0.1775
SDA-2.5	140	172	28	60	1508	0.1875
SDA-3.0	140	172	28	60	1438	0.1625
\TheName{}-0.5	188	146	54	12	1600	0.175
\TheName{}-1.0	158	176	24	42	1540	0.1725
\TheName{}-1.5	149	173	27	51	1601	0.175
\TheName{}-2.0	144	173	27	56	1558	0.1725
\TheName{}-2.5	143	175	25	57	1592	0.1825
\TheName{}-3.0	142	175	25	58	1544	0.17
SVM	171	168	32	29	18	0.0025
LR	0	200	0	200	1	0.0025
Ye-LDA	150	177	23	50	219	0.005
DTree-10	68	183	17	132	3	0.0025
DTree-20	97	176	24	103	7	0.0025
RFC-50	97	164	36	103	28	0.005
RFC-100	102	164	36	98	66	0.02
NLSVM-0.1	199	27	173	1	15	0.1325
NLSVM-1.0	189	84	116	11	13	0.115
NLSVM-10	167	157	43	33	11	0.075
