LDA	97	119	81	103	245	0.13
\TheName{}1.0	144	122	78	56	1175	0.165
\TheName{}1.5	149	122	78	51	1000	0.1025
\TheName{}2.0	149	124	76	51	964	0.0975
\TheName{}2.5	152	122	78	48	961	0.1
\TheName{}3.0	151	120	80	49	950	0.1
SDA-1.0	122	138	62	78	950	0.13
SDA-1.5	124	141	59	76	956	0.1
SDA-2.0	126	137	63	74	917	0.1
SDA-2.5	129	135	65	71	925	0.1025
SDA-3.0	133	135	65	67	914	0.1025
DTree-10	169	76	124	31	110	0.0025
DTree-20	86	126	74	114	13	0.0025
LinearSVM	116	117	83	84	38	0.0125
NLSVM-0.1	78	152	48	122	19	0.0525
NLSVM-1.0	159	55	145	41	3	0.0375
NLSVM-10	191	56	144	9	4	0.0375
LR-1	101	109	91	99	1502	0.0075
AdaBoost-100	95	159	41	105	790	0.3175
AdaBoost-200	97	154	46	103	1449	0.3625
RFC-100	43	171	29	157	101	0.025
RFC-200	40	176	24	160	95	0.04
LDA	102	100	100	98	536	0.105
\TheName{}1.0	146	110	90	54	973	0.1025
\TheName{}1.5	151	111	89	49	953	0.1025
\TheName{}2.0	156	115	85	44	945	0.1
\TheName{}2.5	157	115	85	43	945	0.1075
\TheName{}3.0	158	115	85	42	940	0.1
SDA-1.0	153	116	84	47	908	0.1025
SDA-1.5	153	117	83	47	913	0.1025
SDA-2.0	153	117	83	47	927	0.1025
SDA-2.5	157	116	84	43	925	0.1
SDA-3.0	158	116	84	42	920	0.1
DTree-10	173	95	105	27	3	0.0025
DTree-20	129	128	72	71	7	0.005
LinearSVM	127	111	89	73	40	0.0025
NLSVM-0.1	94	140	60	106	3	0.0425
NLSVM-1.0	188	35	165	12	3	0.03
NLSVM-10	182	68	132	18	2	0.03
LR-1	105	104	96	95	1373	0.005
AdaBoost-100	114	147	53	86	2180	0.1625
AdaBoost-200	122	144	56	78	4379	0.3475
RFC-100	60	175	25	140	80	0.025
RFC-200	38	188	12	162	79	0.04
LDA	115	117	83	85	169	0.105
\TheName{}1.0	154	96	104	46	950	0.105
\TheName{}1.5	156	97	103	44	960	0.1025
\TheName{}2.0	156	100	100	44	949	0.1
\TheName{}2.5	157	106	94	43	951	0.1025
\TheName{}3.0	158	109	91	42	950	0.1
SDA-1.0	158	103	97	42	910	0.1025
SDA-1.5	162	105	95	38	920	0.1
SDA-2.0	163	103	97	37	913	0.1
SDA-2.5	164	105	95	36	918	0.1075
SDA-3.0	163	105	95	37	906	0.1025
DTree-10	152	123	77	48	3	0.0025
DTree-20	101	147	53	99	5	0.0025
LinearSVM	118	127	73	82	10	0.0025
NLSVM-0.1	108	117	83	92	3	0.0425
NLSVM-1.0	55	155	45	145	2	0.03
NLSVM-10	177	83	117	23	2	0.035
LR-1	109	128	72	91	599	0.0075
AdaBoost-100	68	172	28	132	853	0.1625
AdaBoost-200	68	172	28	132	1804	0.3525
RFC-100	139	125	75	61	18	0.0275
RFC-200	111	149	51	89	73	0.0425
LDA	125	102	98	75	105	0.1025
\TheName{}1.0	157	114	86	43	974	0.1025
\TheName{}1.5	153	114	86	47	940	0.1025
\TheName{}2.0	152	114	86	48	954	0.1075
\TheName{}2.5	153	114	86	47	952	0.1
\TheName{}3.0	152	112	88	48	945	0.1
SDA-1.0	142	128	72	58	909	0.1
SDA-1.5	150	120	80	50	909	0.1
SDA-2.0	154	115	85	46	914	0.1
SDA-2.5	156	113	87	44	923	0.1
SDA-3.0	156	112	88	44	907	0.1
DTree-10	175	79	121	25	2	0.005
DTree-20	139	114	86	61	4	0.0025
LinearSVM	142	108	92	58	16	0.005
NLSVM-0.1	200	0	200	0	3	0.04
NLSVM-1.0	28	188	12	172	2	0.03
NLSVM-10	179	92	108	21	2	0.025
LR-1	136	100	100	64	1337	0.0025
AdaBoost-100	101	161	39	99	4954	0.1625
AdaBoost-200	102	160	40	98	9738	0.3575
RFC-100	54	183	17	146	33	0.0225
RFC-200	73	176	24	127	67	0.045
LDA	97	119	81	103	108	0.1
\TheName{}1.0	130	118	82	70	942	0.1025
\TheName{}1.5	131	116	84	69	949	0.1
\TheName{}2.0	135	111	89	65	953	0.1025
\TheName{}2.5	141	113	87	59	944	0.1075
\TheName{}3.0	144	108	92	56	951	0.1025
SDA-1.0	133	113	87	67	917	0.1025
SDA-1.5	144	111	89	56	910	0.1025
SDA-2.0	151	107	93	49	910	0.1025
SDA-2.5	154	105	95	46	914	0.105
SDA-3.0	158	102	98	42	909	0.1
DTree-10	190	45	155	10	3	0.0025
DTree-20	86	130	70	114	5	0.005
LinearSVM	117	122	78	83	19	0.005
NLSVM-0.1	199	0	200	1	2	0.0425
NLSVM-1.0	196	20	180	4	2	0.0275
NLSVM-10	178	80	120	22	4	0.025
LR-1	104	122	78	96	533	0.0075
AdaBoost-100	77	154	46	123	2197	0.1625
AdaBoost-200	75	154	46	125	4566	0.35
RFC-100	36	178	22	164	42	0.0175
RFC-200	58	171	29	142	71	0.0425
LDA	123	109	91	77	107	0.1
\TheName{}1.0	157	101	99	43	965	0.1025
\TheName{}1.5	159	99	101	41	951	0.1075
\TheName{}2.0	156	99	101	44	952	0.0975
\TheName{}2.5	154	97	103	46	948	0.1
\TheName{}3.0	153	97	103	47	948	0.1
SDA-1.0	153	101	99	47	909	0.1025
SDA-1.5	153	98	102	47	916	0.1075
SDA-2.0	154	99	101	46	915	0.1
SDA-2.5	156	96	104	44	914	0.1025
SDA-3.0	157	96	104	43	927	0.1
DTree-10	167	81	119	33	2	0.005
DTree-20	133	106	94	67	4	0.0025
LinearSVM	130	122	78	70	22	0.005
NLSVM-0.1	0	200	0	200	3	0.0425
NLSVM-1.0	27	188	12	173	2	0.03
NLSVM-10	168	73	127	32	2	0.0275
LR-1	106	114	86	94	2064	0.0025
AdaBoost-100	78	162	38	122	3023	0.16
AdaBoost-200	115	136	64	85	6452	0.35
RFC-100	134	132	68	66	40	0.025
RFC-200	136	126	74	64	77	0.055
LDA	103	104	96	97	108	0.1025
\TheName{}1.0	150	96	104	50	941	0.1
\TheName{}1.5	158	91	109	42	947	0.1
\TheName{}2.0	159	91	109	41	946	0.1125
\TheName{}2.5	161	90	110	39	948	0.1025
\TheName{}3.0	161	88	112	39	942	0.1
SDA-1.0	163	88	112	37	910	0.1025
SDA-1.5	161	88	112	39	910	0.1
SDA-2.0	161	89	111	39	905	0.1
SDA-2.5	163	87	113	37	914	0.1
SDA-3.0	165	83	117	35	905	0.1
DTree-10	71	157	43	129	2	0.0025
DTree-20	143	104	96	57	4	0.0025
LinearSVM	130	109	91	70	8	0.005
NLSVM-0.1	0	200	0	200	3	0.0425
NLSVM-1.0	56	152	48	144	2	0.03
NLSVM-10	179	66	134	21	1	0.025
LR-1	110	102	98	90	690	0.0025
AdaBoost-100	101	151	49	99	1148	0.1675
AdaBoost-200	110	141	59	90	2441	0.335
RFC-100	58	166	34	142	36	0.015
RFC-200	73	164	36	127	64	0.0375
LDA	123	89	111	77	110	0.0975
\TheName{}1.0	148	100	100	52	948	0.1
\TheName{}1.5	154	100	100	46	945	0.1025
\TheName{}2.0	159	101	99	41	962	0.1025
\TheName{}2.5	160	100	100	40	948	0.1
\TheName{}3.0	162	99	101	38	944	0.1
SDA-1.0	161	98	102	39	912	0.1025
SDA-1.5	160	99	101	40	912	0.105
SDA-2.0	161	96	104	39	914	0.1
SDA-2.5	164	93	107	36	914	0.1
SDA-3.0	164	93	107	36	909	0.1
DTree-10	173	75	125	27	3	0.0025
DTree-20	145	94	106	55	5	0.0025
LinearSVM	123	129	71	77	8	0.0025
NLSVM-0.1	198	2	198	2	2	0.055
NLSVM-1.0	163	55	145	37	1	0.035
NLSVM-10	185	61	139	15	2	0.0275
LR-1	114	115	85	86	695	0.005
AdaBoost-100	88	169	31	112	2850	0.165
AdaBoost-200	79	175	25	121	5128	0.345
RFC-100	27	191	9	173	37	0.0225
RFC-200	29	194	6	171	72	0.045
LDA	106	95	105	94	110	0.105
\TheName{}1.0	120	125	75	80	942	0.1
\TheName{}1.5	124	124	76	76	952	0.1025
\TheName{}2.0	131	122	78	69	943	0.1025
\TheName{}2.5	136	121	79	64	941	0.1
\TheName{}3.0	139	120	80	61	951	0.1025
SDA-1.0	138	122	78	62	916	0.1
SDA-1.5	145	120	80	55	914	0.1
SDA-2.0	151	113	87	49	912	0.1
SDA-2.5	157	114	86	43	912	0.1
SDA-3.0	157	112	88	43	916	0.1
DTree-10	119	123	77	81	2	0.0025
DTree-20	111	129	71	89	4	0.0025
LinearSVM	116	124	76	84	8	0.005
NLSVM-0.1	2	200	0	198	2	0.0425
NLSVM-1.0	48	170	30	152	1	0.03
NLSVM-10	189	44	156	11	2	0.025
LR-1	112	114	86	88	602	0.005
AdaBoost-100	74	164	36	126	1394	0.1675
AdaBoost-200	74	166	34	126	3123	0.3475
RFC-100	59	166	34	141	32	0.0175
RFC-200	65	170	30	135	63	0.04
LDA	126	101	99	74	107	0.1
\TheName{}1.0	157	115	85	43	948	0.1
\TheName{}1.5	166	107	93	34	953	0.1025
\TheName{}2.0	168	108	92	32	949	0.1
\TheName{}2.5	172	107	93	28	959	0.1075
\TheName{}3.0	174	105	95	26	957	0.105
SDA-1.0	172	108	92	28	920	0.1
SDA-1.5	175	104	96	25	920	0.1
SDA-2.0	177	104	96	23	916	0.1
SDA-2.5	176	105	95	24	920	0.1025
SDA-3.0	176	104	96	24	926	0.1
DTree-10	86	144	56	114	2	0.0025
DTree-20	109	130	70	91	4	0.005
LinearSVM	138	118	82	62	10	0.005
NLSVM-0.1	200	0	200	0	3	0.0425
NLSVM-1.0	35	166	34	165	4	0.03
NLSVM-10	191	72	128	9	2	0.025
LR-1	138	117	83	62	237	0.005
AdaBoost-100	71	164	36	129	762	0.1675
AdaBoost-200	71	164	36	129	1483	0.36
RFC-100	80	148	52	120	34	0.0175
RFC-200	84	150	50	116	68	0.0425
LDA	108	98	102	92	109	0.1025
\TheName{}1.0	109	151	49	91	940	0.105
\TheName{}1.5	108	152	48	92	943	0.1
\TheName{}2.0	110	151	49	90	952	0.1
\TheName{}2.5	111	151	49	89	939	0.1
\TheName{}3.0	114	151	49	86	943	0.1025
SDA-1.0	109	153	47	91	913	0.1
SDA-1.5	114	145	55	86	917	0.0975
SDA-2.0	121	142	58	79	912	0.1
SDA-2.5	124	139	61	76	914	0.1
SDA-3.0	129	136	64	71	917	0.1
DTree-10	120	131	69	80	3	0.0025
DTree-20	90	148	52	110	4	0.0025
LinearSVM	113	127	73	87	10	0.005
NLSVM-0.1	0	200	0	200	2	0.0425
NLSVM-1.0	191	12	188	9	2	0.0275
NLSVM-10	176	96	104	24	2	0.025
LR-1	104	127	73	96	211	0.0025
AdaBoost-100	89	165	35	111	867	0.1575
AdaBoost-200	91	163	37	109	1720	0.3575
RFC-100	40	182	18	160	30	0.015
RFC-200	41	188	12	159	65	0.04
LDA	115	108	92	85	109	0.0975
\TheName{}1.0	162	109	91	38	945	0.1
\TheName{}1.5	163	108	92	37	952	0.1025
\TheName{}2.0	165	106	94	35	954	0.1
\TheName{}2.5	166	101	99	34	945	0.1
\TheName{}3.0	171	101	99	29	950	0.1
SDA-1.0	165	100	100	35	911	0.1025
SDA-1.5	168	99	101	32	910	0.1
SDA-2.0	166	97	103	34	913	0.1
SDA-2.5	166	93	107	34	918	0.0975
SDA-3.0	166	93	107	34	921	0.1075
DTree-10	122	145	55	78	2	0.005
DTree-20	109	153	47	91	4	0.0025
LinearSVM	133	137	63	67	40	0.0025
NLSVM-0.1	200	0	200	0	3	0.04
NLSVM-1.0	190	25	175	10	2	0.03
NLSVM-10	183	86	114	17	1	0.025
LR-1	121	121	79	79	463	0.005
AdaBoost-100	125	154	46	75	1977	0.1625
AdaBoost-200	124	154	46	76	3937	0.3375
RFC-100	94	164	36	106	35	0.02
RFC-200	53	183	17	147	67	0.045
LDA	121	119	81	79	112	0.105
\TheName{}1.0	138	125	75	62	944	0.0975
\TheName{}1.5	141	126	74	59	970	0.0975
\TheName{}2.0	144	122	78	56	955	0.1
\TheName{}2.5	146	124	76	54	944	0.105
\TheName{}3.0	146	125	75	54	948	0.1
SDA-1.0	140	125	75	60	924	0.1075
SDA-1.5	144	125	75	56	913	0.1
SDA-2.0	145	124	76	55	916	0.0975
SDA-2.5	146	125	75	54	916	0.1
SDA-3.0	144	125	75	56	909	0.1025
DTree-10	31	168	32	169	3	0.0025
DTree-20	129	112	88	71	4	0.005
LinearSVM	133	127	73	67	5	0.005
NLSVM-0.1	200	0	200	0	2	0.0425
NLSVM-1.0	26	193	7	174	1	0.03
NLSVM-10	188	75	125	12	2	0.0275
LR-1	119	117	83	81	745	0.005
AdaBoost-100	73	171	29	127	1054	0.1625
AdaBoost-200	74	169	31	126	2441	0.3525
RFC-100	62	178	22	138	35	0.02
RFC-200	52	178	22	148	70	0.0525
LDA	136	113	87	64	108	0.1
\TheName{}1.0	123	118	82	77	937	0.0975
\TheName{}1.5	130	113	87	70	953	0.1025
\TheName{}2.0	135	113	87	65	943	0.105
\TheName{}2.5	140	111	89	60	939	0.105
\TheName{}3.0	144	110	90	56	934	0.1
SDA-1.0	128	111	89	72	916	0.1
SDA-1.5	136	107	93	64	906	0.1
SDA-2.0	143	105	95	57	908	0.1025
SDA-2.5	145	103	97	55	915	0.1
SDA-3.0	148	103	97	52	912	0.1025
DTree-10	156	98	102	44	2	0.0025
DTree-20	104	136	64	96	4	0.0025
LinearSVM	142	98	102	58	16	0.0025
NLSVM-0.1	200	3	197	0	2	0.0425
NLSVM-1.0	181	32	168	19	2	0.0275
NLSVM-10	174	85	115	26	2	0.025
LR-1	147	108	92	53	356	0.0025
AdaBoost-100	72	164	36	128	908	0.1575
AdaBoost-200	62	170	30	138	1757	0.36
RFC-100	79	164	36	121	31	0.015
RFC-200	55	182	18	145	70	0.035
LDA	104	95	105	96	107	0.1025
\TheName{}1.0	154	89	111	46	947	0.1025
\TheName{}1.5	165	86	114	35	941	0.1025
\TheName{}2.0	171	82	118	29	949	0.105
\TheName{}2.5	173	79	121	27	949	0.1
\TheName{}3.0	176	77	123	24	949	0.1025
SDA-1.0	173	77	123	27	913	0.1
SDA-1.5	177	68	132	23	922	0.1025
SDA-2.0	179	67	133	21	913	0.1
SDA-2.5	180	65	135	20	917	0.1025
SDA-3.0	183	65	135	17	908	0.1
DTree-10	181	65	135	19	3	0.0025
DTree-20	137	100	100	63	5	0.005
LinearSVM	121	112	88	79	22	0.005
NLSVM-0.1	200	0	200	0	2	0.04
NLSVM-1.0	60	138	62	140	2	0.0275
NLSVM-10	185	54	146	15	2	0.025
LR-1	113	101	99	87	585	0.005
AdaBoost-100	109	155	45	91	1447	0.16
AdaBoost-200	108	153	47	92	3101	0.35
RFC-100	87	155	45	113	35	0.0175
RFC-200	115	140	60	85	65	0.045
LDA	89	128	72	111	108	0.1025
\TheName{}1.0	131	124	76	69	949	0.1
\TheName{}1.5	141	119	81	59	967	0.1
\TheName{}2.0	145	114	86	55	964	0.1075
\TheName{}2.5	152	114	86	48	959	0.1
\TheName{}3.0	152	115	85	48	950	0.1025
SDA-1.0	143	110	90	57	915	0.1
SDA-1.5	148	110	90	52	917	0.1025
SDA-2.0	147	106	94	53	916	0.1025
SDA-2.5	149	103	97	51	912	0.1
SDA-3.0	151	103	97	49	911	0.1025
DTree-10	114	139	61	86	3	0.0025
DTree-20	95	149	51	105	4	0.0025
LinearSVM	116	131	69	84	7	0.0025
NLSVM-0.1	0	200	0	200	2	0.0425
NLSVM-1.0	77	152	48	123	1	0.03
NLSVM-10	172	95	105	28	2	0.025
LR-1	87	138	62	113	866	0.005
AdaBoost-100	117	145	55	83	1028	0.16
AdaBoost-200	112	147	53	88	1928	0.35
RFC-100	49	171	29	151	35	0.015
RFC-200	68	163	37	132	66	0.0425
LDA	93	120	80	107	108	0.105
\TheName{}1.0	135	122	78	65	955	0.1025
\TheName{}1.5	141	122	78	59	947	0.1025
\TheName{}2.0	147	119	81	53	941	0.1
\TheName{}2.5	149	118	82	51	952	0.1
\TheName{}3.0	151	114	86	49	946	0.1
SDA-1.0	155	115	85	45	916	0.1
SDA-1.5	155	111	89	45	918	0.1025
SDA-2.0	155	111	89	45	906	0.1025
SDA-2.5	157	112	88	43	930	0.1
SDA-3.0	156	110	90	44	916	0.0975
DTree-10	135	132	68	65	3	0.0025
DTree-20	130	136	64	70	4	0.0
LinearSVM	117	130	70	83	8	0.0025
NLSVM-0.1	200	1	199	0	3	0.04
NLSVM-1.0	9	195	5	191	2	0.03
NLSVM-10	63	178	22	137	1	0.0275
LR-1	109	124	76	91	411	0.005
AdaBoost-100	77	171	29	123	1067	0.1575
AdaBoost-200	77	171	29	123	1870	0.355
RFC-100	48	186	14	152	30	0.015
RFC-200	82	172	28	118	63	0.0375
LDA	90	114	86	110	109	0.1
\TheName{}1.0	136	131	69	64	951	0.1
\TheName{}1.5	144	126	74	56	945	0.1
\TheName{}2.0	150	123	77	50	946	0.1
\TheName{}2.5	153	118	82	47	953	0.1
\TheName{}3.0	158	116	84	42	958	0.0975
SDA-1.0	160	118	82	40	913	0.1
SDA-1.5	164	113	87	36	916	0.1025
SDA-2.0	163	109	91	37	915	0.1
SDA-2.5	166	108	92	34	916	0.1
SDA-3.0	166	108	92	34	914	0.11
DTree-10	154	111	89	46	3	0.0025
DTree-20	145	105	95	55	3	0.005
LinearSVM	111	123	77	89	9	0.005
NLSVM-0.1	199	3	197	1	2	0.0425
NLSVM-1.0	191	34	166	9	2	0.03
NLSVM-10	187	67	133	13	1	0.0275
LR-1	126	91	109	74	223	0.005
AdaBoost-100	105	144	56	95	903	0.1675
AdaBoost-200	105	145	55	95	1762	0.3525
RFC-100	35	178	22	165	13	0.0175
RFC-200	31	183	17	169	63	0.04
LDA	83	132	68	117	110	0.1
\TheName{}1.0	115	138	62	85	952	0.1
\TheName{}1.5	118	136	64	82	947	0.1
\TheName{}2.0	122	132	68	78	940	0.1075
\TheName{}2.5	125	130	70	75	948	0.1025
\TheName{}3.0	128	128	72	72	945	0.1
SDA-1.0	126	125	75	74	922	0.0975
SDA-1.5	131	125	75	69	912	0.1025
SDA-2.0	134	123	77	66	913	0.1
SDA-2.5	140	121	79	60	919	0.1
SDA-3.0	146	119	81	54	913	0.1
DTree-10	89	139	61	111	3	0.0025
DTree-20	92	141	59	108	4	0.0
LinearSVM	110	128	72	90	15	0.005
NLSVM-0.1	200	0	200	0	2	0.04
NLSVM-1.0	77	147	53	123	2	0.03
NLSVM-10	187	46	154	13	1	0.0275
LR-1	109	99	101	91	709	0.0025
AdaBoost-100	123	137	63	77	845	0.16
AdaBoost-200	127	136	64	73	1668	0.36
RFC-100	33	191	9	167	34	0.0175
RFC-200	26	195	5	174	62	0.04
LDA	99	108	92	101	106	0.1
\TheName{}1.0	149	120	80	51	952	0.1
\TheName{}1.5	153	118	82	47	951	0.1025
\TheName{}2.0	155	115	85	45	951	0.1025
\TheName{}2.5	158	113	87	42	946	0.1
\TheName{}3.0	159	111	89	41	956	0.1
SDA-1.0	153	117	83	47	923	0.0975
SDA-1.5	159	110	90	41	912	0.0975
SDA-2.0	160	109	91	40	924	0.1
SDA-2.5	161	106	94	39	920	0.1025
SDA-3.0	161	106	94	39	918	0.1075
DTree-10	146	122	78	54	2	0.005
DTree-20	150	113	87	50	4	0.0025
LinearSVM	131	133	67	69	8	0.0025
NLSVM-0.1	0	200	0	200	3	0.045
NLSVM-1.0	183	35	165	17	2	0.0325
NLSVM-10	171	100	100	29	2	0.0275
LR-1	114	106	94	86	445	0.005
AdaBoost-100	149	133	67	51	2112	0.1625
AdaBoost-200	146	134	66	54	4444	0.3425
RFC-100	22	196	4	178	30	0.0125
RFC-200	49	191	9	151	66	0.045
