AdaBoost-100	0.628	0.543	0.455	0.802
AdaBoost-200	0.624	0.534	0.445	0.804
MC_BayesRDA-100-10-1.0	0.646	0.689	0.789	0.504
MC_BayesRDA-200-10-1.0	0.647	0.690	0.789	0.505
RFC-100	0.581	0.418	0.333	0.829
RFC-200	0.584	0.416	0.340	0.827


AdaBoost-100	0.629	0.532	0.439	0.819
AdaBoost-200	0.631	0.537	0.447	0.815
MC_BayesRDA-100-10-1.0	0.671	0.711	0.811	0.531
MC_BayesRDA-200-10-1.0	0.672	0.712	0.812	0.532
RFC-100	0.584	0.458	0.377	0.791
RFC-200	0.587	0.465	0.381	0.794


AdaBoost-100	0.634	0.528	0.427	0.841
AdaBoost-200	0.637	0.534	0.431	0.842
MC_BayesRDA-100-10-1.0	0.670	0.712	0.818	0.522
MC_BayesRDA-200-10-1.0	0.670	0.712	0.818	0.523
RFC-100	0.657	0.631	0.594	0.720
RFC-200	0.660	0.632	0.596	0.724


AdaBoost-100	0.608	0.481	0.371	0.844
AdaBoost-200	0.609	0.482	0.372	0.846
MC_BayesRDA-100-10-1.0	0.669	0.706	0.793	0.546
MC_BayesRDA-200-10-1.0	0.668	0.705	0.792	0.545
RFC-100	0.593	0.510	0.451	0.735
RFC-200	0.590	0.502	0.443	0.738


AdaBoost-100	0.616	0.480	0.365	0.866
AdaBoost-200	0.615	0.479	0.365	0.865
MC_BayesRDA-100-10-1.0	0.690	0.729	0.834	0.546
MC_BayesRDA-200-10-1.0	0.690	0.729	0.834	0.547
RFC-100	0.673	0.664	0.652	0.694
RFC-200	0.669	0.656	0.640	0.699


AdaBoost-100	0.615	0.480	0.363	0.866
AdaBoost-200	0.613	0.477	0.361	0.865
MC_BayesRDA-100-10-1.0	0.694	0.729	0.823	0.565
MC_BayesRDA-200-10-1.0	0.694	0.728	0.823	0.565
RFC-100	0.651	0.630	0.608	0.695
RFC-200	0.655	0.634	0.609	0.701


AdaBoost-100	0.622	0.499	0.396	0.849
AdaBoost-200	0.623	0.499	0.394	0.852
MC_BayesRDA-100-10-1.0	0.688	0.724	0.818	0.558
MC_BayesRDA-200-10-1.0	0.688	0.724	0.817	0.559
RFC-100	0.659	0.612	0.555	0.762
RFC-200	0.658	0.608	0.544	0.773


AdaBoost-100	0.619	0.486	0.373	0.864
AdaBoost-200	0.618	0.486	0.375	0.862
MC_BayesRDA-100-10-1.0	0.697	0.731	0.822	0.573
MC_BayesRDA-200-10-1.0	0.697	0.731	0.821	0.573
RFC-100	0.591	0.473	0.384	0.798
RFC-200	0.606	0.505	0.427	0.785


AdaBoost-100	0.616	0.483	0.372	0.860
AdaBoost-200	0.617	0.487	0.376	0.857
MC_BayesRDA-100-10-1.0	0.687	0.721	0.810	0.563
MC_BayesRDA-200-10-1.0	0.686	0.721	0.810	0.562
RFC-100	0.680	0.682	0.689	0.670
RFC-200	0.685	0.688	0.699	0.672


AdaBoost-100	0.618	0.473	0.348	0.887
AdaBoost-200	0.618	0.473	0.348	0.887
MC_BayesRDA-100-10-1.0	0.695	0.733	0.835	0.554
MC_BayesRDA-200-10-1.0	0.694	0.732	0.835	0.553
RFC-100	0.670	0.659	0.644	0.696
RFC-200	0.675	0.665	0.652	0.698

