LDA	145	110	90	55	721	0.2075
SDA-0.5	132	176	24	68	1562	0.2025
SDA-1.0	127	176	24	73	1461	0.18
SDA-1.5	126	176	24	74	1315	0.165
SDA-2.0	125	177	23	75	1884	0.195
SDA-2.5	123	177	23	77	1640	0.165
SDA-3.0	123	177	23	77	1767	0.1725
\TheName{}-0.5	130	44	156	70	1663	0.2125
\TheName{}-1.0	156	115	85	44	1899	0.17
\TheName{}-1.5	162	143	57	38	2102	0.1925
\TheName{}-2.0	156	162	38	44	1917	0.1675
\TheName{}-2.5	147	168	32	53	1864	0.165
\TheName{}-3.0	143	169	31	57	1871	0.1925
SVM	154	117	83	46	26	0.025
LR	0	200	0	200	18	0.0175
Ye-LDA	106	182	18	94	271	0.005
DTree-10	97	155	45	103	63	0.0075
DTree-20	97	155	45	103	7	0.0175
RFC-50	34	194	6	166	46	0.03
RFC-100	53	194	6	147	10	0.055
NLSVM-0.1	1	199	1	199	14	0.0325
NLSVM-1.0	200	19	181	0	1	0.0125
NLSVM-10	57	197	3	143	0	0.0125
LDA	165	139	61	35	345	0.61
SDA-0.5	98	178	22	102	1869	0.185
SDA-1.0	96	178	22	104	1689	0.2425
SDA-1.5	94	179	21	106	1687	0.17
SDA-2.0	94	179	21	106	1871	0.18
SDA-2.5	93	179	21	107	2326	0.165
SDA-3.0	92	180	20	108	1678	0.1625
\TheName{}-0.5	136	33	167	64	1758	0.1675
\TheName{}-1.0	167	110	90	33	1740	0.165
\TheName{}-1.5	128	180	20	72	2267	0.1675
\TheName{}-2.0	116	181	19	84	1653	0.1675
\TheName{}-2.5	105	179	21	95	1751	0.175
\TheName{}-3.0	102	179	21	98	1763	0.165
SVM	166	142	58	34	1	0.005
LR	200	0	200	0	2	0.0075
Ye-LDA	132	155	45	68	121	0.0025
DTree-10	81	153	47	119	5	0.015
DTree-20	81	153	47	119	7	0.015
RFC-50	36	197	3	164	21	0.0225
RFC-100	38	196	4	162	7	0.015
NLSVM-0.1	200	7	193	0	0	0.0225
NLSVM-1.0	199	17	183	1	1	0.015
NLSVM-10	101	177	23	99	0	0.0125
LDA	171	115	85	29	474	0.36
SDA-0.5	159	157	43	41	1555	0.1675
SDA-1.0	164	153	47	36	1542	0.175
SDA-1.5	164	150	50	36	1566	0.17
SDA-2.0	164	150	50	36	1518	0.165
SDA-2.5	164	150	50	36	1640	0.165
SDA-3.0	164	150	50	36	1652	0.1625
\TheName{}-0.5	161	123	77	39	1666	0.2075
\TheName{}-1.0	168	146	54	32	1637	0.165
\TheName{}-1.5	164	154	46	36	1816	0.1625
\TheName{}-2.0	163	154	46	37	1732	0.1725
\TheName{}-2.5	164	154	46	36	1549	0.165
\TheName{}-3.0	162	153	47	38	1630	0.1625
SVM	171	125	75	29	1	0.005
LR	0	200	0	200	2	0.005
Ye-LDA	108	169	31	92	122	0.0025
DTree-10	115	128	72	85	3	0.0125
DTree-20	115	128	72	85	2	0.0125
RFC-50	102	175	25	98	4	0.0075
RFC-100	106	178	22	94	26	0.0125
NLSVM-0.1	200	1	199	0	0	0.015
NLSVM-1.0	200	9	191	0	1	0.025
NLSVM-10	54	195	5	146	0	0.0125
LDA	144	159	41	56	434	0.24
SDA-0.5	175	132	68	25	1556	0.1675
SDA-1.0	172	130	70	28	1590	0.1775
SDA-1.5	172	129	71	28	1717	0.24
SDA-2.0	172	129	71	28	1557	0.1675
SDA-2.5	172	129	71	28	1736	0.165
SDA-3.0	172	129	71	28	1621	0.1725
\TheName{}-0.5	158	160	40	42	1708	0.1625
\TheName{}-1.0	171	143	57	29	1654	0.16
\TheName{}-1.5	170	142	58	30	1663	0.165
\TheName{}-2.0	173	141	59	27	1952	0.1825
\TheName{}-2.5	172	131	69	28	1602	0.1625
\TheName{}-3.0	172	129	71	28	1735	0.17
SVM	148	155	45	52	2	0.005
LR	200	0	200	0	4	0.0125
Ye-LDA	169	86	114	31	137	0.06
DTree-10	103	146	54	97	77	0.0025
DTree-20	103	146	54	97	10	0.0025
RFC-50	45	197	3	155	6	0.03
RFC-100	74	194	6	126	9	0.01
NLSVM-0.1	200	6	194	0	0	0.015
NLSVM-1.0	162	83	117	38	1	0.0125
NLSVM-10	188	96	104	12	0	0.045
LDA	147	145	55	53	354	0.255
SDA-0.5	121	167	33	79	1515	0.165
SDA-1.0	121	167	33	79	1649	0.17
SDA-1.5	120	168	32	80	1536	0.1725
SDA-2.0	117	168	32	83	1527	0.1675
SDA-2.5	117	169	31	83	1689	0.1775
SDA-3.0	117	169	31	83	1666	0.17
\TheName{}-0.5	104	49	151	96	1686	0.17
\TheName{}-1.0	136	94	106	64	1667	0.165
\TheName{}-1.5	162	146	54	38	1635	0.1825
\TheName{}-2.0	130	162	38	70	1685	0.1675
\TheName{}-2.5	123	168	32	77	1764	0.1625
\TheName{}-3.0	122	170	30	78	1704	0.1625
SVM	149	146	54	51	1	0.0075
LR	0	200	0	200	2	0.015
Ye-LDA	118	154	46	82	89	0.005
DTree-10	95	155	45	105	13	0.0025
DTree-20	95	155	45	105	2	0.0025
RFC-50	61	182	18	139	4	0.0225
RFC-100	68	177	23	132	18	0.01
NLSVM-0.1	200	7	193	0	0	0.015
NLSVM-1.0	179	86	114	21	0	0.015
NLSVM-10	0	200	0	200	0	0.01
LDA	146	147	53	54	412	0.425
SDA-0.5	178	118	82	22	1574	0.165
SDA-1.0	177	119	81	23	1545	0.165
SDA-1.5	177	120	80	23	1620	0.17
SDA-2.0	176	120	80	24	1395	0.165
SDA-2.5	176	120	80	24	1500	0.1675
SDA-3.0	176	120	80	24	1689	0.1625
\TheName{}-0.5	156	151	49	44	1756	0.165
\TheName{}-1.0	171	126	74	29	1727	0.17
\TheName{}-1.5	174	124	76	26	1629	0.1675
\TheName{}-2.0	175	121	79	25	1780	0.17
\TheName{}-2.5	175	117	83	25	1733	0.17
\TheName{}-3.0	176	118	82	24	1783	0.18
SVM	162	133	67	38	1	0.0175
LR	0	200	0	200	1	0.0025
Ye-LDA	148	153	47	52	92	0.0125
DTree-10	111	149	51	89	14	0.005
DTree-20	130	131	69	70	7	0.005
RFC-50	95	182	18	105	5	0.0075
RFC-100	91	176	24	109	6	0.01
NLSVM-0.1	200	7	193	0	0	0.015
NLSVM-1.0	152	113	87	48	0	0.0375
NLSVM-10	0	200	0	200	0	0.0125
LDA	111	160	40	89	357	0.2125
SDA-0.5	106	190	10	94	1600	0.175
SDA-1.0	107	190	10	93	1597	0.1675
SDA-1.5	108	189	11	92	1569	0.1675
SDA-2.0	109	189	11	91	1503	0.165
SDA-2.5	109	189	11	91	1582	0.165
SDA-3.0	109	189	11	91	1509	0.17
\TheName{}-0.5	111	109	91	89	1764	0.165
\TheName{}-1.0	105	185	15	95	1611	0.1625
\TheName{}-1.5	101	187	13	99	1664	0.1625
\TheName{}-2.0	103	188	12	97	1647	0.1725
\TheName{}-2.5	104	188	12	96	1699	0.165
\TheName{}-3.0	104	188	12	96	1600	0.16
SVM	113	163	37	87	1	0.005
LR	0	200	0	200	0	0.0125
Ye-LDA	71	195	5	129	91	0.0075
DTree-10	79	157	43	121	2	0.0075
DTree-20	79	157	43	121	1	0.0125
RFC-50	29	196	4	171	3	0.005
RFC-100	34	196	4	166	7	0.01
NLSVM-0.1	0	200	0	200	0	0.015
NLSVM-1.0	167	60	140	33	0	0.0125
NLSVM-10	54	197	3	146	0	0.015
LDA	156	124	76	44	231	0.24
SDA-0.5	155	153	47	45	1582	0.165
SDA-1.0	154	152	48	46	1569	0.1625
SDA-1.5	154	152	48	46	1628	0.17
SDA-2.0	154	152	48	46	1675	0.1775
SDA-2.5	154	152	48	46	1615	0.165
SDA-3.0	154	152	48	46	1646	0.19
\TheName{}-0.5	146	82	118	54	1853	0.185
\TheName{}-1.0	177	123	77	23	1587	0.1875
\TheName{}-1.5	172	137	63	28	1707	0.1675
\TheName{}-2.0	164	147	53	36	2006	0.19
\TheName{}-2.5	164	145	55	36	1670	0.17
\TheName{}-3.0	155	153	47	45	1655	0.1625
SVM	158	124	76	42	1	0.005
LR	0	200	0	200	1	0.005
Ye-LDA	137	158	42	63	87	0.005
DTree-10	95	184	16	105	2	0.005
DTree-20	95	184	16	105	23	0.0025
RFC-50	49	194	6	151	8	0.005
RFC-100	54	186	14	146	13	0.0075
NLSVM-0.1	105	97	103	95	1	0.0125
NLSVM-1.0	60	131	69	140	1	0.01
NLSVM-10	0	200	0	200	1	0.01
LDA	111	176	24	89	280	0.475
SDA-0.5	101	177	23	99	1583	0.1625
SDA-1.0	101	178	22	99	1577	0.185
SDA-1.5	99	179	21	101	1586	0.1725
SDA-2.0	99	179	21	101	1603	0.17
SDA-2.5	98	179	21	102	1601	0.165
SDA-3.0	98	179	21	102	1636	0.1625
\TheName{}-0.5	114	58	142	86	1613	0.23
\TheName{}-1.0	109	186	14	91	1625	0.1625
\TheName{}-1.5	103	181	19	97	1643	0.175
\TheName{}-2.0	102	178	22	98	1609	0.165
\TheName{}-2.5	102	177	23	98	1673	0.1675
\TheName{}-3.0	102	177	23	98	1733	0.1675
SVM	142	164	36	58	1	0.005
LR	0	200	0	200	1	0.005
Ye-LDA	82	182	18	118	95	0.005
DTree-10	93	171	29	107	31	0.005
DTree-20	93	171	29	107	23	0.005
RFC-50	66	179	21	134	7	0.005
RFC-100	68	180	20	132	14	0.01
NLSVM-0.1	0	200	0	200	1	0.0225
NLSVM-1.0	183	66	134	17	0	0.0225
NLSVM-10	0	200	0	200	0	0.0125
LDA	176	102	98	24	451	0.2375
SDA-0.5	191	94	106	9	1483	0.175
SDA-1.0	191	94	106	9	1530	0.165
SDA-1.5	191	93	107	9	1576	0.17
SDA-2.0	191	93	107	9	1573	0.1725
SDA-2.5	191	92	108	9	1540	0.165
SDA-3.0	191	92	108	9	1516	0.1625
\TheName{}-0.5	183	100	100	17	1811	0.1625
\TheName{}-1.0	190	96	104	10	1670	0.1625
\TheName{}-1.5	191	95	105	9	1613	0.165
\TheName{}-2.0	191	95	105	9	1602	0.1775
\TheName{}-2.5	191	96	104	9	1748	0.17
\TheName{}-3.0	191	96	104	9	1662	0.17
SVM	172	110	90	28	1	0.0075
LR	0	200	0	200	1	0.005
Ye-LDA	193	95	105	7	100	0.02
DTree-10	108	151	49	92	23	0.0075
DTree-20	108	151	49	92	1	0.0075
RFC-50	39	186	14	161	2	0.025
RFC-100	59	179	21	141	5	0.0125
NLSVM-0.1	29	177	23	171	1	0.03
NLSVM-1.0	41	172	28	159	0	0.015
NLSVM-10	23	196	4	177	1	0.0125
LDA	93	177	23	107	252	0.245
SDA-0.5	89	189	11	111	1626	0.165
SDA-1.0	89	188	12	111	1632	0.165
SDA-1.5	89	188	12	111	1577	0.1625
SDA-2.0	89	188	12	111	1549	0.1625
SDA-2.5	88	188	12	112	1513	0.1875
SDA-3.0	88	188	12	112	1503	0.1675
\TheName{}-0.5	132	32	168	68	1694	0.1625
\TheName{}-1.0	151	134	66	49	1699	0.16
\TheName{}-1.5	109	181	19	91	1688	0.1625
\TheName{}-2.0	97	184	16	103	1718	0.1725
\TheName{}-2.5	91	187	13	109	1682	0.1625
\TheName{}-3.0	91	187	13	109	1627	0.1875
SVM	109	171	29	91	0	0.005
LR	0	200	0	200	1	0.005
Ye-LDA	88	181	19	112	95	0.005
DTree-10	98	161	39	102	1	0.005
DTree-20	98	161	39	102	19	0.0025
RFC-50	50	191	9	150	3	0.005
RFC-100	43	196	4	157	5	0.0075
NLSVM-0.1	0	200	0	200	0	0.0175
NLSVM-1.0	1	200	0	199	0	0.0125
NLSVM-10	91	186	14	109	0	0.0125
LDA	99	157	43	101	321	0.3125
SDA-0.5	115	173	27	85	1530	0.165
SDA-1.0	112	172	28	88	1462	0.17
SDA-1.5	110	172	28	90	1591	0.1625
SDA-2.0	110	172	28	90	1500	0.1625
SDA-2.5	110	172	28	90	1516	0.165
SDA-3.0	110	172	28	90	1580	0.17
\TheName{}-0.5	167	131	69	33	1671	0.165
\TheName{}-1.0	121	165	35	79	1574	0.165
\TheName{}-1.5	120	167	33	80	1639	0.1875
\TheName{}-2.0	117	169	31	83	1615	0.1675
\TheName{}-2.5	114	170	30	86	1532	0.165
\TheName{}-3.0	114	170	30	86	1606	0.1625
SVM	102	155	45	98	1	0.005
LR	0	200	0	200	1	0.0025
Ye-LDA	99	154	46	101	86	0.005
DTree-10	79	168	32	121	22	0.0025
DTree-20	79	168	32	121	4	0.0025
RFC-50	53	196	4	147	6	0.005
RFC-100	42	195	5	158	5	0.02
NLSVM-0.1	0	200	0	200	1	0.015
NLSVM-1.0	167	74	126	33	0	0.0125
NLSVM-10	200	0	200	0	0	0.0125
LDA	112	164	36	88	241	0.315
SDA-0.5	121	154	46	79	1552	0.1625
SDA-1.0	120	154	46	80	1569	0.1775
SDA-1.5	120	154	46	80	1535	0.2575
SDA-2.0	120	154	46	80	1616	0.1675
SDA-2.5	120	154	46	80	1654	0.1725
SDA-3.0	120	154	46	80	1692	0.1825
\TheName{}-0.5	115	162	38	85	1587	0.165
\TheName{}-1.0	118	159	41	82	1720	0.1625
\TheName{}-1.5	118	157	43	82	1664	0.165
\TheName{}-2.0	118	154	46	82	1613	0.1675
\TheName{}-2.5	119	155	45	81	1646	0.175
\TheName{}-3.0	119	154	46	81	1711	0.1625
SVM	131	151	49	69	1	0.0125
LR	0	200	0	200	0	0.0075
Ye-LDA	94	171	29	106	86	0.005
DTree-10	89	152	48	111	3	0.0025
DTree-20	94	151	49	106	13	0.005
RFC-50	49	192	8	151	2	0.005
RFC-100	47	193	7	153	4	0.01
NLSVM-0.1	64	162	38	136	0	0.0175
NLSVM-1.0	77	137	63	123	0	0.0125
NLSVM-10	200	0	200	0	1	0.01
LDA	146	148	52	54	302	0.295
SDA-0.5	184	100	100	16	1479	0.165
SDA-1.0	181	98	102	19	1592	0.225
SDA-1.5	181	98	102	19	1598	0.1625
SDA-2.0	181	98	102	19	1748	0.1975
SDA-2.5	181	98	102	19	1595	0.165
SDA-3.0	181	98	102	19	1535	0.185
\TheName{}-0.5	154	151	49	46	1674	0.1675
\TheName{}-1.0	188	107	93	12	1583	0.1675
\TheName{}-1.5	186	105	95	14	1606	0.1625
\TheName{}-2.0	185	102	98	15	1648	0.1925
\TheName{}-2.5	187	103	97	13	1572	0.165
\TheName{}-3.0	185	102	98	15	1640	0.165
SVM	150	148	52	50	1	0.005
LR	0	200	0	200	1	0.005
Ye-LDA	173	97	103	27	87	0.005
DTree-10	136	100	100	64	2	0.0025
DTree-20	136	100	100	64	2	0.005
RFC-50	124	154	46	76	2	0.0075
RFC-100	111	169	31	89	12	0.01
NLSVM-0.1	0	200	0	200	0	0.015
NLSVM-1.0	193	19	181	7	0	0.0125
NLSVM-10	0	200	0	200	0	0.01
LDA	139	129	71	61	236	0.3125
SDA-0.5	119	150	50	81	1605	0.165
SDA-1.0	120	150	50	80	1644	0.1625
SDA-1.5	120	150	50	80	1624	0.1725
SDA-2.0	120	150	50	80	1517	0.1825
SDA-2.5	120	150	50	80	1504	0.17
SDA-3.0	120	150	50	80	1540	0.1625
\TheName{}-0.5	140	74	126	60	1782	0.165
\TheName{}-1.0	146	144	56	54	1549	0.1625
\TheName{}-1.5	133	145	55	67	1733	0.17
\TheName{}-2.0	128	146	54	72	1750	0.1975
\TheName{}-2.5	126	147	53	74	1680	0.2025
\TheName{}-3.0	125	148	52	75	1745	0.1675
SVM	151	127	73	49	0	0.005
LR	200	0	200	0	1	0.005
Ye-LDA	133	146	54	67	84	0.005
DTree-10	107	157	43	93	2	0.005
DTree-20	107	157	43	93	3	0.0025
RFC-50	74	174	26	126	47	0.02
RFC-100	72	176	24	128	11	0.015
NLSVM-0.1	200	3	197	0	1	0.0275
NLSVM-1.0	17	196	4	183	0	0.015
NLSVM-10	0	200	0	200	1	0.01
LDA	168	139	61	32	245	0.2875
SDA-0.5	173	151	49	27	1510	0.1625
SDA-1.0	173	151	49	27	1513	0.1625
SDA-1.5	174	151	49	26	1591	0.17
SDA-2.0	174	150	50	26	1508	0.1625
SDA-2.5	174	150	50	26	1374	0.175
SDA-3.0	174	150	50	26	1572	0.165
\TheName{}-0.5	171	147	53	29	1561	0.1675
\TheName{}-1.0	172	155	45	28	1656	0.1975
\TheName{}-1.5	172	152	48	28	1612	0.1675
\TheName{}-2.0	172	152	48	28	1595	0.175
\TheName{}-2.5	172	152	48	28	1637	0.1625
\TheName{}-3.0	172	152	48	28	1586	0.165
SVM	164	147	53	36	0	0.0075
LR	200	0	200	0	0	0.005
Ye-LDA	181	117	83	19	86	0.005
DTree-10	102	153	47	98	2	0.005
DTree-20	107	147	53	93	3	0.005
RFC-50	89	167	33	111	3	0.005
RFC-100	101	170	30	99	13	0.01
NLSVM-0.1	0	200	0	200	0	0.015
NLSVM-1.0	197	20	180	3	0	0.0125
NLSVM-10	199	56	144	1	0	0.0125
LDA	98	171	29	102	320	0.215
SDA-0.5	105	176	24	95	1566	0.1725
SDA-1.0	105	176	24	95	1529	0.1625
SDA-1.5	105	176	24	95	1576	0.1625
SDA-2.0	105	176	24	95	1552	0.1625
SDA-2.5	105	176	24	95	1552	0.165
SDA-3.0	105	176	24	95	1666	0.17
\TheName{}-0.5	120	61	139	80	1599	0.2375
\TheName{}-1.0	151	161	39	49	1613	0.165
\TheName{}-1.5	115	172	28	85	1657	0.1775
\TheName{}-2.0	112	173	27	88	1547	0.165
\TheName{}-2.5	110	176	24	90	1765	0.1725
\TheName{}-3.0	108	177	23	92	1614	0.165
SVM	110	169	31	90	0	0.005
LR	200	0	200	0	1	0.0025
Ye-LDA	141	155	45	59	97	0.005
DTree-10	85	162	38	115	25	0.015
DTree-20	85	162	38	115	16	0.005
RFC-50	41	190	10	159	6	0.005
RFC-100	38	191	9	162	12	0.0075
NLSVM-0.1	200	6	194	0	6	0.0175
NLSVM-1.0	158	56	144	42	1	0.025
NLSVM-10	200	0	200	0	1	0.0425
LDA	170	72	128	30	239	0.22
SDA-0.5	157	166	34	43	1468	0.165
SDA-1.0	157	166	34	43	1574	0.1625
SDA-1.5	157	166	34	43	1583	0.175
SDA-2.0	155	166	34	45	1516	0.165
SDA-2.5	155	166	34	45	1459	0.1625
SDA-3.0	155	166	34	45	1524	0.165
\TheName{}-0.5	173	126	74	27	1507	0.165
\TheName{}-1.0	168	149	51	32	1642	0.175
\TheName{}-1.5	171	150	50	29	1726	0.1725
\TheName{}-2.0	170	150	50	30	1666	0.165
\TheName{}-2.5	170	150	50	30	1658	0.1725
\TheName{}-3.0	170	153	47	30	1694	0.165
SVM	171	81	119	29	1	0.005
LR	0	200	0	200	0	0.005
Ye-LDA	122	172	28	78	89	0.005
DTree-10	59	181	19	141	2	0.005
DTree-20	92	168	32	108	2	0.005
RFC-50	54	193	7	146	6	0.005
RFC-100	69	192	8	131	11	0.0125
NLSVM-0.1	129	79	121	71	0	0.015
NLSVM-1.0	33	164	36	167	0	0.0125
NLSVM-10	93	195	5	107	0	0.0125
LDA	106	155	45	94	194	0.2925
SDA-0.5	146	126	74	54	1554	0.1775
SDA-1.0	145	126	74	55	1449	0.165
SDA-1.5	145	126	74	55	1558	0.1625
SDA-2.0	145	126	74	55	1565	0.165
SDA-2.5	145	126	74	55	1592	0.185
SDA-3.0	145	126	74	55	1538	0.2
\TheName{}-0.5	140	148	52	60	1617	0.165
\TheName{}-1.0	140	142	58	60	1628	0.1675
\TheName{}-1.5	142	142	58	58	1645	0.17
\TheName{}-2.0	142	142	58	58	1765	0.165
\TheName{}-2.5	143	142	58	57	1627	0.1625
\TheName{}-3.0	143	142	58	57	1619	0.1625
SVM	108	157	43	92	1	0.005
LR	200	0	200	0	0	0.005
Ye-LDA	127	92	108	73	86	0.005
DTree-10	82	146	54	118	1	0.005
DTree-20	82	146	54	118	2	0.0025
RFC-50	34	198	2	166	6	0.005
RFC-100	70	187	13	130	11	0.0075
NLSVM-0.1	61	177	23	139	0	0.015
NLSVM-1.0	5	198	2	195	1	0.01
NLSVM-10	0	200	0	200	1	0.01
LDA	146	147	53	54	289	0.3425
SDA-0.5	193	127	73	7	1549	0.1675
SDA-1.0	193	126	74	7	1533	0.1675
SDA-1.5	193	124	76	7	1584	0.185
SDA-2.0	193	124	76	7	1709	0.1625
SDA-2.5	193	124	76	7	1573	0.1675
SDA-3.0	193	124	76	7	1544	0.2175
\TheName{}-0.5	177	146	54	23	1561	0.1675
\TheName{}-1.0	183	130	70	17	1648	0.165
\TheName{}-1.5	185	131	69	15	1531	0.1625
\TheName{}-2.0	185	129	71	15	1644	0.165
\TheName{}-2.5	189	128	72	11	1730	0.165
\TheName{}-3.0	190	127	73	10	1641	0.1625
SVM	147	147	53	53	1	0.005
LR	0	200	0	200	1	0.005
Ye-LDA	124	178	22	76	86	0.005
DTree-10	91	136	64	109	2	0.005
DTree-20	99	132	68	101	2	0.005
RFC-50	49	196	4	151	2	0.005
RFC-100	55	194	6	145	5	0.0075
NLSVM-0.1	1	200	0	199	0	0.015
NLSVM-1.0	181	51	149	19	0	0.0125
NLSVM-10	0	200	0	200	0	0.0125
LDA	125	150	50	75	260	0.47
SDA-0.5	109	172	28	91	1782	0.1675
SDA-1.0	106	172	28	94	1577	0.16
SDA-1.5	105	171	29	95	1579	0.1775
SDA-2.0	105	171	29	95	1550	0.165
SDA-2.5	105	171	29	95	1610	0.165
SDA-3.0	105	171	29	95	1512	0.17
\TheName{}-0.5	134	63	137	66	1692	0.175
\TheName{}-1.0	119	174	26	81	1552	0.1675
\TheName{}-1.5	114	169	31	86	1620	0.165
\TheName{}-2.0	114	171	29	86	1699	0.1725
\TheName{}-2.5	112	170	30	88	1667	0.1775
\TheName{}-3.0	112	170	30	88	1690	0.17
SVM	133	152	48	67	1	0.005
LR	200	0	200	0	1	0.005
Ye-LDA	110	170	30	90	112	0.015
DTree-10	96	151	49	104	3	0.015
DTree-20	96	151	49	104	21	0.01
RFC-50	55	183	17	145	2	0.005
RFC-100	57	186	14	143	17	0.055
NLSVM-0.1	1	200	0	199	0	0.0225
NLSVM-1.0	184	42	158	16	1	0.0125
NLSVM-10	0	200	0	200	0	0.0125
LDA	120	145	55	80	249	0.235
SDA-0.5	114	178	22	86	1539	0.1625
SDA-1.0	113	176	24	87	1586	0.165
SDA-1.5	111	176	24	89	1557	0.165
SDA-2.0	111	176	24	89	1551	0.1625
SDA-2.5	111	176	24	89	1544	0.2025
SDA-3.0	111	176	24	89	1543	0.165
\TheName{}-0.5	133	109	91	67	1649	0.1625
\TheName{}-1.0	118	172	28	82	1687	0.1725
\TheName{}-1.5	112	175	25	88	1578	0.165
\TheName{}-2.0	112	174	26	88	1692	0.1625
\TheName{}-2.5	115	175	25	85	1635	0.18
\TheName{}-3.0	114	176	24	86	1657	0.1625
SVM	122	145	55	78	1	0.005
LR	0	200	0	200	1	0.005
Ye-LDA	93	184	16	107	90	0.005
DTree-10	86	168	32	114	1	0.005
DTree-20	86	168	32	114	1	0.005
RFC-50	42	194	6	158	2	0.005
RFC-100	45	195	5	155	12	0.0075
NLSVM-0.1	108	99	101	92	0	0.015
NLSVM-1.0	6	200	0	194	0	0.0125
NLSVM-10	29	199	1	171	0	0.01
LDA	156	113	87	44	295	0.3125
SDA-0.5	154	161	39	46	1551	0.1725
SDA-1.0	146	160	40	54	1576	0.165
SDA-1.5	146	160	40	54	1565	0.1625
SDA-2.0	146	160	40	54	1640	0.165
SDA-2.5	146	159	41	54	1548	0.165
SDA-3.0	146	158	42	54	1639	0.1775
\TheName{}-0.5	130	45	155	70	1722	0.1725
\TheName{}-1.0	187	114	86	13	1560	0.19
\TheName{}-1.5	183	140	60	17	1692	0.175
\TheName{}-2.0	173	149	51	27	1748	0.1675
\TheName{}-2.5	168	150	50	32	1607	0.185
\TheName{}-3.0	161	154	46	39	1724	0.17
SVM	165	120	80	35	1	0.005
LR	0	200	0	200	1	0.005
Ye-LDA	92	189	11	108	101	0.0125
DTree-10	96	163	37	104	2	0.0125
DTree-20	96	163	37	104	2	0.02
RFC-50	66	188	12	134	4	0.02
RFC-100	74	184	16	126	72	0.01
NLSVM-0.1	2	199	1	198	1	0.0375
NLSVM-1.0	71	136	64	129	1	0.03
NLSVM-10	27	200	0	173	0	0.015
LDA	87	167	33	113	194	0.225
SDA-0.5	78	174	26	122	1437	0.165
SDA-1.0	79	174	26	121	1542	0.1725
SDA-1.5	78	173	27	122	1467	0.165
SDA-2.0	78	173	27	122	1581	0.1625
SDA-2.5	78	173	27	122	1500	0.1625
SDA-3.0	78	173	27	122	1548	0.1675
\TheName{}-0.5	137	44	156	63	1589	0.1675
\TheName{}-1.0	92	171	29	108	1617	0.1625
\TheName{}-1.5	82	172	28	118	1649	0.1625
\TheName{}-2.0	79	173	27	121	1520	0.175
\TheName{}-2.5	80	173	27	120	1550	0.1725
\TheName{}-3.0	80	173	27	120	1596	0.1625
SVM	101	156	44	99	1	0.005
LR	200	0	200	0	0	0.005
Ye-LDA	90	173	27	110	87	0.005
DTree-10	66	142	58	134	2	0.0025
DTree-20	66	142	58	134	2	0.0025
RFC-50	44	192	8	156	7	0.005
RFC-100	46	191	9	154	14	0.0275
NLSVM-0.1	189	23	177	11	1	0.02
NLSVM-1.0	160	43	157	40	0	0.015
NLSVM-10	0	200	0	200	0	0.0175
LDA	132	142	58	68	378	0.2375
SDA-0.5	79	176	24	121	1623	0.1675
SDA-1.0	79	175	25	121	1517	0.1675
SDA-1.5	79	175	25	121	1597	0.1725
SDA-2.0	80	175	25	120	1553	0.175
SDA-2.5	81	175	25	119	1456	0.1675
SDA-3.0	81	175	25	119	1551	0.165
\TheName{}-0.5	124	34	166	76	1795	0.19
\TheName{}-1.0	136	85	115	64	1699	0.165
\TheName{}-1.5	105	172	28	95	1682	0.1625
\TheName{}-2.0	94	180	20	106	1554	0.1675
\TheName{}-2.5	90	177	23	110	1846	0.165
\TheName{}-3.0	86	176	24	114	1658	0.165
SVM	135	145	55	65	0	0.005
LR	0	200	0	200	1	0.0025
Ye-LDA	69	188	12	131	89	0.005
DTree-10	99	140	60	101	2	0.005
DTree-20	104	138	62	96	12	0.005
RFC-50	42	187	13	158	5	0.005
RFC-100	47	185	15	153	12	0.0075
NLSVM-0.1	0	200	0	200	0	0.015
NLSVM-1.0	168	35	165	32	0	0.0125
NLSVM-10	0	200	0	200	1	0.01
LDA	134	143	57	66	272	0.395
SDA-0.5	104	151	49	96	1599	0.195
SDA-1.0	104	151	49	96	1602	0.165
SDA-1.5	105	151	49	95	1490	0.165
SDA-2.0	105	151	49	95	1655	0.165
SDA-2.5	105	151	49	95	1581	0.1675
SDA-3.0	105	151	49	95	1664	0.1675
\TheName{}-0.5	133	145	55	67	1713	0.1675
\TheName{}-1.0	112	148	52	88	1621	0.1675
\TheName{}-1.5	109	151	49	91	1710	0.19
\TheName{}-2.0	108	150	50	92	1638	0.175
\TheName{}-2.5	107	151	49	93	1705	0.165
\TheName{}-3.0	106	151	49	94	1646	0.165
SVM	156	136	64	44	1	0.005
LR	200	0	200	0	0	0.005
Ye-LDA	97	136	64	103	122	0.0025
DTree-10	93	144	56	107	5	0.0
DTree-20	93	144	56	107	2	0.0025
RFC-50	47	168	32	153	3	0.0075
RFC-100	48	169	31	152	7	0.0075
NLSVM-0.1	58	185	15	142	1	0.015
NLSVM-1.0	8	190	10	192	4	0.0125
NLSVM-10	176	78	122	24	0	0.0125
LDA	99	156	44	101	220	0.215
SDA-0.5	96	177	23	104	1606	0.165
SDA-1.0	94	176	24	106	1615	0.175
SDA-1.5	96	176	24	104	1584	0.1875
SDA-2.0	96	176	24	104	1566	0.1625
SDA-2.5	96	176	24	104	1470	0.165
SDA-3.0	96	176	24	104	1611	0.165
\TheName{}-0.5	99	169	31	101	1768	0.1625
\TheName{}-1.0	97	175	25	103	1592	0.1625
\TheName{}-1.5	98	175	25	102	1593	0.1625
\TheName{}-2.0	95	175	25	105	1669	0.1675
\TheName{}-2.5	95	176	24	105	1817	0.1625
\TheName{}-3.0	96	176	24	104	1616	0.1675
SVM	117	161	39	83	0	0.005
LR	0	200	0	200	1	0.005
Ye-LDA	72	175	25	128	88	0.0075
DTree-10	98	143	57	102	1	0.0025
DTree-20	98	143	57	102	12	0.005
RFC-50	58	178	22	142	5	0.005
RFC-100	60	184	16	140	12	0.01
NLSVM-0.1	199	2	198	1	0	0.015
NLSVM-1.0	9	197	3	191	0	0.0125
NLSVM-10	67	188	12	133	0	0.0125
LDA	135	162	38	65	444	0.2575
SDA-0.5	145	156	44	55	1537	0.1625
SDA-1.0	145	157	43	55	1481	0.2325
SDA-1.5	145	157	43	55	1564	0.165
SDA-2.0	144	157	43	56	1518	0.1675
SDA-2.5	144	157	43	56	1602	0.1775
SDA-3.0	144	158	42	56	1614	0.1675
\TheName{}-0.5	150	167	33	50	1600	0.17
\TheName{}-1.0	145	161	39	55	1706	0.21
\TheName{}-1.5	144	158	42	56	1590	0.175
\TheName{}-2.0	143	157	43	57	1677	0.175
\TheName{}-2.5	143	157	43	57	1669	0.1725
\TheName{}-3.0	143	157	43	57	1670	0.1725
SVM	137	163	37	63	2	0.005
LR	0	200	0	200	0	0.005
Ye-LDA	144	158	42	56	89	0.025
DTree-10	103	174	26	97	9	0.005
DTree-20	103	174	26	97	2	0.005
RFC-50	91	187	13	109	2	0.0075
RFC-100	86	184	16	114	10	0.01
NLSVM-0.1	200	11	189	0	1	0.015
NLSVM-1.0	176	61	139	24	0	0.0125
NLSVM-10	200	0	200	0	0	0.0125
LDA	108	166	34	92	251	0.375
SDA-0.5	99	177	23	101	1629	0.165
SDA-1.0	98	178	22	102	1566	0.1775
SDA-1.5	98	178	22	102	1504	0.165
SDA-2.0	98	178	22	102	1534	0.1625
SDA-2.5	98	178	22	102	1536	0.1625
SDA-3.0	98	178	22	102	1528	0.1775
\TheName{}-0.5	128	119	81	72	1538	0.1675
\TheName{}-1.0	107	181	19	93	1757	0.175
\TheName{}-1.5	104	181	19	96	1531	0.1625
\TheName{}-2.0	99	181	19	101	1720	0.1675
\TheName{}-2.5	100	181	19	100	1596	0.175
\TheName{}-3.0	100	180	20	100	1647	0.1675
SVM	111	166	34	89	0	0.0075
LR	200	0	200	0	1	0.005
Ye-LDA	98	180	20	102	84	0.015
DTree-10	88	169	31	112	25	0.0125
DTree-20	88	169	31	112	12	0.015
RFC-50	62	186	14	138	2	0.005
RFC-100	62	186	14	138	13	0.02
NLSVM-0.1	98	118	82	102	0	0.02
NLSVM-1.0	185	54	146	15	1	0.01
NLSVM-10	55	190	10	145	0	0.0125
LDA	128	178	22	72	318	0.2275
SDA-0.5	100	179	21	100	1450	0.175
SDA-1.0	99	179	21	101	1536	0.1625
SDA-1.5	99	179	21	101	1661	0.165
SDA-2.0	99	179	21	101	1576	0.1625
SDA-2.5	99	180	20	101	1482	0.165
SDA-3.0	99	180	20	101	1636	0.1725
\TheName{}-0.5	126	36	164	74	1615	0.17
\TheName{}-1.0	142	177	23	58	1675	0.1625
\TheName{}-1.5	111	178	22	89	1635	0.1825
\TheName{}-2.0	106	179	21	94	1690	0.1625
\TheName{}-2.5	105	180	20	95	1647	0.165
\TheName{}-3.0	104	180	20	96	1660	0.1675
SVM	147	167	33	53	1	0.0075
LR	0	200	0	200	1	0.005
Ye-LDA	99	169	31	101	96	0.005
DTree-10	100	169	31	100	2	0.0025
DTree-20	100	169	31	100	2	0.0025
RFC-50	65	191	9	135	6	0.0075
RFC-100	69	192	8	131	21	0.025
NLSVM-0.1	0	200	0	200	1	0.015
NLSVM-1.0	175	58	142	25	0	0.0175
NLSVM-10	5	200	0	195	0	0.0125
LDA	89	176	24	111	238	0.2175
SDA-0.5	129	173	27	71	1632	0.165
SDA-1.0	129	172	28	71	1678	0.1725
SDA-1.5	129	172	28	71	1572	0.1775
SDA-2.0	127	172	28	73	1583	0.1625
SDA-2.5	127	172	28	73	1555	0.17
SDA-3.0	126	173	27	74	1480	0.165
\TheName{}-0.5	105	178	22	95	1653	0.165
\TheName{}-1.0	121	177	23	79	1580	0.1625
\TheName{}-1.5	123	173	27	77	1725	0.17
\TheName{}-2.0	126	172	28	74	1633	0.185
\TheName{}-2.5	128	171	29	72	1617	0.165
\TheName{}-3.0	128	171	29	72	1736	0.1675
SVM	95	173	27	105	0	0.005
LR	200	0	200	0	1	0.0025
Ye-LDA	134	161	39	66	87	0.005
DTree-10	103	140	60	97	11	0.005
DTree-20	103	140	60	97	2	0.0025
RFC-50	44	187	13	156	5	0.005
RFC-100	45	186	14	155	12	0.0075
NLSVM-0.1	200	7	193	0	1	0.015
NLSVM-1.0	154	95	105	46	0	0.0125
NLSVM-10	200	0	200	0	0	0.015
LDA	142	140	60	58	289	0.24
SDA-0.5	130	157	43	70	1568	0.1675
SDA-1.0	130	159	41	70	1547	0.18
SDA-1.5	130	159	41	70	1573	0.1625
SDA-2.0	130	156	44	70	1511	0.1625
SDA-2.5	130	156	44	70	1719	0.175
SDA-3.0	130	155	45	70	1458	0.165
\TheName{}-0.5	104	84	116	96	1596	0.1625
\TheName{}-1.0	155	149	51	45	1763	0.17
\TheName{}-1.5	141	152	48	59	1708	0.1625
\TheName{}-2.0	136	153	47	64	1590	0.1625
\TheName{}-2.5	133	154	46	67	1600	0.17
\TheName{}-3.0	133	155	45	67	1746	0.27
SVM	141	148	52	59	0	0.005
LR	200	0	200	0	1	0.005
Ye-LDA	142	139	61	58	82	0.005
DTree-10	111	142	58	89	16	0.005
DTree-20	111	142	58	89	2	0.0025
RFC-50	67	185	15	133	6	0.005
RFC-100	59	186	14	141	7	0.0075
NLSVM-0.1	200	9	191	0	0	0.015
NLSVM-1.0	7	199	1	193	0	0.01
NLSVM-10	200	0	200	0	0	0.0125
LDA	148	153	47	52	371	0.2325
SDA-0.5	119	179	21	81	1652	0.165
SDA-1.0	117	180	20	83	1608	0.1725
SDA-1.5	116	180	20	84	1550	0.17
SDA-2.0	116	180	20	84	1618	0.1725
SDA-2.5	117	180	20	83	1551	0.1625
SDA-3.0	117	180	20	83	1559	0.1725
\TheName{}-0.5	154	144	56	46	1694	0.165
\TheName{}-1.0	131	179	21	69	1626	0.1625
\TheName{}-1.5	127	180	20	73	1704	0.195
\TheName{}-2.0	126	182	18	74	1655	0.1625
\TheName{}-2.5	122	182	18	78	1563	0.165
\TheName{}-3.0	121	182	18	79	1652	0.165
SVM	156	151	49	44	0	0.005
LR	200	0	200	0	1	0.0025
Ye-LDA	136	174	26	64	86	0.0025
DTree-10	75	158	42	125	1	0.0
DTree-20	75	158	42	125	1	0.0025
RFC-50	57	185	15	143	3	0.005
RFC-100	60	182	18	140	12	0.01
NLSVM-0.1	1	200	0	199	0	0.015
NLSVM-1.0	192	44	156	8	1	0.01
NLSVM-10	200	0	200	0	0	0.0125
LDA	160	146	54	40	288	0.2175
SDA-0.5	158	157	43	42	1455	0.165
SDA-1.0	156	162	38	44	1546	0.165
SDA-1.5	156	164	36	44	1489	0.165
SDA-2.0	156	165	35	44	1492	0.17
SDA-2.5	156	165	35	44	1540	0.165
SDA-3.0	156	165	35	44	1513	0.17
\TheName{}-0.5	173	127	73	27	1599	0.1625
\TheName{}-1.0	159	152	48	41	1582	0.17
\TheName{}-1.5	159	155	45	41	1681	0.165
\TheName{}-2.0	159	157	43	41	1613	0.165
\TheName{}-2.5	159	159	41	41	1568	0.1625
\TheName{}-3.0	159	159	41	41	1599	0.17
SVM	158	147	53	42	1	0.005
LR	200	0	200	0	1	0.005
Ye-LDA	173	99	101	27	88	0.005
DTree-10	114	165	35	86	6	0.0025
DTree-20	125	154	46	75	2	0.005
RFC-50	77	185	15	123	3	0.005
RFC-100	80	188	12	120	12	0.01
NLSVM-0.1	200	13	187	0	0	0.015
NLSVM-1.0	19	198	2	181	0	0.015
NLSVM-10	113	188	12	87	0	0.0125
LDA	143	171	29	57	239	0.24
SDA-0.5	142	178	22	58	1506	0.1625
SDA-1.0	142	177	23	58	1618	0.17
SDA-1.5	142	176	24	58	1469	0.1625
SDA-2.0	142	176	24	58	1499	0.1625
SDA-2.5	142	175	25	58	1413	0.165
SDA-3.0	142	175	25	58	1571	0.165
\TheName{}-0.5	155	131	69	45	1592	0.1725
\TheName{}-1.0	150	171	29	50	1538	0.175
\TheName{}-1.5	147	172	28	53	1535	0.165
\TheName{}-2.0	144	176	24	56	1690	0.165
\TheName{}-2.5	144	175	25	56	1688	0.1725
\TheName{}-3.0	141	175	25	59	1544	0.165
SVM	144	170	30	56	1	0.005
LR	200	0	200	0	0	0.005
Ye-LDA	169	83	117	31	88	0.005
DTree-10	76	162	38	124	12	0.0025
DTree-20	76	162	38	124	2	0.005
RFC-50	75	190	10	125	6	0.0075
RFC-100	73	190	10	127	12	0.01
NLSVM-0.1	200	2	198	0	1	0.015
NLSVM-1.0	9	196	4	191	0	0.0125
NLSVM-10	45	197	3	155	1	0.01
LDA	123	149	51	77	274	0.27
SDA-0.5	129	160	40	71	1709	0.17
SDA-1.0	126	161	39	74	1567	0.1775
SDA-1.5	125	160	40	75	1585	0.1675
SDA-2.0	125	160	40	75	1621	0.17
SDA-2.5	125	160	40	75	1758	0.1725
SDA-3.0	125	160	40	75	1593	0.165
\TheName{}-0.5	125	162	38	75	1678	0.17
\TheName{}-1.0	128	161	39	72	1696	0.1875
\TheName{}-1.5	124	163	37	76	1565	0.165
\TheName{}-2.0	124	163	37	76	1694	0.2325
\TheName{}-2.5	123	163	37	77	1677	0.1625
\TheName{}-3.0	123	163	37	77	1634	0.185
SVM	124	149	51	76	0	0.0075
LR	0	200	0	200	0	0.005
Ye-LDA	123	163	37	77	97	0.005
DTree-10	94	144	56	106	22	0.005
DTree-20	94	144	56	106	1	0.005
RFC-50	52	176	24	148	7	0.01
RFC-100	52	183	17	148	5	0.0125
NLSVM-0.1	0	200	0	200	1	0.03
NLSVM-1.0	2	199	1	198	0	0.0125
NLSVM-10	139	147	53	61	0	0.0125
LDA	178	90	110	22	242	0.235
SDA-0.5	196	95	105	4	1585	0.165
SDA-1.0	197	87	113	3	1507	0.1725
SDA-1.5	197	87	113	3	1491	0.165
SDA-2.0	197	87	113	3	1544	0.1625
SDA-2.5	197	87	113	3	1582	0.1625
SDA-3.0	197	87	113	3	1558	0.165
\TheName{}-0.5	184	105	95	16	1542	0.195
\TheName{}-1.0	195	98	102	5	1446	0.1625
\TheName{}-1.5	196	98	102	4	1618	0.1725
\TheName{}-2.0	197	96	104	3	1520	0.1625
\TheName{}-2.5	197	95	105	3	1708	0.1625
\TheName{}-3.0	197	93	107	3	1552	0.165
SVM	179	91	109	21	0	0.0075
LR	0	200	0	200	0	0.005
Ye-LDA	146	144	56	54	84	0.005
DTree-10	100	155	45	100	5	0.005
DTree-20	124	123	77	76	23	0.005
RFC-50	88	174	26	112	6	0.005
RFC-100	80	180	20	120	13	0.01
NLSVM-0.1	0	200	0	200	0	0.015
NLSVM-1.0	200	19	181	0	0	0.0125
NLSVM-10	200	0	200	0	0	0.01
LDA	164	108	92	36	195	0.3625
SDA-0.5	148	149	51	52	1655	0.17
SDA-1.0	148	149	51	52	1561	0.1625
SDA-1.5	149	148	52	51	1565	0.1625
SDA-2.0	149	147	53	51	1513	0.1625
SDA-2.5	149	147	53	51	1588	0.1725
SDA-3.0	149	147	53	51	1530	0.165
\TheName{}-0.5	168	129	71	32	1611	0.165
\TheName{}-1.0	153	156	44	47	1613	0.1625
\TheName{}-1.5	148	153	47	52	1637	0.1925
\TheName{}-2.0	148	153	47	52	1544	0.165
\TheName{}-2.5	149	153	47	51	1636	0.165
\TheName{}-3.0	148	152	48	52	1663	0.1775
SVM	171	117	83	29	1	0.005
LR	200	0	200	0	1	0.0025
Ye-LDA	151	157	43	49	90	0.0075
DTree-10	118	141	59	82	1	0.005
DTree-20	118	141	59	82	2	0.0025
RFC-50	62	182	18	138	3	0.0075
RFC-100	73	186	14	127	12	0.01
NLSVM-0.1	199	3	197	1	0	0.0175
NLSVM-1.0	18	169	31	182	0	0.02
NLSVM-10	0	200	0	200	0	0.0325
LDA	140	151	49	60	234	0.235
SDA-0.5	103	166	34	97	1467	0.16
SDA-1.0	101	166	34	99	1578	0.1725
SDA-1.5	102	166	34	98	1552	0.18
SDA-2.0	101	165	35	99	1537	0.16
SDA-2.5	101	165	35	99	1629	0.175
SDA-3.0	101	165	35	99	1635	0.165
\TheName{}-0.5	153	113	87	47	1626	0.1675
\TheName{}-1.0	128	165	35	72	1682	0.2075
\TheName{}-1.5	113	164	36	87	1681	0.185
\TheName{}-2.0	107	164	36	93	1736	0.165
\TheName{}-2.5	106	164	36	94	1707	0.185
\TheName{}-3.0	105	165	35	95	1643	0.165
SVM	149	147	53	51	0	0.005
LR	200	0	200	0	1	0.005
Ye-LDA	137	149	51	63	86	0.005
DTree-10	87	155	45	113	2	0.0025
DTree-20	87	155	45	113	11	0.005
RFC-50	53	177	23	147	6	0.005
RFC-100	56	176	24	144	11	0.0075
NLSVM-0.1	0	200	0	200	1	0.015
NLSVM-1.0	161	67	133	39	0	0.0125
NLSVM-10	0	200	0	200	0	0.0125
LDA	103	161	39	97	272	0.34
SDA-0.5	76	185	15	124	1532	0.1625
SDA-1.0	74	185	15	126	1554	0.1625
SDA-1.5	73	185	15	127	1523	0.1625
SDA-2.0	73	185	15	127	1709	0.18
SDA-2.5	73	185	15	127	1573	0.1625
SDA-3.0	73	185	15	127	1580	0.1625
\TheName{}-0.5	129	22	178	71	1635	0.1825
\TheName{}-1.0	130	27	173	70	1692	0.165
\TheName{}-1.5	141	88	112	59	1615	0.165
\TheName{}-2.0	112	172	28	88	1687	0.1675
\TheName{}-2.5	94	189	11	106	1639	0.1625
\TheName{}-3.0	88	188	12	112	1660	0.1625
SVM	118	160	40	82	1	0.0025
LR	0	200	0	200	0	0.0025
Ye-LDA	65	191	9	135	111	0.015
DTree-10	72	162	38	128	9	0.0175
DTree-20	72	162	38	128	2	0.0125
RFC-50	42	193	7	158	9	0.0125
RFC-100	43	194	6	157	13	0.0175
NLSVM-0.1	0	199	1	200	0	0.0175
NLSVM-1.0	167	61	139	33	1	0.0125
NLSVM-10	2	200	0	198	0	0.0125
LDA	107	172	28	93	235	0.27
SDA-0.5	127	173	27	73	1554	0.1625
SDA-1.0	127	173	27	73	1643	0.175
SDA-1.5	125	173	27	75	1592	0.165
SDA-2.0	125	173	27	75	1605	0.175
SDA-2.5	125	173	27	75	1583	0.1625
SDA-3.0	125	173	27	75	1745	0.1725
\TheName{}-0.5	124	163	37	76	1710	0.165
\TheName{}-1.0	131	171	29	69	1658	0.1975
\TheName{}-1.5	128	172	28	72	1676	0.17
\TheName{}-2.0	126	173	27	74	1659	0.1625
\TheName{}-2.5	127	173	27	73	1713	0.1875
\TheName{}-3.0	127	173	27	73	1643	0.1725
SVM	112	171	29	88	0	0.005
LR	0	200	0	200	1	0.005
Ye-LDA	107	177	23	93	94	0.005
DTree-10	98	156	44	102	1	0.005
DTree-20	98	156	44	102	1	0.005
RFC-50	53	188	12	147	3	0.005
RFC-100	56	187	13	144	11	0.01
NLSVM-0.1	0	200	0	200	0	0.015
NLSVM-1.0	155	90	110	45	1	0.0125
NLSVM-10	0	200	0	200	0	0.0125
LDA	161	120	80	39	261	0.2925
SDA-0.5	111	173	27	89	1548	0.19
SDA-1.0	105	173	27	95	1563	0.2
SDA-1.5	105	173	27	95	1579	0.1625
SDA-2.0	105	173	27	95	1567	0.165
SDA-2.5	105	173	27	95	1628	0.165
SDA-3.0	105	173	27	95	1535	0.1625
\TheName{}-0.5	154	125	75	46	1779	0.17
\TheName{}-1.0	119	171	29	81	1636	0.1675
\TheName{}-1.5	113	169	31	87	1674	0.1825
\TheName{}-2.0	109	172	28	91	1643	0.185
\TheName{}-2.5	109	173	27	91	1649	0.1825
\TheName{}-3.0	108	173	27	92	1641	0.1725
SVM	158	133	67	42	1	0.0075
LR	200	0	200	0	0	0.005
Ye-LDA	103	170	30	97	95	0.04
DTree-10	73	167	33	127	1	0.0025
DTree-20	73	167	33	127	2	0.005
RFC-50	51	185	15	149	5	0.0075
RFC-100	54	189	11	146	10	0.01
NLSVM-0.1	0	200	0	200	0	0.015
NLSVM-1.0	66	147	53	134	0	0.0125
NLSVM-10	150	100	100	50	0	0.0125
LDA	178	104	96	22	310	0.2525
SDA-0.5	149	170	30	51	1581	0.1625
SDA-1.0	150	170	30	50	1502	0.1675
SDA-1.5	150	170	30	50	1573	0.1725
SDA-2.0	150	170	30	50	1553	0.1675
SDA-2.5	150	170	30	50	1563	0.165
SDA-3.0	150	170	30	50	1447	0.1625
\TheName{}-0.5	156	156	44	44	1576	0.1625
\TheName{}-1.0	151	169	31	49	1636	0.1625
\TheName{}-1.5	150	170	30	50	1650	0.1775
\TheName{}-2.0	150	170	30	50	1533	0.1675
\TheName{}-2.5	150	170	30	50	1616	0.165
\TheName{}-3.0	150	170	30	50	1618	0.1625
SVM	177	106	94	23	1	0.005
LR	200	0	200	0	1	0.0025
Ye-LDA	163	99	101	37	86	0.005
DTree-10	84	168	32	116	15	0.005
DTree-20	84	168	32	116	1	0.005
RFC-50	20	198	2	180	2	0.0075
RFC-100	26	199	1	174	10	0.0075
NLSVM-0.1	130	108	92	70	0	0.02
NLSVM-1.0	31	172	28	169	0	0.0175
NLSVM-10	115	178	22	85	0	0.0125
LDA	179	99	101	21	219	0.29
SDA-0.5	160	154	46	40	1543	0.165
SDA-1.0	156	156	44	44	1592	0.1625
SDA-1.5	156	156	44	44	1460	0.165
SDA-2.0	156	156	44	44	1565	0.1725
SDA-2.5	156	156	44	44	1541	0.1675
SDA-3.0	156	156	44	44	1581	0.175
\TheName{}-0.5	147	95	105	53	1596	0.175
\TheName{}-1.0	170	150	50	30	1580	0.1625
\TheName{}-1.5	166	156	44	34	1588	0.165
\TheName{}-2.0	155	156	44	45	1589	0.1625
\TheName{}-2.5	155	157	43	45	1629	0.1675
\TheName{}-3.0	155	157	43	45	1557	0.1625
SVM	178	103	97	22	1	0.005
LR	0	200	0	200	1	0.0025
Ye-LDA	112	163	37	88	91	0.005
DTree-10	84	163	37	116	2	0.0025
DTree-20	84	163	37	116	2	0.005
RFC-50	62	185	15	138	6	0.005
RFC-100	54	187	13	146	4	0.01
NLSVM-0.1	0	200	0	200	0	0.015
NLSVM-1.0	59	127	73	141	1	0.01
NLSVM-10	78	190	10	122	1	0.01
LDA	104	176	24	96	230	0.3325
SDA-0.5	113	175	25	87	1600	0.185
SDA-1.0	113	175	25	87	2044	0.1725
SDA-1.5	113	175	25	87	1582	0.25
SDA-2.0	113	175	25	87	1484	0.1625
SDA-2.5	113	175	25	87	1443	0.165
SDA-3.0	113	175	25	87	1588	0.1675
\TheName{}-0.5	126	180	20	74	1600	0.1625
\TheName{}-1.0	114	181	19	86	1576	0.16
\TheName{}-1.5	112	180	20	88	1555	0.165
\TheName{}-2.0	113	179	21	87	1584	0.1775
\TheName{}-2.5	113	179	21	87	1577	0.165
\TheName{}-3.0	113	178	22	87	1524	0.165
SVM	119	170	30	81	0	0.005
LR	200	0	200	0	1	0.0025
Ye-LDA	109	174	26	91	85	0.005
DTree-10	92	138	62	108	1	0.0025
DTree-20	92	138	62	108	1	0.005
RFC-50	73	183	17	127	6	0.005
RFC-100	69	189	11	131	17	0.0125
NLSVM-0.1	199	6	194	1	0	0.015
NLSVM-1.0	168	59	141	32	0	0.0125
NLSVM-10	0	200	0	200	0	0.0125
LDA	130	136	64	70	279	0.2475
SDA-0.5	129	170	30	71	1401	0.1675
SDA-1.0	129	172	28	71	1519	0.16
SDA-1.5	126	172	28	74	1547	0.1725
SDA-2.0	125	172	28	75	1525	0.1675
SDA-2.5	124	172	28	76	1552	0.17
SDA-3.0	123	172	28	77	1462	0.1825
\TheName{}-0.5	153	143	57	47	1657	0.17
\TheName{}-1.0	141	158	42	59	1548	0.165
\TheName{}-1.5	138	163	37	62	1687	0.165
\TheName{}-2.0	137	163	37	63	1550	0.165
\TheName{}-2.5	135	164	36	65	1731	0.165
\TheName{}-3.0	134	165	35	66	1581	0.165
SVM	136	140	60	64	0	0.005
LR	200	0	200	0	1	0.0025
Ye-LDA	127	171	29	73	85	0.0025
DTree-10	84	156	44	116	2	0.005
DTree-20	84	156	44	116	14	0.0025
RFC-50	39	183	17	161	3	0.0025
RFC-100	50	178	22	150	6	0.01
NLSVM-0.1	200	7	193	0	0	0.0175
NLSVM-1.0	194	22	178	6	0	0.0125
NLSVM-10	48	197	3	152	0	0.0125
LDA	122	171	29	78	273	0.245
SDA-0.5	144	161	39	56	1365	0.1725
SDA-1.0	141	163	37	59	1455	0.1625
SDA-1.5	138	163	37	62	1379	0.165
SDA-2.0	137	163	37	63	1570	0.1875
SDA-2.5	136	163	37	64	1581	0.165
SDA-3.0	136	163	37	64	1477	0.1625
\TheName{}-0.5	142	167	33	58	1500	0.165
\TheName{}-1.0	140	165	35	60	1600	0.1675
\TheName{}-1.5	140	164	36	60	1600	0.17
\TheName{}-2.0	139	162	38	61	1629	0.1625
\TheName{}-2.5	138	162	38	62	1583	0.1625
\TheName{}-3.0	138	162	38	62	1548	0.1625
SVM	129	169	31	71	0	0.0275
LR	200	0	200	0	1	0.0025
Ye-LDA	149	147	53	51	85	0.0025
DTree-10	91	156	44	109	1	0.0025
DTree-20	91	156	44	109	1	0.0
RFC-50	61	181	19	139	3	0.005
RFC-100	58	182	18	142	11	0.0075
NLSVM-0.1	18	197	3	182	1	0.0125
NLSVM-1.0	0	200	0	200	1	0.025
NLSVM-10	93	183	17	107	0	0.0125
LDA	139	165	35	61	340	0.2475
SDA-0.5	133	172	28	67	1561	0.17
SDA-1.0	133	173	27	67	1509	0.1725
SDA-1.5	133	173	27	67	1674	0.1875
SDA-2.0	133	173	27	67	1450	0.1725
SDA-2.5	133	173	27	67	1460	0.1625
SDA-3.0	133	173	27	67	1635	0.17
\TheName{}-0.5	160	154	46	40	1570	0.165
\TheName{}-1.0	146	164	36	54	1534	0.165
\TheName{}-1.5	142	164	36	58	1574	0.16
\TheName{}-2.0	142	164	36	58	1637	0.1625
\TheName{}-2.5	142	164	36	58	1493	0.175
\TheName{}-3.0	142	164	36	58	1497	0.1625
SVM	145	164	36	55	1	0.005
LR	0	200	0	200	1	0.0025
Ye-LDA	117	170	30	83	90	0.005
DTree-10	82	169	31	118	10	0.005
DTree-20	82	169	31	118	2	0.005
RFC-50	27	198	2	173	5	0.005
RFC-100	36	196	4	164	12	0.01
NLSVM-0.1	200	5	195	0	0	0.015
NLSVM-1.0	190	30	170	10	1	0.0125
NLSVM-10	49	198	2	151	0	0.0125
LDA	168	120	80	32	267	0.2275
SDA-0.5	138	171	29	62	1590	0.1625
SDA-1.0	137	171	29	63	1493	0.1625
SDA-1.5	138	171	29	62	1454	0.1625
SDA-2.0	138	171	29	62	1552	0.1625
SDA-2.5	138	171	29	62	1514	0.1775
SDA-3.0	138	171	29	62	1469	0.165
\TheName{}-0.5	149	68	132	51	1647	0.185
\TheName{}-1.0	163	144	56	37	1602	0.165
\TheName{}-1.5	153	165	35	47	1603	0.1625
\TheName{}-2.0	149	164	36	51	1605	0.165
\TheName{}-2.5	146	170	30	54	1580	0.1625
\TheName{}-3.0	144	170	30	56	1640	0.1625
SVM	168	122	78	32	0	0.005
LR	0	200	0	200	1	0.0025
Ye-LDA	109	159	41	91	92	0.005
DTree-10	110	159	41	90	2	0.005
DTree-20	123	150	50	77	2	0.0025
RFC-50	58	191	9	142	3	0.005
RFC-100	48	188	12	152	14	0.01
NLSVM-0.1	0	200	0	200	1	0.015
NLSVM-1.0	37	170	30	163	0	0.0125
NLSVM-10	126	173	27	74	1	0.01
LDA	138	135	65	62	229	0.2875
SDA-0.5	109	162	38	91	1521	0.1625
SDA-1.0	109	162	38	91	1578	0.1625
SDA-1.5	109	162	38	91	1456	0.175
SDA-2.0	109	162	38	91	1618	0.175
SDA-2.5	109	162	38	91	1545	0.1675
SDA-3.0	109	162	38	91	1491	0.165
\TheName{}-0.5	103	50	150	97	1575	0.1675
\TheName{}-1.0	132	125	75	68	1582	0.1625
\TheName{}-1.5	115	165	35	85	1603	0.1725
\TheName{}-2.0	106	166	34	94	1624	0.1775
\TheName{}-2.5	107	164	36	93	1639	0.17
\TheName{}-3.0	107	164	36	93	1598	0.1725
SVM	110	141	59	90	1	0.01
LR	200	0	200	0	1	0.0125
Ye-LDA	119	148	52	81	93	0.015
DTree-10	86	152	48	114	17	0.015
DTree-20	86	152	48	114	1	0.015
RFC-50	54	188	12	146	3	0.0225
RFC-100	55	187	13	145	8	0.01
NLSVM-0.1	1	200	0	199	0	0.015
NLSVM-1.0	198	24	176	2	1	0.01
NLSVM-10	200	0	200	0	0	0.0125
LDA	173	103	97	27	225	0.265
SDA-0.5	184	94	106	16	1530	0.2175
SDA-1.0	184	93	107	16	1552	0.1675
SDA-1.5	184	91	109	16	1463	0.1725
SDA-2.0	184	91	109	16	1597	0.1625
SDA-2.5	184	91	109	16	1564	0.165
SDA-3.0	184	91	109	16	1591	0.165
\TheName{}-0.5	129	109	91	71	1582	0.165
\TheName{}-1.0	177	97	103	23	1514	0.1625
\TheName{}-1.5	185	97	103	15	1749	0.175
\TheName{}-2.0	184	97	103	16	1570	0.1675
\TheName{}-2.5	184	96	104	16	1660	0.1725
\TheName{}-3.0	184	93	107	16	1671	0.165
SVM	170	105	95	30	1	0.005
LR	200	0	200	0	1	0.0025
Ye-LDA	193	65	135	7	94	0.005
DTree-10	160	87	113	40	2	0.005
DTree-20	160	87	113	40	1	0.005
RFC-50	59	185	15	141	2	0.005
RFC-100	71	183	17	129	12	0.01
NLSVM-0.1	3	200	0	197	0	0.015
NLSVM-1.0	39	162	38	161	1	0.01
NLSVM-10	0	200	0	200	1	0.0125
LDA	113	153	47	87	241	0.2375
SDA-0.5	100	165	35	100	1479	0.17
SDA-1.0	98	164	36	102	1497	0.1625
SDA-1.5	97	165	35	103	1492	0.165
SDA-2.0	97	164	36	103	1462	0.165
SDA-2.5	97	164	36	103	1423	0.1625
SDA-3.0	97	164	36	103	1521	0.1625
\TheName{}-0.5	130	38	162	70	1579	0.17
\TheName{}-1.0	104	164	36	96	1600	0.1625
\TheName{}-1.5	101	165	35	99	1539	0.16
\TheName{}-2.0	100	165	35	100	1595	0.1625
\TheName{}-2.5	99	165	35	101	1516	0.1625
\TheName{}-3.0	99	165	35	101	1593	0.1675
SVM	121	151	49	79	1	0.005
LR	0	200	0	200	0	0.0125
Ye-LDA	94	153	47	106	94	0.005
DTree-10	96	135	65	104	1	0.005
DTree-20	96	135	65	104	12	0.0025
RFC-50	70	180	20	130	3	0.005
RFC-100	72	186	14	128	4	0.0125
NLSVM-0.1	200	13	187	0	0	0.04
NLSVM-1.0	5	200	0	195	0	0.015
NLSVM-10	200	0	200	0	0	0.01
LDA	147	148	52	53	265	0.2475
SDA-0.5	117	181	19	83	1490	0.1625
SDA-1.0	117	181	19	83	1463	0.1625
SDA-1.5	113	181	19	87	1540	0.18
SDA-2.0	113	181	19	87	1502	0.175
SDA-2.5	113	181	19	87	1495	0.1675
SDA-3.0	113	181	19	87	1458	0.16
\TheName{}-0.5	133	91	109	67	1693	0.1625
\TheName{}-1.0	128	186	14	72	1531	0.165
\TheName{}-1.5	118	184	16	82	1483	0.175
\TheName{}-2.0	117	184	16	83	1602	0.165
\TheName{}-2.5	114	184	16	86	1488	0.165
\TheName{}-3.0	116	183	17	84	1622	0.1625
SVM	152	150	50	48	0	0.0075
LR	0	200	0	200	0	0.005
Ye-LDA	85	189	11	115	90	0.005
DTree-10	99	171	29	101	2	0.0025
DTree-20	105	171	29	95	13	0.005
RFC-50	62	194	6	138	6	0.005
RFC-100	53	196	4	147	11	0.01
NLSVM-0.1	1	200	0	199	0	0.015
NLSVM-1.0	80	138	62	120	0	0.0125
NLSVM-10	119	175	25	81	0	0.0125
LDA	153	146	54	47	235	0.245
SDA-0.5	143	156	44	57	1504	0.18
SDA-1.0	143	156	44	57	1455	0.1625
SDA-1.5	142	156	44	58	1452	0.165
SDA-2.0	142	156	44	58	1452	0.1625
SDA-2.5	142	156	44	58	1409	0.165
SDA-3.0	140	156	44	60	1423	0.1725
\TheName{}-0.5	164	149	51	36	1627	0.1725
\TheName{}-1.0	153	166	34	47	1571	0.1675
\TheName{}-1.5	147	164	36	53	1568	0.1625
\TheName{}-2.0	147	161	39	53	1574	0.1925
\TheName{}-2.5	144	160	40	56	1526	0.165
\TheName{}-3.0	143	159	41	57	1526	0.165
SVM	152	156	44	48	1	0.005
LR	0	200	0	200	0	0.005
Ye-LDA	121	166	34	79	84	0.005
DTree-10	124	137	63	76	2	0.005
DTree-20	124	137	63	76	11	0.005
RFC-50	81	172	28	119	5	0.0075
RFC-100	76	179	21	124	4	0.01
NLSVM-0.1	0	200	0	200	0	0.015
NLSVM-1.0	188	53	147	12	0	0.0125
NLSVM-10	0	200	0	200	0	0.0125
LDA	129	171	29	71	234	0.295
SDA-0.5	140	168	32	60	1475	0.1625
SDA-1.0	136	164	36	64	1482	0.175
SDA-1.5	137	163	37	63	1528	0.1625
SDA-2.0	137	163	37	63	1500	0.1625
SDA-2.5	137	163	37	63	1603	0.1625
SDA-3.0	137	163	37	63	1407	0.175
\TheName{}-0.5	163	149	51	37	1604	0.1625
\TheName{}-1.0	150	165	35	50	1578	0.1625
\TheName{}-1.5	147	165	35	53	1634	0.1625
\TheName{}-2.0	146	164	36	54	1631	0.17
\TheName{}-2.5	144	164	36	56	1656	0.1625
\TheName{}-3.0	143	164	36	57	1683	0.165
SVM	153	168	32	47	1	0.005
LR	0	200	0	200	0	0.005
Ye-LDA	121	161	39	79	94	0.005
DTree-10	128	154	46	72	2	0.005
DTree-20	130	154	46	70	2	0.005
RFC-50	62	184	16	138	5	0.005
RFC-100	72	182	18	128	12	0.01
NLSVM-0.1	199	13	187	1	0	0.015
NLSVM-1.0	167	71	129	33	0	0.0125
NLSVM-10	200	0	200	0	0	0.01
LDA	96	165	35	104	263	0.3325
SDA-0.5	82	184	16	118	1499	0.1875
SDA-1.0	80	184	16	120	1501	0.165
SDA-1.5	79	184	16	121	1496	0.17
SDA-2.0	79	183	17	121	1566	0.17
SDA-2.5	79	183	17	121	1539	0.1625
SDA-3.0	79	183	17	121	1553	0.18
\TheName{}-0.5	137	19	181	63	1671	0.1675
\TheName{}-1.0	140	26	174	60	1542	0.175
\TheName{}-1.5	149	44	156	51	1555	0.165
\TheName{}-2.0	169	91	109	31	1604	0.1625
\TheName{}-2.5	164	161	39	36	1528	0.1775
\TheName{}-3.0	113	183	17	87	1635	0.1825
SVM	110	150	50	90	0	0.005
LR	0	200	0	200	0	0.005
Ye-LDA	82	184	16	118	90	0.005
DTree-10	106	160	40	94	1	0.005
DTree-20	106	160	40	94	1	0.005
RFC-50	48	197	3	152	2	0.005
RFC-100	50	192	8	150	11	0.0075
NLSVM-0.1	30	184	16	170	0	0.015
NLSVM-1.0	3	200	0	197	0	0.0125
NLSVM-10	1	200	0	199	0	0.0125
LDA	103	172	28	97	254	0.2775
SDA-0.5	117	160	40	83	1541	0.165
SDA-1.0	115	160	40	85	1636	0.175
SDA-1.5	115	160	40	85	1530	0.1675
SDA-2.0	115	160	40	85	1566	0.1625
SDA-2.5	112	161	39	88	1550	0.1725
SDA-3.0	112	161	39	88	1597	0.2075
\TheName{}-0.5	111	60	140	89	1664	0.1625
\TheName{}-1.0	137	160	40	63	1721	0.1725
\TheName{}-1.5	131	161	39	69	1525	0.1625
\TheName{}-2.0	124	160	40	76	1646	0.17
\TheName{}-2.5	120	160	40	80	1540	0.175
\TheName{}-3.0	120	160	40	80	1602	0.1625
SVM	125	160	40	75	1	0.005
LR	200	0	200	0	0	0.005
Ye-LDA	128	161	39	72	85	0.005
DTree-10	76	162	38	124	1	0.005
DTree-20	76	162	38	124	1	0.0025
RFC-50	56	181	19	144	6	0.005
RFC-100	55	180	20	145	13	0.01
NLSVM-0.1	0	200	0	200	0	0.015
NLSVM-1.0	163	65	135	37	1	0.01
NLSVM-10	199	4	196	1	1	0.01
LDA	118	174	26	82	288	0.3125
SDA-0.5	125	181	19	75	1499	0.1725
SDA-1.0	123	180	20	77	1521	0.165
SDA-1.5	124	180	20	76	1635	0.1625
SDA-2.0	124	180	20	76	1592	0.17
SDA-2.5	124	180	20	76	1538	0.16
SDA-3.0	124	180	20	76	1604	0.1725
\TheName{}-0.5	109	171	29	91	1559	0.1625
\TheName{}-1.0	122	182	18	78	1581	0.1625
\TheName{}-1.5	124	183	17	76	1619	0.1775
\TheName{}-2.0	123	183	17	77	1535	0.165
\TheName{}-2.5	122	183	17	78	1605	0.17
\TheName{}-3.0	125	182	18	75	1609	0.1625
SVM	121	173	27	79	0	0.005
LR	0	200	0	200	1	0.0025
Ye-LDA	109	183	17	91	91	0.0025
DTree-10	103	149	51	97	2	0.005
DTree-20	103	149	51	97	1	0.005
RFC-50	46	192	8	154	2	0.0075
RFC-100	58	192	8	142	12	0.01
NLSVM-0.1	200	8	192	0	0	0.015
NLSVM-1.0	131	121	79	69	0	0.0125
NLSVM-10	0	200	0	200	0	0.0125
LDA	183	116	84	17	252	0.195
SDA-0.5	176	104	96	24	1625	0.185
SDA-1.0	177	104	96	23	1510	0.1625
SDA-1.5	177	104	96	23	1498	0.165
SDA-2.0	177	104	96	23	1553	0.18
SDA-2.5	177	104	96	23	1420	0.165
SDA-3.0	177	104	96	23	1494	0.165
\TheName{}-0.5	156	155	45	44	1529	0.1725
\TheName{}-1.0	185	119	81	15	1615	0.1725
\TheName{}-1.5	185	109	91	15	1554	0.175
\TheName{}-2.0	184	105	95	16	1564	0.1625
\TheName{}-2.5	182	106	94	18	1602	0.175
\TheName{}-3.0	181	106	94	19	1595	0.165
SVM	183	128	72	17	1	0.005
LR	0	200	0	200	0	0.005
Ye-LDA	165	123	77	35	88	0.005
DTree-10	84	155	45	116	2	0.005
DTree-20	91	145	55	109	6	0.005
RFC-50	82	184	16	118	6	0.005
RFC-100	51	190	10	149	5	0.01
NLSVM-0.1	32	180	20	168	0	0.015
NLSVM-1.0	72	158	42	128	1	0.0125
NLSVM-10	197	31	169	3	0	0.0125
LDA	122	164	36	78	301	0.315
SDA-0.5	132	182	18	68	1379	0.175
SDA-1.0	125	182	18	75	1640	0.1625
SDA-1.5	125	183	17	75	1440	0.175
SDA-2.0	124	184	16	76	1491	0.165
SDA-2.5	124	184	16	76	1540	0.165
SDA-3.0	124	184	16	76	1534	0.18
\TheName{}-0.5	142	91	109	58	1567	0.1725
\TheName{}-1.0	158	162	38	42	1761	0.1825
\TheName{}-1.5	151	172	28	49	1561	0.18
\TheName{}-2.0	143	176	24	57	1621	0.17
\TheName{}-2.5	141	180	20	59	1567	0.1725
\TheName{}-3.0	136	180	20	64	1625	0.175
SVM	134	163	37	66	0	0.005
LR	200	0	200	0	0	0.005
Ye-LDA	169	102	98	31	92	0.005
DTree-10	102	160	40	98	12	0.0025
DTree-20	102	160	40	98	2	0.005
RFC-50	43	187	13	157	2	0.005
RFC-100	48	192	8	152	5	0.01
NLSVM-0.1	3	200	0	197	0	0.0175
NLSVM-1.0	7	196	4	193	0	0.0125
NLSVM-10	104	188	12	96	0	0.0125
LDA	153	168	32	47	200	0.275
SDA-0.5	142	173	27	58	1479	0.165
SDA-1.0	142	173	27	58	1532	0.1725
SDA-1.5	141	173	27	59	1529	0.1625
SDA-2.0	140	173	27	60	1412	0.1875
SDA-2.5	140	173	27	60	1471	0.1625
SDA-3.0	139	173	27	61	1551	0.1725
\TheName{}-0.5	157	158	42	43	1491	0.1625
\TheName{}-1.0	143	170	30	57	1530	0.1725
\TheName{}-1.5	142	171	29	58	1632	0.1625
\TheName{}-2.0	142	171	29	58	1542	0.175
\TheName{}-2.5	141	171	29	59	1566	0.1725
\TheName{}-3.0	141	171	29	59	1561	0.1775
SVM	158	168	32	42	1	0.005
LR	0	200	0	200	0	0.005
Ye-LDA	125	163	37	75	87	0.005
DTree-10	113	164	36	87	12	0.0025
DTree-20	121	164	36	79	2	0.005
RFC-50	69	189	11	131	6	0.005
RFC-100	79	191	9	121	12	0.01
NLSVM-0.1	92	98	102	108	0	0.015
NLSVM-1.0	186	49	151	14	0	0.0125
NLSVM-10	101	190	10	99	0	0.0125
LDA	111	150	50	89	242	0.2625
SDA-0.5	169	149	51	31	1475	0.19
SDA-1.0	167	149	51	33	1648	0.165
SDA-1.5	167	148	52	33	1743	0.1775
SDA-2.0	167	148	52	33	1476	0.165
SDA-2.5	167	148	52	33	1472	0.17
SDA-3.0	167	148	52	33	1498	0.1625
\TheName{}-0.5	139	175	25	61	1548	0.2025
\TheName{}-1.0	163	168	32	37	1616	0.165
\TheName{}-1.5	165	160	40	35	1535	0.175
\TheName{}-2.0	168	160	40	32	1446	0.1725
\TheName{}-2.5	168	158	42	32	1612	0.17
\TheName{}-3.0	168	157	43	32	1548	0.175
SVM	128	174	26	72	0	0.005
LR	0	200	0	200	1	0.005
Ye-LDA	133	175	25	67	84	0.005
DTree-10	87	162	38	113	22	0.0025
DTree-20	99	151	49	101	1	0.0025
RFC-50	49	195	5	151	6	0.005
RFC-100	29	199	1	171	9	0.01
NLSVM-0.1	2	199	1	198	0	0.015
NLSVM-1.0	3	199	1	197	1	0.0125
NLSVM-10	183	100	100	17	0	0.01
LDA	129	157	43	71	252	0.245
SDA-0.5	114	176	24	86	1490	0.17
SDA-1.0	117	176	24	83	1548	0.1625
SDA-1.5	118	176	24	82	1487	0.1725
SDA-2.0	118	176	24	82	1527	0.1725
SDA-2.5	118	176	24	82	1553	0.1675
SDA-3.0	118	176	24	82	1581	0.1825
\TheName{}-0.5	122	32	168	78	1645	0.165
\TheName{}-1.0	147	100	100	53	1632	0.31
\TheName{}-1.5	154	135	65	46	1759	0.1775
\TheName{}-2.0	147	163	37	53	1560	0.17
\TheName{}-2.5	139	168	32	61	1573	0.165
\TheName{}-3.0	131	170	30	69	1611	0.175
SVM	133	155	45	67	0	0.005
LR	0	200	0	200	1	0.0025
Ye-LDA	70	169	31	130	90	0.005
DTree-10	106	158	42	94	2	0.0025
DTree-20	106	158	42	94	12	0.005
RFC-50	61	179	21	139	3	0.005
RFC-100	54	189	11	146	12	0.0125
NLSVM-0.1	0	200	0	200	0	0.015
NLSVM-1.0	196	31	169	4	0	0.0125
NLSVM-10	200	0	200	0	0	0.015
LDA	137	105	95	63	262	0.1775
SDA-0.5	184	113	87	16	1537	0.1725
SDA-1.0	183	113	87	17	1474	0.175
SDA-1.5	183	113	87	17	1529	0.1675
SDA-2.0	182	113	87	18	1426	0.165
SDA-2.5	182	115	85	18	1475	0.1725
SDA-3.0	182	115	85	18	1445	0.1825
\TheName{}-0.5	129	116	84	71	1637	0.1625
\TheName{}-1.0	162	116	84	38	1617	0.1625
\TheName{}-1.5	170	111	89	30	1631	0.1875
\TheName{}-2.0	178	110	90	22	1647	0.1825
\TheName{}-2.5	180	114	86	20	1565	0.175
\TheName{}-3.0	181	114	86	19	1598	0.1725
SVM	140	116	84	60	1	0.005
LR	0	200	0	200	0	0.005
Ye-LDA	120	163	37	80	87	0.005
DTree-10	148	90	110	52	11	0.0025
DTree-20	148	90	110	52	5	0.005
RFC-50	149	101	99	51	2	0.005
RFC-100	147	127	73	53	12	0.01
NLSVM-0.1	0	200	0	200	0	0.015
NLSVM-1.0	195	30	170	5	0	0.0125
NLSVM-10	196	39	161	4	1	0.01
LDA	96	173	27	104	281	0.2725
SDA-0.5	79	182	18	121	1490	0.175
SDA-1.0	79	182	18	121	1507	0.1625
SDA-1.5	79	183	17	121	1406	0.165
SDA-2.0	79	182	18	121	1470	0.1925
SDA-2.5	79	182	18	121	1513	0.175
SDA-3.0	78	182	18	122	1522	0.1625
\TheName{}-0.5	130	30	170	70	1577	0.1775
\TheName{}-1.0	106	173	27	94	1632	0.1825
\TheName{}-1.5	86	182	18	114	1553	0.1775
\TheName{}-2.0	84	181	19	116	1498	0.17
\TheName{}-2.5	82	180	20	118	1619	0.1625
\TheName{}-3.0	82	182	18	118	1561	0.17
SVM	116	176	24	84	0	0.0075
LR	200	0	200	0	0	0.005
Ye-LDA	87	183	17	113	82	0.02
DTree-10	105	158	42	95	22	0.005
DTree-20	105	158	42	95	2	0.0025
RFC-50	62	183	17	138	4	0.005
RFC-100	57	186	14	143	9	0.0075
NLSVM-0.1	199	5	195	1	1	0.015
NLSVM-1.0	170	40	160	30	0	0.0125
NLSVM-10	47	195	5	153	0	0.0125
LDA	155	142	58	45	240	0.245
SDA-0.5	156	171	29	44	1543	0.1725
SDA-1.0	156	171	29	44	1365	0.1725
SDA-1.5	156	171	29	44	1608	0.17
SDA-2.0	156	171	29	44	1502	0.17
SDA-2.5	156	171	29	44	1557	0.18
SDA-3.0	156	171	29	44	1540	0.1775
\TheName{}-0.5	161	157	43	39	1581	0.1725
\TheName{}-1.0	160	168	32	40	1647	0.1725
\TheName{}-1.5	159	169	31	41	1581	0.1825
\TheName{}-2.0	156	170	30	44	1637	0.1725
\TheName{}-2.5	155	170	30	45	1569	0.1725
\TheName{}-3.0	155	171	29	45	1578	0.18
SVM	156	149	51	44	1	0.005
LR	0	200	0	200	1	0.005
Ye-LDA	97	177	23	103	96	0.005
DTree-10	102	160	40	98	6	0.0025
DTree-20	102	160	40	98	2	0.005
RFC-50	144	153	47	56	2	0.005
RFC-100	108	175	25	92	11	0.01
NLSVM-0.1	0	200	0	200	1	0.015
NLSVM-1.0	23	190	10	177	0	0.0125
NLSVM-10	78	194	6	122	1	0.0125
LDA	129	144	56	71	212	0.2925
SDA-0.5	108	184	16	92	1629	0.17
SDA-1.0	107	184	16	93	1601	0.1725
SDA-1.5	107	184	16	93	1570	0.1725
SDA-2.0	107	184	16	93	1538	0.1725
SDA-2.5	107	184	16	93	1574	0.1775
SDA-3.0	106	184	16	94	1482	0.1775
\TheName{}-0.5	142	62	138	58	1634	0.175
\TheName{}-1.0	119	172	28	81	1725	0.175
\TheName{}-1.5	114	180	20	86	1605	0.1725
\TheName{}-2.0	110	182	18	90	1657	0.175
\TheName{}-2.5	109	180	20	91	1620	0.175
\TheName{}-3.0	109	180	20	91	1592	0.1725
SVM	128	146	54	72	0	0.005
LR	200	0	200	0	1	0.0025
Ye-LDA	180	125	75	20	88	0.005
DTree-10	107	148	52	93	1	0.005
DTree-20	107	148	52	93	22	0.005
RFC-50	47	195	5	153	3	0.005
RFC-100	53	192	8	147	12	0.0125
NLSVM-0.1	50	182	18	150	0	0.015
NLSVM-1.0	196	33	167	4	1	0.01
NLSVM-10	65	196	4	135	1	0.01
LDA	154	138	62	46	295	0.325
SDA-0.5	82	189	11	118	1518	0.1775
SDA-1.0	79	189	11	121	1498	0.17
SDA-1.5	79	189	11	121	1516	0.17
SDA-2.0	77	191	9	123	1460	0.1625
SDA-2.5	77	191	9	123	1540	0.1725
SDA-3.0	77	191	9	123	1545	0.18
\TheName{}-0.5	127	167	33	73	1577	0.1725
\TheName{}-1.0	106	182	18	94	1697	0.17
\TheName{}-1.5	99	185	15	101	1560	0.1825
\TheName{}-2.0	95	188	12	105	1608	0.1725
\TheName{}-2.5	90	188	12	110	1530	0.175
\TheName{}-3.0	88	188	12	112	1614	0.1725
SVM	152	140	60	48	1	0.005
LR	200	0	200	0	0	0.005
Ye-LDA	87	187	13	113	89	0.005
DTree-10	82	174	26	118	3	0.005
DTree-20	82	174	26	118	2	0.0025
RFC-50	19	198	2	181	3	0.005
RFC-100	20	200	0	180	12	0.01
NLSVM-0.1	200	7	193	0	0	0.015
NLSVM-1.0	42	167	33	158	0	0.0225
NLSVM-10	0	200	0	200	0	0.0375
LDA	176	106	94	24	387	0.2275
SDA-0.5	170	151	49	30	1546	0.175
SDA-1.0	169	152	48	31	1590	0.185
SDA-1.5	169	152	48	31	1465	0.17
SDA-2.0	169	152	48	31	1504	0.1675
SDA-2.5	169	152	48	31	1601	0.165
SDA-3.0	169	152	48	31	1536	0.1925
\TheName{}-0.5	146	85	115	54	1676	0.18
\TheName{}-1.0	187	102	98	13	1597	0.2125
\TheName{}-1.5	184	118	82	16	1477	0.1725
\TheName{}-2.0	184	126	74	16	1597	0.1775
\TheName{}-2.5	184	136	64	16	1615	0.1775
\TheName{}-3.0	182	135	65	18	1534	0.1775
SVM	172	114	86	28	0	0.005
LR	0	200	0	200	1	0.005
Ye-LDA	109	172	28	91	87	0.015
DTree-10	181	93	107	19	2	0.01
DTree-20	181	93	107	19	2	0.01
RFC-50	71	189	11	129	8	0.0225
RFC-100	80	192	8	120	12	0.01
NLSVM-0.1	200	5	195	0	0	0.0175
NLSVM-1.0	35	154	46	165	0	0.0175
NLSVM-10	26	198	2	174	1	0.01
LDA	119	181	19	81	238	0.2125
SDA-0.5	157	168	32	43	1497	0.1725
SDA-1.0	156	167	33	44	1447	0.1725
SDA-1.5	156	166	34	44	1493	0.1725
SDA-2.0	156	166	34	44	1398	0.185
SDA-2.5	156	166	34	44	1561	0.2225
SDA-3.0	156	166	34	44	1445	0.1725
\TheName{}-0.5	116	172	28	84	1550	0.1675
\TheName{}-1.0	147	174	26	53	1707	0.1725
\TheName{}-1.5	151	171	29	49	1669	0.1725
\TheName{}-2.0	155	171	29	45	1569	0.1725
\TheName{}-2.5	155	170	30	45	1524	0.18
\TheName{}-3.0	155	168	32	45	1577	0.1725
SVM	127	176	24	73	1	0.005
LR	0	200	0	200	1	0.005
Ye-LDA	143	168	32	57	87	0.0025
DTree-10	67	179	21	133	2	0.0025
DTree-20	67	179	21	133	1	0.005
RFC-50	47	194	6	153	2	0.005
RFC-100	61	190	10	139	11	0.0075
NLSVM-0.1	2	200	0	198	1	0.015
NLSVM-1.0	171	67	133	29	0	0.0125
NLSVM-10	131	182	18	69	0	0.0125
LDA	146	150	50	54	239	0.27
SDA-0.5	124	170	30	76	1459	0.1775
SDA-1.0	120	171	29	80	1489	0.1725
SDA-1.5	120	172	28	80	1546	0.17
SDA-2.0	120	172	28	80	1593	0.18
SDA-2.5	117	172	28	83	1569	0.175
SDA-3.0	116	172	28	84	1487	0.1875
\TheName{}-0.5	137	161	39	63	1537	0.1775
\TheName{}-1.0	123	171	29	77	1644	0.175
\TheName{}-1.5	121	173	27	79	1670	0.18
\TheName{}-2.0	123	171	29	77	1642	0.1725
\TheName{}-2.5	121	171	29	79	1512	0.19
\TheName{}-3.0	120	171	29	80	1621	0.1725
SVM	144	156	44	56	0	0.005
LR	0	200	0	200	0	0.005
Ye-LDA	102	179	21	98	88	0.005
DTree-10	109	164	36	91	2	0.005
DTree-20	109	164	36	91	12	0.005
RFC-50	56	186	14	144	3	0.005
RFC-100	53	188	12	147	12	0.01
NLSVM-0.1	0	200	0	200	0	0.015
NLSVM-1.0	197	27	173	3	1	0.0125
NLSVM-10	200	0	200	0	0	0.03
LDA	128	160	40	72	234	0.305
SDA-0.5	147	162	38	53	1441	0.1725
SDA-1.0	145	162	38	55	1579	0.18
SDA-1.5	146	162	38	54	1475	0.1775
SDA-2.0	146	162	38	54	1577	0.175
SDA-2.5	147	162	38	53	1549	0.1875
SDA-3.0	147	162	38	53	1540	0.1725
\TheName{}-0.5	141	78	122	59	1710	0.175
\TheName{}-1.0	176	155	45	24	1591	0.17
\TheName{}-1.5	164	158	42	36	1608	0.1725
\TheName{}-2.0	160	160	40	40	1670	0.1725
\TheName{}-2.5	155	161	39	45	1496	0.1725
\TheName{}-3.0	149	162	38	51	1548	0.17
SVM	146	153	47	54	1	0.005
LR	0	200	0	200	0	0.005
Ye-LDA	129	161	39	71	89	0.005
DTree-10	105	160	40	95	1	0.005
DTree-20	105	160	40	95	1	0.005
RFC-50	62	187	13	138	6	0.005
RFC-100	63	185	15	137	11	0.01
NLSVM-0.1	0	200	0	200	0	0.015
NLSVM-1.0	175	46	154	25	0	0.0125
NLSVM-10	200	0	200	0	0	0.0125
LDA	153	147	53	47	237	0.2625
SDA-0.5	91	190	10	109	1509	0.1625
SDA-1.0	92	191	9	108	1631	0.1875
SDA-1.5	91	192	8	109	1491	0.175
SDA-2.0	91	192	8	109	1580	0.18
SDA-2.5	91	192	8	109	1538	0.1725
SDA-3.0	91	192	8	109	1512	0.175
\TheName{}-0.5	155	57	143	45	1650	0.1725
\TheName{}-1.0	128	174	26	72	1570	0.185
\TheName{}-1.5	107	189	11	93	1724	0.1775
\TheName{}-2.0	99	190	10	101	1570	0.175
\TheName{}-2.5	94	191	9	106	1520	0.175
\TheName{}-3.0	93	190	10	107	1620	0.18
SVM	163	156	44	37	0	0.005
LR	0	200	0	200	1	0.005
Ye-LDA	79	184	16	121	95	0.005
DTree-10	75	149	51	125	13	0.005
DTree-20	75	149	51	125	12	0.0025
RFC-50	45	187	13	155	3	0.005
RFC-100	39	193	7	161	10	0.01
NLSVM-0.1	200	1	199	0	1	0.015
NLSVM-1.0	199	49	151	1	0	0.0125
NLSVM-10	200	0	200	0	0	0.0125
LDA	141	159	41	59	253	0.235
SDA-0.5	166	144	56	34	1686	0.18
SDA-1.0	166	144	56	34	1528	0.17
SDA-1.5	166	144	56	34	1522	0.1775
SDA-2.0	166	144	56	34	1564	0.17
SDA-2.5	166	144	56	34	1548	0.1775
SDA-3.0	166	144	56	34	1548	0.1775
\TheName{}-0.5	152	115	85	48	1596	0.1725
\TheName{}-1.0	160	137	63	40	1579	0.1775
\TheName{}-1.5	162	139	61	38	1580	0.175
\TheName{}-2.0	162	141	59	38	1551	0.17
\TheName{}-2.5	163	140	60	37	1734	0.1725
\TheName{}-3.0	164	140	60	36	1551	0.175
SVM	144	159	41	56	1	0.005
LR	0	200	0	200	0	0.005
Ye-LDA	123	168	32	77	90	0.005
DTree-10	184	101	99	16	1	0.005
DTree-20	184	101	99	16	1	0.005
RFC-50	103	182	18	97	7	0.0075
RFC-100	118	185	15	82	16	0.0125
NLSVM-0.1	200	2	198	0	0	0.0175
NLSVM-1.0	200	7	193	0	0	0.0125
NLSVM-10	199	52	148	1	0	0.0125
LDA	124	146	54	76	240	0.2275
SDA-0.5	187	105	95	13	1483	0.17
SDA-1.0	182	103	97	18	1525	0.17
SDA-1.5	181	104	96	19	1636	0.1775
SDA-2.0	180	104	96	20	1524	0.1775
SDA-2.5	180	104	96	20	1516	0.175
SDA-3.0	180	104	96	20	1463	0.165
\TheName{}-0.5	150	139	61	50	1670	0.1725
\TheName{}-1.0	169	125	75	31	1520	0.17
\TheName{}-1.5	177	113	87	23	1614	0.175
\TheName{}-2.0	179	106	94	21	1682	0.1725
\TheName{}-2.5	181	104	96	19	1585	0.1675
\TheName{}-3.0	181	104	96	19	1743	0.1825
SVM	137	142	58	63	1	0.005
LR	0	200	0	200	0	0.0075
Ye-LDA	163	126	74	37	84	0.005
DTree-10	125	129	71	75	2	0.005
DTree-20	125	129	71	75	1	0.005
RFC-50	90	156	44	110	2	0.005
RFC-100	81	169	31	119	13	0.01
NLSVM-0.1	200	4	196	0	0	0.0175
NLSVM-1.0	174	38	162	26	0	0.0125
NLSVM-10	113	173	27	87	0	0.0125
LDA	146	109	91	54	240	0.4875
SDA-0.5	190	109	91	10	1449	0.18
SDA-1.0	190	108	92	10	1482	0.175
SDA-1.5	190	108	92	10	1525	0.17
SDA-2.0	190	108	92	10	1477	0.18
SDA-2.5	190	107	93	10	1564	0.175
SDA-3.0	191	104	96	9	1570	0.1725
\TheName{}-0.5	120	63	137	80	1590	0.175
\TheName{}-1.0	169	78	122	31	1619	0.17
\TheName{}-1.5	186	87	113	14	1534	0.18
\TheName{}-2.0	189	93	107	11	1625	0.175
\TheName{}-2.5	191	96	104	9	1778	0.1775
\TheName{}-3.0	191	100	100	9	1668	0.1775
SVM	168	105	95	32	0	0.005
LR	0	200	0	200	1	0.0025
Ye-LDA	134	141	59	66	86	0.005
DTree-10	157	115	85	43	1	0.005
DTree-20	157	115	85	43	2	0.005
RFC-50	7	200	0	193	4	0.005
RFC-100	36	199	1	164	11	0.0075
NLSVM-0.1	2	200	0	198	0	0.015
NLSVM-1.0	59	154	46	141	0	0.0125
NLSVM-10	143	125	75	57	0	0.01
LDA	177	124	76	23	313	0.3275
SDA-0.5	183	123	77	17	1578	0.1875
SDA-1.0	179	124	76	21	1534	0.1725
SDA-1.5	176	126	74	24	1648	0.1725
SDA-2.0	173	126	74	27	1581	0.1925
SDA-2.5	173	126	74	27	1505	0.1625
SDA-3.0	173	126	74	27	1473	0.1675
\TheName{}-0.5	136	101	99	64	1654	0.175
\TheName{}-1.0	194	122	78	6	1557	0.1725
\TheName{}-1.5	189	129	71	11	1628	0.1725
\TheName{}-2.0	189	128	72	11	1591	0.1775
\TheName{}-2.5	185	128	72	15	1552	0.175
\TheName{}-3.0	185	125	75	15	1594	0.1725
SVM	180	127	73	20	0	0.005
LR	200	0	200	0	0	0.005
Ye-LDA	180	129	71	20	83	0.005
DTree-10	104	148	52	96	2	0.005
DTree-20	104	148	52	96	18	0.0025
RFC-50	69	189	11	131	3	0.005
RFC-100	69	186	14	131	19	0.01
NLSVM-0.1	200	11	189	0	0	0.015
NLSVM-1.0	200	31	169	0	0	0.0125
NLSVM-10	199	88	112	1	0	0.01
LDA	91	181	19	109	280	0.2575
SDA-0.5	104	182	18	96	1535	0.1725
SDA-1.0	103	182	18	97	1502	0.1775
SDA-1.5	103	182	18	97	1562	0.1775
SDA-2.0	102	182	18	98	1538	0.1625
SDA-2.5	102	182	18	98	1487	0.1725
SDA-3.0	102	182	18	98	1533	0.17
\TheName{}-0.5	114	35	165	86	1670	0.17
\TheName{}-1.0	127	109	91	73	1706	0.185
\TheName{}-1.5	129	179	21	71	1627	0.175
\TheName{}-2.0	113	183	17	87	1574	0.175
\TheName{}-2.5	111	184	16	89	1630	0.18
\TheName{}-3.0	108	182	18	92	1677	0.195
SVM	106	178	22	94	1	0.0125
LR	0	200	0	200	1	0.0125
Ye-LDA	80	184	16	120	100	0.015
DTree-10	77	159	41	123	2	0.01
DTree-20	77	159	41	123	12	0.0025
RFC-50	51	191	9	149	3	0.005
RFC-100	59	191	9	141	8	0.01
NLSVM-0.1	200	11	189	0	0	0.015
NLSVM-1.0	161	66	134	39	1	0.0125
NLSVM-10	0	200	0	200	0	0.0125
LDA	161	91	109	39	289	0.285
SDA-0.5	179	119	81	21	1443	0.1725
SDA-1.0	178	120	80	22	1543	0.17
SDA-1.5	178	120	80	22	1499	0.1625
SDA-2.0	178	120	80	22	1560	0.1675
SDA-2.5	178	120	80	22	1523	0.1725
SDA-3.0	178	120	80	22	1488	0.17
\TheName{}-0.5	157	59	141	43	1542	0.1725
\TheName{}-1.0	185	88	112	15	1565	0.18
\TheName{}-1.5	185	100	100	15	1638	0.175
\TheName{}-2.0	184	106	94	16	1531	0.17
\TheName{}-2.5	183	109	91	17	1539	0.1725
\TheName{}-3.0	182	111	89	18	1680	0.1725
SVM	159	94	106	41	1	0.005
LR	0	200	0	200	1	0.0025
Ye-LDA	128	116	84	72	96	0.0125
DTree-10	88	164	36	112	2	0.0075
DTree-20	88	164	36	112	2	0.0025
RFC-50	34	189	11	166	6	0.0075
RFC-100	54	173	27	146	6	0.01
NLSVM-0.1	200	7	193	0	0	0.015
NLSVM-1.0	73	147	53	127	1	0.01
NLSVM-10	200	28	172	0	1	0.01
LDA	121	163	37	79	261	0.2575
SDA-0.5	140	152	48	60	1476	0.175
SDA-1.0	140	152	48	60	1515	0.1775
SDA-1.5	139	152	48	61	1532	0.1725
SDA-2.0	139	152	48	61	1419	0.175
SDA-2.5	139	152	48	61	1487	0.1825
SDA-3.0	139	152	48	61	1541	0.2
\TheName{}-0.5	145	158	42	55	1688	0.18
\TheName{}-1.0	142	155	45	58	1571	0.18
\TheName{}-1.5	141	153	47	59	1559	0.175
\TheName{}-2.0	141	153	47	59	1644	0.1775
\TheName{}-2.5	141	153	47	59	1585	0.175
\TheName{}-3.0	140	153	47	60	1572	0.175
SVM	131	163	37	69	1	0.005
LR	0	200	0	200	0	0.005
Ye-LDA	139	157	43	61	89	0.005
DTree-10	93	130	70	107	1	0.005
DTree-20	93	130	70	107	1	0.005
RFC-50	63	188	12	137	2	0.005
RFC-100	70	175	25	130	11	0.01
NLSVM-0.1	200	7	193	0	1	0.015
NLSVM-1.0	165	66	134	35	0	0.0125
NLSVM-10	174	133	67	26	0	0.0125
LDA	125	178	22	75	241	0.2725
SDA-0.5	102	188	12	98	1491	0.1725
SDA-1.0	102	187	13	98	1543	0.1725
SDA-1.5	102	187	13	98	1498	0.18
SDA-2.0	100	187	13	100	1567	0.2125
SDA-2.5	99	187	13	101	1569	0.17
SDA-3.0	99	187	13	101	1456	0.1675
\TheName{}-0.5	131	25	175	69	1630	0.1725
\TheName{}-1.0	157	68	132	43	1585	0.17
\TheName{}-1.5	163	159	41	37	1584	0.17
\TheName{}-2.0	138	178	22	62	1579	0.1725
\TheName{}-2.5	121	182	18	79	1587	0.2075
\TheName{}-3.0	115	183	17	85	1622	0.175
SVM	141	176	24	59	0	0.005
LR	0	200	0	200	0	0.005
Ye-LDA	91	183	17	109	87	0.005
DTree-10	109	155	45	91	2	0.005
DTree-20	109	155	45	91	1	0.005
RFC-50	52	192	8	148	6	0.005
RFC-100	70	188	12	130	13	0.0075
NLSVM-0.1	200	4	196	0	1	0.015
NLSVM-1.0	178	46	154	22	0	0.0125
NLSVM-10	200	0	200	0	0	0.0125
LDA	152	118	82	48	312	0.495
SDA-0.5	176	112	88	24	1538	0.175
SDA-1.0	177	112	88	23	1554	0.1675
SDA-1.5	177	113	87	23	1459	0.17
SDA-2.0	177	114	86	23	1697	0.175
SDA-2.5	175	114	86	25	1506	0.175
SDA-3.0	175	115	85	25	1478	0.1725
\TheName{}-0.5	152	102	98	48	1636	0.18
\TheName{}-1.0	174	111	89	26	1568	0.175
\TheName{}-1.5	177	109	91	23	1588	0.1725
\TheName{}-2.0	176	109	91	24	1588	0.175
\TheName{}-2.5	176	109	91	24	1588	0.1725
\TheName{}-3.0	177	109	91	23	1581	0.1725
SVM	153	123	77	47	1	0.005
LR	0	200	0	200	0	0.005
Ye-LDA	139	147	53	61	93	0.005
DTree-10	107	135	65	93	2	0.0025
DTree-20	107	135	65	93	13	0.005
RFC-50	35	195	5	165	6	0.005
RFC-100	49	190	10	151	11	0.01
NLSVM-0.1	200	9	191	0	0	0.02
NLSVM-1.0	199	23	177	1	0	0.0125
NLSVM-10	200	0	200	0	0	0.015
LDA	142	162	38	58	223	0.2975
SDA-0.5	132	167	33	68	1499	0.17
SDA-1.0	130	163	37	70	1533	0.1775
SDA-1.5	130	163	37	70	1510	0.1725
SDA-2.0	130	163	37	70	1502	0.1725
SDA-2.5	130	163	37	70	1510	0.1725
SDA-3.0	130	162	38	70	1452	0.18
\TheName{}-0.5	146	65	135	54	1569	0.175
\TheName{}-1.0	165	151	49	35	1629	0.1775
\TheName{}-1.5	153	156	44	47	1640	0.1825
\TheName{}-2.0	144	158	42	56	1640	0.175
\TheName{}-2.5	143	157	43	57	1558	0.1725
\TheName{}-3.0	142	159	41	58	1609	0.175
SVM	147	155	45	53	0	0.0075
LR	0	200	0	200	0	0.015
Ye-LDA	103	160	40	97	91	0.005
DTree-10	113	144	56	87	2	0.0025
DTree-20	113	144	56	87	2	0.005
RFC-50	43	191	9	157	3	0.005
RFC-100	52	187	13	148	11	0.01
NLSVM-0.1	61	181	19	139	1	0.015
NLSVM-1.0	195	18	182	5	0	0.0125
NLSVM-10	0	200	0	200	1	0.0125
LDA	115	158	42	85	243	0.2275
SDA-0.5	116	185	15	84	1601	0.18
SDA-1.0	114	184	16	86	1516	0.18
SDA-1.5	112	184	16	88	1511	0.1775
SDA-2.0	112	184	16	88	1527	0.17
SDA-2.5	112	184	16	88	1566	0.1925
SDA-3.0	112	184	16	88	1518	0.1725
\TheName{}-0.5	157	51	149	43	1592	0.18
\TheName{}-1.0	147	162	38	53	1649	0.1775
\TheName{}-1.5	137	177	23	63	1592	0.19
\TheName{}-2.0	127	177	23	73	1556	0.1775
\TheName{}-2.5	127	178	22	73	1559	0.175
\TheName{}-3.0	125	179	21	75	1629	0.1725
SVM	126	148	52	74	1	0.005
LR	200	0	200	0	0	0.005
Ye-LDA	142	164	36	58	86	0.005
DTree-10	107	153	47	93	13	0.0025
DTree-20	107	153	47	93	2	0.0025
RFC-50	48	195	5	152	3	0.005
RFC-100	68	190	10	132	13	0.0125
NLSVM-0.1	200	8	192	0	0	0.02
NLSVM-1.0	167	59	141	33	0	0.0125
NLSVM-10	189	106	94	11	0	0.01
LDA	138	143	57	62	266	0.275
SDA-0.5	194	62	138	6	1424	0.1625
SDA-1.0	194	62	138	6	1424	0.1625
SDA-1.5	194	62	138	6	1392	0.185
SDA-2.0	194	62	138	6	1689	0.175
SDA-2.5	194	62	138	6	1584	0.1775
SDA-3.0	194	62	138	6	1536	0.1825
\TheName{}-0.5	101	175	25	99	1731	0.18
\TheName{}-1.0	183	107	93	17	1473	0.1725
\TheName{}-1.5	191	84	116	9	1534	0.1725
\TheName{}-2.0	192	73	127	8	1504	0.19
\TheName{}-2.5	193	71	129	7	1543	0.1725
\TheName{}-3.0	194	71	129	6	1555	0.175
SVM	138	140	60	62	0	0.0075
LR	0	200	0	200	0	0.005
Ye-LDA	183	85	115	17	84	0.005
DTree-10	150	91	109	50	2	0.005
DTree-20	150	91	109	50	1	0.005
RFC-50	92	166	34	108	2	0.005
RFC-100	123	158	42	77	10	0.0075
NLSVM-0.1	0	200	0	200	1	0.0125
NLSVM-1.0	155	97	103	45	1	0.0125
NLSVM-10	0	200	0	200	0	0.0125
LDA	171	129	71	29	281	0.36
SDA-0.5	132	172	28	68	1567	0.175
SDA-1.0	131	173	27	69	1583	0.18
SDA-1.5	131	173	27	69	1583	0.18
SDA-2.0	131	173	27	69	1426	0.1775
SDA-2.5	131	173	27	69	1566	0.18
SDA-3.0	131	173	27	69	1485	0.175
\TheName{}-0.5	154	148	52	46	1631	0.1725
\TheName{}-1.0	140	160	40	60	1607	0.1775
\TheName{}-1.5	137	166	34	63	1506	0.175
\TheName{}-2.0	134	170	30	66	1574	0.1725
\TheName{}-2.5	133	171	29	67	1528	0.175
\TheName{}-3.0	132	171	29	68	1717	0.175
SVM	169	130	70	31	1	0.005
LR	200	0	200	0	0	0.005
Ye-LDA	124	144	56	76	88	0.0025
DTree-10	108	141	59	92	3	0.0025
DTree-20	115	139	61	85	3	0.005
RFC-50	83	177	23	117	6	0.005
RFC-100	66	186	14	134	12	0.0125
NLSVM-0.1	0	200	0	200	0	0.015
NLSVM-1.0	5	199	1	195	1	0.01
NLSVM-10	200	0	200	0	1	0.01
LDA	147	110	90	53	252	0.2475
SDA-0.5	114	183	17	86	1574	0.1775
SDA-1.0	114	182	18	86	1437	0.2
SDA-1.5	112	183	17	88	1497	0.1725
SDA-2.0	111	183	17	89	1483	0.17
SDA-2.5	111	183	17	89	1534	0.1775
SDA-3.0	111	183	17	89	1554	0.175
\TheName{}-0.5	150	134	66	50	1456	0.1725
\TheName{}-1.0	129	181	19	71	1626	0.1725
\TheName{}-1.5	121	180	20	79	1591	0.1725
\TheName{}-2.0	118	180	20	82	1583	0.1775
\TheName{}-2.5	116	181	19	84	1522	0.1725
\TheName{}-3.0	116	181	19	84	1596	0.1725
SVM	142	131	69	58	0	0.005
LR	200	0	200	0	1	0.0025
Ye-LDA	107	183	17	93	84	0.005
DTree-10	72	185	15	128	23	0.005
DTree-20	72	185	15	128	2	0.0025
RFC-50	45	195	5	155	6	0.005
RFC-100	33	198	2	167	11	0.01
NLSVM-0.1	2	200	0	198	0	0.015
NLSVM-1.0	64	134	66	136	0	0.0125
NLSVM-10	0	200	0	200	0	0.01
LDA	117	150	50	83	230	0.2925
SDA-0.5	122	158	42	78	1425	0.175
SDA-1.0	119	157	43	81	1503	0.175
SDA-1.5	117	158	42	83	1595	0.185
SDA-2.0	116	157	43	84	1678	0.1825
SDA-2.5	116	157	43	84	1547	0.1825
SDA-3.0	116	157	43	84	1442	0.17
\TheName{}-0.5	133	144	56	67	1576	0.1725
\TheName{}-1.0	121	153	47	79	1707	0.1725
\TheName{}-1.5	120	155	45	80	1588	0.1875
\TheName{}-2.0	119	157	43	81	1542	0.175
\TheName{}-2.5	117	155	45	83	1696	0.175
\TheName{}-3.0	117	156	44	83	1495	0.1975
SVM	132	146	54	68	1	0.005
LR	200	0	200	0	0	0.0025
Ye-LDA	154	115	85	46	88	0.005
DTree-10	90	158	42	110	2	0.0025
DTree-20	90	158	42	110	2	0.0025
RFC-50	65	187	13	135	7	0.005
RFC-100	74	179	21	126	12	0.01
NLSVM-0.1	0	200	0	200	0	0.0175
NLSVM-1.0	150	73	127	50	0	0.0125
NLSVM-10	200	0	200	0	0	0.0125
LDA	166	70	130	34	253	0.275
SDA-0.5	139	167	33	61	1539	0.1775
SDA-1.0	139	167	33	61	1465	0.2325
SDA-1.5	139	166	34	61	1520	0.1725
SDA-2.0	140	165	35	60	1460	0.1775
SDA-2.5	140	164	36	60	1495	0.1675
SDA-3.0	140	161	39	60	1580	0.1625
\TheName{}-0.5	149	49	151	51	1596	0.17
\TheName{}-1.0	183	99	101	17	1605	0.1825
\TheName{}-1.5	180	124	76	20	1663	0.195
\TheName{}-2.0	177	132	68	23	1533	0.1725
\TheName{}-2.5	176	138	62	24	1537	0.17
\TheName{}-3.0	147	149	51	53	1658	0.1725
SVM	168	97	103	32	1	0.005
LR	0	200	0	200	0	0.005
Ye-LDA	134	157	43	66	87	0.005
DTree-10	157	96	104	43	1	0.005
DTree-20	157	96	104	43	1	0.0025
RFC-50	125	162	38	75	3	0.005
RFC-100	67	191	9	133	10	0.01
NLSVM-0.1	120	80	120	80	0	0.015
NLSVM-1.0	33	152	48	167	0	0.0125
NLSVM-10	200	0	200	0	0	0.0125
LDA	183	79	121	17	237	0.27
SDA-0.5	156	154	46	44	1436	0.185
SDA-1.0	156	154	46	44	1547	0.18
SDA-1.5	156	154	46	44	1618	0.17
SDA-2.0	156	154	46	44	1499	0.1725
SDA-2.5	156	154	46	44	1517	0.1775
SDA-3.0	156	154	46	44	1504	0.195
\TheName{}-0.5	164	91	109	36	1596	0.1725
\TheName{}-1.0	178	132	68	22	1583	0.1725
\TheName{}-1.5	171	147	53	29	1779	0.1725
\TheName{}-2.0	163	150	50	37	1639	0.18
\TheName{}-2.5	161	152	48	39	1558	0.1725
\TheName{}-3.0	160	152	48	40	1487	0.175
SVM	187	101	99	13	0	0.005
LR	0	200	0	200	1	0.0025
Ye-LDA	122	171	29	78	87	0.005
DTree-10	83	162	38	117	12	0.0025
DTree-20	117	147	53	83	2	0.005
RFC-50	63	181	19	137	6	0.005
RFC-100	77	174	26	123	12	0.01
NLSVM-0.1	0	199	1	200	0	0.015
NLSVM-1.0	58	170	30	142	0	0.0125
NLSVM-10	132	164	36	68	0	0.0125
LDA	155	149	51	45	299	0.3625
SDA-0.5	180	136	64	20	1445	0.175
SDA-1.0	179	134	66	21	1579	0.18
SDA-1.5	179	130	70	21	1456	0.1725
SDA-2.0	179	130	70	21	1534	0.1725
SDA-2.5	179	129	71	21	1517	0.1725
SDA-3.0	179	129	71	21	1478	0.175
\TheName{}-0.5	175	155	45	25	1778	0.175
\TheName{}-1.0	181	142	58	19	1584	0.175
\TheName{}-1.5	181	139	61	19	1776	0.1775
\TheName{}-2.0	180	138	62	20	1598	0.2075
\TheName{}-2.5	180	138	62	20	1639	0.18
\TheName{}-3.0	180	137	63	20	1538	0.1875
SVM	157	147	53	43	1	0.005
LR	0	200	0	200	0	0.005
Ye-LDA	137	157	43	63	103	0.03
DTree-10	96	137	63	104	1	0.015
DTree-20	96	137	63	104	16	0.015
RFC-50	74	189	11	126	2	0.02
RFC-100	60	185	15	140	18	0.0225
NLSVM-0.1	200	6	194	0	0	0.015
NLSVM-1.0	13	197	3	187	1	0.0125
NLSVM-10	195	71	129	5	0	0.0125
LDA	94	158	42	106	195	0.2775
SDA-0.5	93	178	22	107	1451	0.1775
SDA-1.0	91	177	23	109	1665	0.17
SDA-1.5	91	177	23	109	1501	0.1725
SDA-2.0	91	176	24	109	1557	0.17
SDA-2.5	91	175	25	109	1557	0.18
SDA-3.0	91	175	25	109	1482	0.1725
\TheName{}-0.5	125	39	161	75	1602	0.1875
\TheName{}-1.0	105	173	27	95	1567	0.18
\TheName{}-1.5	101	176	24	99	1598	0.175
\TheName{}-2.0	99	178	22	101	1567	0.1725
\TheName{}-2.5	95	177	23	105	1562	0.17
\TheName{}-3.0	93	176	24	107	1721	0.1725
SVM	116	156	44	84	1	0.005
LR	0	200	0	200	0	0.005
Ye-LDA	81	169	31	119	86	0.005
DTree-10	91	154	46	109	5	0.0025
DTree-20	91	154	46	109	3	0.0025
RFC-50	52	191	9	148	5	0.005
RFC-100	54	187	13	146	5	0.0075
NLSVM-0.1	1	200	0	199	1	0.015
NLSVM-1.0	180	51	149	20	0	0.0125
NLSVM-10	0	200	0	200	0	0.0125
LDA	128	167	33	72	284	0.405
SDA-0.5	161	144	56	39	1572	0.1725
SDA-1.0	161	145	55	39	1475	0.1725
SDA-1.5	160	145	55	40	1494	0.1775
SDA-2.0	159	145	55	41	1543	0.18
SDA-2.5	158	145	55	42	1508	0.175
SDA-3.0	158	146	54	42	1502	0.1725
\TheName{}-0.5	33	168	32	167	1541	0.17
\TheName{}-1.0	135	170	30	65	1695	0.1875
\TheName{}-1.5	148	162	38	52	1616	0.185
\TheName{}-2.0	153	155	45	47	1625	0.195
\TheName{}-2.5	154	154	46	46	1591	0.1775
\TheName{}-3.0	156	150	50	44	1569	0.1725
SVM	134	171	29	66	0	0.0075
LR	0	200	0	200	1	0.005
Ye-LDA	133	156	44	67	89	0.005
DTree-10	82	143	57	118	1	0.0025
DTree-20	82	143	57	118	2	0.0025
RFC-50	54	183	17	146	3	0.005
RFC-100	51	184	16	149	10	0.01
NLSVM-0.1	200	8	192	0	0	0.015
NLSVM-1.0	191	37	163	9	1	0.01
NLSVM-10	152	151	49	48	0	0.0125
LDA	146	79	121	54	200	0.29
SDA-0.5	102	177	23	98	1481	0.17
SDA-1.0	100	178	22	100	1433	0.175
SDA-1.5	98	178	22	102	1517	0.18
SDA-2.0	98	178	22	102	1493	0.175
SDA-2.5	98	178	22	102	1525	0.1875
SDA-3.0	98	178	22	102	1489	0.175
\TheName{}-0.5	142	59	141	58	1566	0.175
\TheName{}-1.0	165	144	56	35	1508	0.175
\TheName{}-1.5	119	175	25	81	1567	0.1925
\TheName{}-2.0	113	180	20	87	1597	0.175
\TheName{}-2.5	106	180	20	94	1586	0.175
\TheName{}-3.0	105	179	21	95	1569	0.18
SVM	172	110	90	28	1	0.005
LR	0	200	0	200	0	0.005
Ye-LDA	77	178	22	123	101	0.0025
DTree-10	81	164	36	119	2	0.0
DTree-20	107	134	66	93	3	0.0
RFC-50	36	185	15	164	3	0.005
RFC-100	35	189	11	165	11	0.005
NLSVM-0.1	2	200	0	198	0	0.0175
NLSVM-1.0	70	139	61	130	0	0.0125
NLSVM-10	0	200	0	200	0	0.0525
LDA	151	131	69	49	191	0.275
SDA-0.5	150	155	45	50	1441	0.1925
SDA-1.0	150	154	46	50	1451	0.1725
SDA-1.5	151	154	46	49	1520	0.1725
SDA-2.0	151	154	46	49	1486	0.1825
SDA-2.5	151	154	46	49	1468	0.175
SDA-3.0	151	154	46	49	1367	0.175
\TheName{}-0.5	185	143	57	15	1627	0.185
\TheName{}-1.0	151	154	46	49	1581	0.175
\TheName{}-1.5	150	156	44	50	1663	0.1775
\TheName{}-2.0	150	154	46	50	1590	0.175
\TheName{}-2.5	150	154	46	50	1572	0.1775
\TheName{}-3.0	150	154	46	50	1609	0.1725
SVM	130	152	48	70	0	0.0075
LR	0	200	0	200	0	0.005
Ye-LDA	117	146	54	83	90	0.005
DTree-10	93	140	60	107	2	0.005
DTree-20	93	140	60	107	1	0.005
RFC-50	50	188	12	150	7	0.0075
RFC-100	77	180	20	123	11	0.01
NLSVM-0.1	0	200	0	200	0	0.025
NLSVM-1.0	199	36	164	1	0	0.0125
NLSVM-10	0	200	0	200	0	0.015
LDA	124	163	37	76	293	0.275
SDA-0.5	94	180	20	106	1647	0.1775
SDA-1.0	93	180	20	107	1606	0.1775
SDA-1.5	92	180	20	108	1519	0.175
SDA-2.0	92	180	20	108	1522	0.1625
SDA-2.5	92	180	20	108	1492	0.165
SDA-3.0	92	180	20	108	1567	0.17
\TheName{}-0.5	131	49	151	69	1568	0.1725
\TheName{}-1.0	141	172	28	59	1477	0.1675
\TheName{}-1.5	111	176	24	89	1585	0.175
\TheName{}-2.0	104	178	22	96	1649	0.1725
\TheName{}-2.5	102	179	21	98	1553	0.175
\TheName{}-3.0	102	179	21	98	1624	0.175
SVM	131	162	38	69	0	0.005
LR	0	200	0	200	1	0.0025
Ye-LDA	100	172	28	100	92	0.005
DTree-10	81	167	33	119	1	0.005
DTree-20	81	167	33	119	1	0.005
RFC-50	51	190	10	149	2	0.005
RFC-100	41	194	6	159	11	0.01
NLSVM-0.1	0	200	0	200	0	0.0175
NLSVM-1.0	0	200	0	200	0	0.0125
NLSVM-10	200	5	195	0	0	0.01
LDA	133	141	59	67	321	0.2425
SDA-0.5	108	183	17	92	1546	0.17
SDA-1.0	107	182	18	93	1417	0.17
SDA-1.5	107	182	18	93	1588	0.18
SDA-2.0	106	182	18	94	1505	0.175
SDA-2.5	106	181	19	94	1509	0.17
SDA-3.0	106	181	19	94	1458	0.1725
\TheName{}-0.5	129	39	161	71	1579	0.185
\TheName{}-1.0	160	147	53	40	1565	0.175
\TheName{}-1.5	143	176	24	57	1580	0.175
\TheName{}-2.0	133	178	22	67	1588	0.1725
\TheName{}-2.5	128	179	21	72	1705	0.1725
\TheName{}-3.0	124	182	18	76	1534	0.18
SVM	118	168	32	82	0	0.005
LR	0	200	0	200	0	0.0025
Ye-LDA	114	180	20	86	91	0.005
DTree-10	105	150	50	95	14	0.005
DTree-20	105	150	50	95	2	0.005
RFC-50	45	192	8	155	5	0.005
RFC-100	45	192	8	155	12	0.0075
NLSVM-0.1	200	8	192	0	1	0.015
NLSVM-1.0	145	100	100	55	0	0.0125
NLSVM-10	162	164	36	38	1	0.01
LDA	159	129	71	41	262	0.4425
SDA-0.5	177	129	71	23	1428	0.165
SDA-1.0	178	129	71	22	1379	0.175
SDA-1.5	178	129	71	22	1476	0.175
SDA-2.0	178	129	71	22	1475	0.17
SDA-2.5	178	129	71	22	1524	0.1725
SDA-3.0	178	129	71	22	1520	0.1775
\TheName{}-0.5	164	140	60	36	1663	0.1725
\TheName{}-1.0	178	132	68	22	1581	0.1725
\TheName{}-1.5	177	131	69	23	1630	0.175
\TheName{}-2.0	179	129	71	21	1578	0.1725
\TheName{}-2.5	179	129	71	21	1544	0.185
\TheName{}-3.0	179	129	71	21	1604	0.1775
SVM	161	134	66	39	1	0.005
LR	0	200	0	200	0	0.005
Ye-LDA	129	172	28	71	90	0.005
DTree-10	156	85	115	44	14	0.0025
DTree-20	154	101	99	46	2	0.0
RFC-50	84	177	23	116	6	0.0025
RFC-100	93	175	25	107	12	0.0075
NLSVM-0.1	1	200	0	199	0	0.015
NLSVM-1.0	197	20	180	3	0	0.0125
NLSVM-10	172	134	66	28	0	0.01
LDA	118	130	70	82	225	0.23
SDA-0.5	124	161	39	76	1484	0.1875
SDA-1.0	124	161	39	76	1592	0.19
SDA-1.5	124	161	39	76	1523	0.17
SDA-2.0	124	160	40	76	1484	0.1725
SDA-2.5	124	160	40	76	1557	0.17
SDA-3.0	124	160	40	76	1555	0.1725
\TheName{}-0.5	131	153	47	69	1561	0.175
\TheName{}-1.0	131	160	40	69	1539	0.1725
\TheName{}-1.5	127	161	39	73	1608	0.1725
\TheName{}-2.0	124	161	39	76	1540	0.18
\TheName{}-2.5	124	161	39	76	1546	0.1825
\TheName{}-3.0	124	161	39	76	1586	0.1725
SVM	123	124	76	77	0	0.005
LR	0	200	0	200	0	0.005
Ye-LDA	118	150	50	82	85	0.0025
DTree-10	117	121	79	83	5	0.0025
DTree-20	117	121	79	83	3	0.0025
RFC-50	69	172	28	131	5	0.0075
RFC-100	64	179	21	136	9	0.0075
NLSVM-0.1	2	200	0	198	1	0.015
NLSVM-1.0	1	200	0	199	0	0.0125
NLSVM-10	0	200	0	200	0	0.0125
LDA	173	128	72	27	283	0.2575
SDA-0.5	140	177	23	60	1614	0.17
SDA-1.0	139	176	24	61	1559	0.1775
SDA-1.5	137	176	24	63	1627	0.18
SDA-2.0	137	176	24	63	1618	0.17
SDA-2.5	137	176	24	63	1634	0.1775
SDA-3.0	137	176	24	63	1690	0.1875
\TheName{}-0.5	123	74	126	77	1705	0.175
\TheName{}-1.0	164	162	38	36	1629	0.185
\TheName{}-1.5	158	176	24	42	1586	0.1725
\TheName{}-2.0	152	175	25	48	1631	0.1725
\TheName{}-2.5	148	176	24	52	1572	0.1775
\TheName{}-3.0	146	177	23	54	1709	0.175
SVM	175	136	64	25	0	0.005
LR	0	200	0	200	1	0.0025
Ye-LDA	122	165	35	78	87	0.0025
DTree-10	86	146	54	114	1	0.005
DTree-20	86	146	54	114	11	0.005
RFC-50	42	191	9	158	3	0.005
RFC-100	45	181	19	155	10	0.01
NLSVM-0.1	200	12	188	0	0	0.015
NLSVM-1.0	198	33	167	2	0	0.0125
NLSVM-10	34	198	2	166	0	0.0125
