LDA	144	152	48	56	306	0.2525
SDA-0.5	122	168	32	78	1767	0.1675
SDA-1.0	121	168	32	79	1712	0.1625
SDA-1.5	120	168	32	80	1720	0.1825
SDA-2.0	120	168	32	80	1800	0.17
SDA-2.5	120	168	32	80	1741	0.1625
SDA-3.0	120	168	32	80	1565	0.175
\TheName{}-0.5	137	88	112	63	1809	0.165
\TheName{}-1.0	172	162	38	28	1745	0.1625
\TheName{}-1.5	153	170	30	47	1666	0.16
\TheName{}-2.0	145	171	29	55	1861	0.1725
\TheName{}-2.5	142	170	30	58	1743	0.165
\TheName{}-3.0	138	169	31	62	1785	0.17
SVM	149	163	37	51	5	0.0025
LR	0	200	0	200	0	0.005
Ye-LDA	127	173	27	73	146	0.0025
DTree-10	85	173	27	115	3	0.0025
DTree-20	121	150	50	79	5	0.005
RFC-50	109	170	30	91	23	0.02
RFC-100	109	171	29	91	44	0.025
NLSVM-0.1	3	200	0	197	4	0.0675
NLSVM-1.0	199	37	163	1	3	0.0425
NLSVM-10	177	156	44	23	3	0.0425
LDA	122	171	29	78	280	0.2875
SDA-0.5	108	177	23	92	1651	0.165
SDA-1.0	105	175	25	95	1696	0.2175
SDA-1.5	103	175	25	97	1676	0.1925
SDA-2.0	103	175	25	97	1683	0.1725
SDA-2.5	103	175	25	97	1679	0.165
SDA-3.0	103	175	25	97	1601	0.17
\TheName{}-0.5	133	85	115	67	1716	0.175
\TheName{}-1.0	166	175	25	34	1781	0.1625
\TheName{}-1.5	133	177	23	67	1926	0.1675
\TheName{}-2.0	124	176	24	76	1779	0.17
\TheName{}-2.5	118	177	23	82	2006	0.1625
\TheName{}-3.0	116	176	24	84	1674	0.1625
SVM	165	176	24	35	7	0.005
LR	0	200	0	200	0	0.005
Ye-LDA	127	174	26	73	155	0.005
DTree-10	104	157	43	96	2	0.005
DTree-20	134	143	57	66	5	0.005
RFC-50	82	171	29	118	6	0.0075
RFC-100	90	172	28	110	13	0.0175
NLSVM-0.1	0	200	0	200	4	0.055
NLSVM-1.0	191	76	124	9	3	0.045
NLSVM-10	101	180	20	99	2	0.045
LDA	161	155	45	39	323	0.2775
SDA-0.5	168	169	31	32	1772	0.18
SDA-1.0	166	168	32	34	1741	0.1625
SDA-1.5	166	168	32	34	1596	0.165
SDA-2.0	166	169	31	34	1701	0.16
SDA-2.5	166	169	31	34	1793	0.175
SDA-3.0	166	169	31	34	1684	0.1625
\TheName{}-0.5	184	125	75	16	1789	0.1625
\TheName{}-1.0	187	155	45	13	1882	0.1675
\TheName{}-1.5	183	163	37	17	1692	0.17
\TheName{}-2.0	179	170	30	21	1781	0.165
\TheName{}-2.5	177	170	30	23	1684	0.1625
\TheName{}-3.0	173	169	31	27	1745	0.1775
SVM	185	155	45	15	5	0.005
LR	0	200	0	200	1	0.0025
Ye-LDA	161	164	36	39	153	0.005
DTree-10	72	186	14	128	7	0.0025
DTree-20	114	160	40	86	15	0.005
RFC-50	99	184	16	101	21	0.01
RFC-100	102	177	23	98	37	0.015
NLSVM-0.1	0	199	1	200	4	0.0525
NLSVM-1.0	180	103	97	20	14	0.0825
NLSVM-10	18	200	0	182	18	0.0475
LDA	120	127	73	80	291	0.2625
SDA-0.5	122	161	39	78	1633	0.1675
SDA-1.0	121	160	40	79	1713	0.1625
SDA-1.5	121	160	40	79	1563	0.1725
SDA-2.0	121	160	40	79	1712	0.165
SDA-2.5	120	160	40	80	1682	0.1675
SDA-3.0	120	160	40	80	1832	0.1625
\TheName{}-0.5	168	127	73	32	1802	0.1725
\TheName{}-1.0	155	167	33	45	1743	0.1625
\TheName{}-1.5	135	163	37	65	1823	0.165
\TheName{}-2.0	129	163	37	71	1721	0.19
\TheName{}-2.5	126	162	38	74	1781	0.165
\TheName{}-3.0	125	162	38	75	1754	0.17
SVM	161	165	35	39	4	0.0025
LR	0	200	0	200	0	0.0075
Ye-LDA	128	166	34	72	147	0.005
DTree-10	83	168	32	117	3	0.005
DTree-20	110	149	51	90	5	0.005
RFC-50	95	160	40	105	21	0.01
RFC-100	94	161	39	106	17	0.0175
NLSVM-0.1	198	19	181	2	4	0.0525
NLSVM-1.0	194	52	148	6	3	0.0425
NLSVM-10	77	185	15	123	3	0.0375
LDA	145	132	68	55	352	0.2325
SDA-0.5	141	176	24	59	1643	0.17
SDA-1.0	141	176	24	59	1751	0.1625
SDA-1.5	138	176	24	62	1715	0.1625
SDA-2.0	138	176	24	62	1683	0.1625
SDA-2.5	137	176	24	63	1714	0.175
SDA-3.0	137	176	24	63	1679	0.1625
\TheName{}-0.5	161	145	55	39	1945	0.1625
\TheName{}-1.0	158	180	20	42	1768	0.1725
\TheName{}-1.5	145	178	22	55	1858	0.1675
\TheName{}-2.0	143	176	24	57	1762	0.1625
\TheName{}-2.5	143	174	26	57	1754	0.175
\TheName{}-3.0	142	175	25	58	1771	0.1625
SVM	167	168	32	33	4	0.0075
LR	0	200	0	200	0	0.005
Ye-LDA	145	176	24	55	153	0.005
DTree-10	82	171	29	118	13	0.0075
DTree-20	113	153	47	87	4	0.005
RFC-50	84	182	18	116	9	0.01
RFC-100	90	183	17	110	41	0.0175
NLSVM-0.1	200	16	184	0	4	0.055
NLSVM-1.0	181	63	137	19	2	0.0425
NLSVM-10	28	199	1	172	3	0.0375
LDA	128	151	49	72	427	0.4275
SDA-0.5	164	178	22	36	1696	0.1625
SDA-1.0	163	179	21	37	1657	0.175
SDA-1.5	164	179	21	36	1592	0.1625
SDA-2.0	164	179	21	36	1612	0.165
SDA-2.5	163	179	21	37	1670	0.1625
SDA-3.0	163	179	21	37	1601	0.1775
\TheName{}-0.5	170	175	25	30	1752	0.175
\TheName{}-1.0	166	178	22	34	1781	0.1625
\TheName{}-1.5	165	178	22	35	1784	0.165
\TheName{}-2.0	163	178	22	37	1665	0.1725
\TheName{}-2.5	163	178	22	37	1806	0.1625
\TheName{}-3.0	163	178	22	37	1675	0.1625
SVM	160	166	34	40	3	0.005
LR	0	200	0	200	1	0.005
Ye-LDA	152	167	33	48	159	0.015
DTree-10	80	179	21	120	3	0.0125
DTree-20	112	166	34	88	15	0.005
RFC-50	78	192	8	122	21	0.01
RFC-100	79	189	11	121	15	0.0225
NLSVM-0.1	77	172	28	123	3	0.0525
NLSVM-1.0	183	71	129	17	3	0.0425
NLSVM-10	5	200	0	195	2	0.04
LDA	129	163	37	71	366	0.2125
SDA-0.5	147	163	37	53	1742	0.1725
SDA-1.0	143	164	36	57	1669	0.165
SDA-1.5	143	164	36	57	1534	0.1625
SDA-2.0	142	164	36	58	1636	0.1675
SDA-2.5	142	164	36	58	1671	0.18
SDA-3.0	142	164	36	58	1564	0.1625
\TheName{}-0.5	184	125	75	16	1641	0.165
\TheName{}-1.0	167	168	32	33	1845	0.165
\TheName{}-1.5	157	170	30	43	1799	0.18
\TheName{}-2.0	151	165	35	49	1721	0.165
\TheName{}-2.5	149	164	36	51	1699	0.165
\TheName{}-3.0	147	163	37	53	1703	0.165
SVM	178	169	31	22	6	0.005
LR	0	200	0	200	0	0.005
Ye-LDA	156	168	32	44	148	0.005
DTree-10	91	172	28	109	3	0.0025
DTree-20	123	165	35	77	5	0.005
RFC-50	92	182	18	108	8	0.0075
RFC-100	83	184	16	117	40	0.015
NLSVM-0.1	199	19	181	1	3	0.055
NLSVM-1.0	14	198	2	186	2	0.0425
NLSVM-10	199	8	192	1	3	0.0375
LDA	162	142	58	38	312	0.245
SDA-0.5	170	160	40	30	1609	0.1625
SDA-1.0	168	159	41	32	1658	0.1625
SDA-1.5	167	159	41	33	1703	0.1675
SDA-2.0	167	159	41	33	1761	0.175
SDA-2.5	167	160	40	33	1592	0.1625
SDA-3.0	167	160	40	33	1632	0.1725
\TheName{}-0.5	185	170	30	15	1641	0.165
\TheName{}-1.0	177	166	34	23	1771	0.1875
\TheName{}-1.5	169	163	37	31	1761	0.165
\TheName{}-2.0	168	159	41	32	1790	0.165
\TheName{}-2.5	168	160	40	32	1815	0.1875
\TheName{}-3.0	167	160	40	33	1738	0.175
SVM	165	162	38	35	5	0.0075
LR	0	200	0	200	0	0.005
Ye-LDA	169	161	39	31	153	0.005
DTree-10	87	172	28	113	3	0.0025
DTree-20	99	153	47	101	18	0.005
RFC-50	76	179	21	124	20	0.005
RFC-100	79	175	25	121	38	0.0175
NLSVM-0.1	200	25	175	0	3	0.0525
NLSVM-1.0	185	81	119	15	2	0.0425
NLSVM-10	200	0	200	0	2	0.04
LDA	149	150	50	51	386	0.2425
SDA-0.5	131	162	38	69	1662	0.25
SDA-1.0	126	163	37	74	1970	0.185
SDA-1.5	126	163	37	74	1819	0.1625
SDA-2.0	125	163	37	75	1699	0.1625
SDA-2.5	125	163	37	75	1795	0.1625
SDA-3.0	125	163	37	75	1696	0.1725
\TheName{}-0.5	162	142	58	38	1907	0.195
\TheName{}-1.0	161	165	35	39	1723	0.1725
\TheName{}-1.5	147	164	36	53	1826	0.1725
\TheName{}-2.0	143	164	36	57	1791	0.165
\TheName{}-2.5	141	163	37	59	1725	0.1625
\TheName{}-3.0	138	164	36	62	1800	0.175
SVM	172	157	43	28	4	0.005
LR	0	200	0	200	1	0.0025
Ye-LDA	167	156	44	33	146	0.005
DTree-10	86	167	33	114	24	0.005
DTree-20	85	165	35	115	4	0.005
RFC-50	80	173	27	120	25	0.0075
RFC-100	77	173	27	123	46	0.02
NLSVM-0.1	200	9	191	0	3	0.0525
NLSVM-1.0	200	41	159	0	3	0.04
NLSVM-10	72	194	6	128	3	0.0375
LDA	175	133	67	25	333	0.3775
SDA-0.5	120	178	22	80	1571	0.1625
SDA-1.0	118	176	24	82	1665	0.165
SDA-1.5	118	175	25	82	1668	0.1675
SDA-2.0	118	175	25	82	1691	0.165
SDA-2.5	118	175	25	82	1709	0.17
SDA-3.0	118	175	25	82	1731	0.165
\TheName{}-0.5	154	89	111	46	1766	0.175
\TheName{}-1.0	179	156	44	21	1802	0.165
\TheName{}-1.5	155	170	30	45	1853	0.1625
\TheName{}-2.0	144	175	25	56	1675	0.1625
\TheName{}-2.5	137	176	24	63	1744	0.1725
\TheName{}-3.0	133	176	24	67	1770	0.1625
SVM	186	140	60	14	5	0.005
LR	0	200	0	200	0	0.005
Ye-LDA	149	165	35	51	154	0.005
DTree-10	81	169	31	119	2	0.005
DTree-20	107	153	47	93	5	0.005
RFC-50	82	180	20	118	21	0.005
RFC-100	89	178	22	111	51	0.0125
NLSVM-0.1	123	140	60	77	4	0.1025
NLSVM-1.0	185	100	100	15	3	0.0425
NLSVM-10	183	147	53	17	5	0.0475
LDA	125	146	54	75	358	0.2025
SDA-0.5	126	181	19	74	1660	0.1625
SDA-1.0	123	181	19	77	1746	0.1725
SDA-1.5	123	181	19	77	1741	0.1675
SDA-2.0	123	181	19	77	1658	0.1675
SDA-2.5	123	180	20	77	1689	0.1675
SDA-3.0	122	180	20	78	1660	0.1775
\TheName{}-0.5	166	118	82	34	1829	0.17
\TheName{}-1.0	157	180	20	43	1650	0.165
\TheName{}-1.5	138	182	18	62	1741	0.175
\TheName{}-2.0	130	182	18	70	1884	0.165
\TheName{}-2.5	130	183	17	70	1906	0.1625
\TheName{}-3.0	128	183	17	72	1771	0.165
SVM	170	165	35	30	2	0.0075
LR	0	200	0	200	0	0.005
Ye-LDA	122	175	25	78	149	0.005
DTree-10	67	181	19	133	4	0.005
DTree-20	102	171	29	98	4	0.005
RFC-50	74	167	33	126	8	0.0075
RFC-100	78	169	31	122	46	0.0175
NLSVM-0.1	200	26	174	0	4	0.055
NLSVM-1.0	176	80	120	24	3	0.0475
NLSVM-10	198	99	101	2	4	0.04
LDA	160	137	63	40	320	0.2525
SDA-0.5	164	156	44	36	1667	0.165
SDA-1.0	163	156	44	37	1564	0.165
SDA-1.5	161	156	44	39	1656	0.16
SDA-2.0	161	156	44	39	1770	0.1725
SDA-2.5	161	156	44	39	1611	0.1625
SDA-3.0	161	155	45	39	1676	0.1725
\TheName{}-0.5	191	108	92	9	1694	0.1625
\TheName{}-1.0	194	140	60	6	1783	0.175
\TheName{}-1.5	192	149	51	8	1882	0.1675
\TheName{}-2.0	188	150	50	12	1843	0.1625
\TheName{}-2.5	180	151	49	20	1748	0.175
\TheName{}-3.0	175	152	48	25	1688	0.17
SVM	189	152	48	11	4	0.0025
LR	0	200	0	200	0	0.005
Ye-LDA	193	114	86	7	144	0.005
DTree-10	184	89	111	16	3	0.0025
DTree-20	179	142	58	21	5	0.005
RFC-50	87	182	18	113	8	0.0075
RFC-100	85	179	21	115	40	0.0175
NLSVM-0.1	200	23	177	0	3	0.0525
NLSVM-1.0	44	181	19	156	3	0.0425
NLSVM-10	200	77	123	0	2	0.0375
LDA	120	115	85	80	327	0.31
SDA-0.5	172	160	40	28	1777	0.165
SDA-1.0	168	160	40	32	1716	0.1725
SDA-1.5	167	160	40	33	1748	0.165
SDA-2.0	168	160	40	32	1680	0.18
SDA-2.5	168	160	40	32	1714	0.1625
SDA-3.0	168	160	40	32	1759	0.17
\TheName{}-0.5	187	125	75	13	1801	0.1625
\TheName{}-1.0	188	148	52	12	1779	0.1725
\TheName{}-1.5	184	157	43	16	1869	0.1675
\TheName{}-2.0	181	158	42	19	1789	0.1625
\TheName{}-2.5	177	158	42	23	1879	0.1625
\TheName{}-3.0	176	158	42	24	1858	0.16
SVM	177	135	65	23	6	0.005
LR	0	200	0	200	0	0.005
Ye-LDA	173	155	45	27	163	0.005
DTree-10	181	72	128	19	3	0.0
DTree-20	130	173	27	70	5	0.005
RFC-50	108	181	19	92	19	0.01
RFC-100	98	182	18	102	46	0.02
NLSVM-0.1	200	18	182	0	4	0.055
NLSVM-1.0	57	159	41	143	3	0.0425
NLSVM-10	200	0	200	0	3	0.0375
LDA	95	135	65	105	416	0.235
SDA-0.5	100	173	27	100	1698	0.16
SDA-1.0	101	173	27	99	1770	0.18
SDA-1.5	102	173	27	98	1626	0.1675
SDA-2.0	102	173	27	98	1609	0.1825
SDA-2.5	102	173	27	98	1743	0.175
SDA-3.0	102	173	27	98	1619	0.165
\TheName{}-0.5	132	61	139	68	1613	0.1625
\TheName{}-1.0	167	168	32	33	1735	0.175
\TheName{}-1.5	118	176	24	82	1685	0.16
\TheName{}-2.0	108	175	25	92	1724	0.1625
\TheName{}-2.5	106	170	30	94	1736	0.18
\TheName{}-3.0	106	173	27	94	1752	0.18
SVM	164	154	46	36	4	0.005
LR	0	200	0	200	0	0.005
Ye-LDA	114	170	30	86	141	0.0025
DTree-10	103	163	37	97	3	0.0025
DTree-20	123	146	54	77	5	0.0075
RFC-50	87	164	36	113	32	0.0275
RFC-100	90	167	33	110	39	0.015
NLSVM-0.1	200	14	186	0	4	0.06
NLSVM-1.0	198	64	136	2	2	0.0425
NLSVM-10	27	198	2	173	3	0.055
LDA	143	127	73	57	309	0.315
SDA-0.5	102	174	26	98	1680	0.1625
SDA-1.0	102	174	26	98	1671	0.1625
SDA-1.5	102	174	26	98	1650	0.1775
SDA-2.0	102	174	26	98	1623	0.1625
SDA-2.5	102	174	26	98	1692	0.165
SDA-3.0	102	174	26	98	1800	0.16
\TheName{}-0.5	138	88	112	62	1728	0.175
\TheName{}-1.0	165	174	26	35	1798	0.165
\TheName{}-1.5	130	175	25	70	1728	0.165
\TheName{}-2.0	119	173	27	81	1779	0.1675
\TheName{}-2.5	109	175	25	91	1726	0.1625
\TheName{}-3.0	107	174	26	93	1779	0.17
SVM	167	150	50	33	4	0.0075
LR	0	200	0	200	0	0.005
Ye-LDA	132	175	25	68	148	0.0025
DTree-10	83	166	34	117	3	0.0025
DTree-20	119	153	47	81	5	0.0025
RFC-50	95	160	40	105	9	0.015
RFC-100	93	164	36	107	46	0.02
NLSVM-0.1	199	16	184	1	3	0.0625
NLSVM-1.0	197	50	150	3	3	0.04
NLSVM-10	42	195	5	158	3	0.04
LDA	121	125	75	79	302	0.275
SDA-0.5	151	163	37	49	1727	0.1725
SDA-1.0	153	162	38	47	1645	0.1625
SDA-1.5	153	162	38	47	1658	0.17
SDA-2.0	152	162	38	48	1564	0.1625
SDA-2.5	152	162	38	48	1638	0.1725
SDA-3.0	151	162	38	49	1603	0.175
\TheName{}-0.5	167	164	36	33	1819	0.1675
\TheName{}-1.0	159	166	34	41	1741	0.1625
\TheName{}-1.5	157	164	36	43	1985	0.175
\TheName{}-2.0	153	163	37	47	1679	0.1675
\TheName{}-2.5	153	162	38	47	1748	0.165
\TheName{}-3.0	153	162	38	47	1782	0.1725
SVM	160	146	54	40	5	0.005
LR	0	200	0	200	1	0.005
Ye-LDA	134	161	39	66	151	0.0075
DTree-10	47	185	15	153	2	0.005
DTree-20	82	174	26	118	4	0.005
RFC-50	96	161	39	104	33	0.015
RFC-100	90	173	27	110	57	0.0225
NLSVM-0.1	63	175	25	137	4	0.055
NLSVM-1.0	181	64	136	19	5	0.0475
NLSVM-10	199	15	185	1	3	0.0375
LDA	115	142	58	85	300	0.2475
SDA-0.5	119	185	15	81	1611	0.1625
SDA-1.0	119	185	15	81	1683	0.1675
SDA-1.5	119	185	15	81	1663	0.1625
SDA-2.0	118	186	14	82	1620	0.1725
SDA-2.5	118	186	14	82	1668	0.17
SDA-3.0	118	185	15	82	1738	0.1625
\TheName{}-0.5	134	88	112	66	1880	0.17
\TheName{}-1.0	153	193	7	47	1894	0.1725
\TheName{}-1.5	129	193	7	71	1658	0.1625
\TheName{}-2.0	124	189	11	76	1672	0.165
\TheName{}-2.5	122	188	12	78	1733	0.175
\TheName{}-3.0	120	187	13	80	1740	0.1625
SVM	145	178	22	55	5	0.005
LR	0	200	0	200	0	0.005
Ye-LDA	111	186	14	89	150	0.0075
DTree-10	68	182	18	132	2	0.005
DTree-20	98	160	40	102	15	0.0025
RFC-50	95	175	25	105	23	0.05
RFC-100	99	174	26	101	21	0.02
NLSVM-0.1	200	13	187	0	5	0.065
NLSVM-1.0	176	64	136	24	3	0.04
NLSVM-10	12	200	0	188	3	0.0525
LDA	154	139	61	46	303	0.325
SDA-0.5	122	172	28	78	1785	0.1625
SDA-1.0	120	171	29	80	1712	0.1725
SDA-1.5	119	169	31	81	1663	0.1625
SDA-2.0	118	169	31	82	1749	0.165
SDA-2.5	118	169	31	82	1661	0.1625
SDA-3.0	118	169	31	82	1772	0.2125
\TheName{}-0.5	176	174	26	24	1869	0.165
\TheName{}-1.0	140	176	24	60	1779	0.1625
\TheName{}-1.5	128	172	28	72	1752	0.175
\TheName{}-2.0	126	172	28	74	1761	0.1675
\TheName{}-2.5	127	172	28	73	1795	0.1625
\TheName{}-3.0	126	172	28	74	1743	0.1725
SVM	166	165	35	34	4	0.0075
LR	0	200	0	200	0	0.005
Ye-LDA	132	172	28	68	149	0.005
DTree-10	72	180	20	128	4	0.005
DTree-20	105	166	34	95	35	0.005
RFC-50	94	169	31	106	18	0.0075
RFC-100	98	165	35	102	34	0.0175
NLSVM-0.1	200	21	179	0	3	0.0575
NLSVM-1.0	33	186	14	167	3	0.05
NLSVM-10	160	153	47	40	3	0.055
LDA	162	146	54	38	305	0.405
SDA-0.5	138	173	27	62	1769	0.1675
SDA-1.0	138	173	27	62	1623	0.1625
SDA-1.5	138	173	27	62	1729	0.195
SDA-2.0	138	173	27	62	1643	0.17
SDA-2.5	138	172	28	62	1730	0.1625
SDA-3.0	138	172	28	62	1607	0.1625
\TheName{}-0.5	176	153	47	24	1856	0.1725
\TheName{}-1.0	168	173	27	32	1755	0.165
\TheName{}-1.5	159	176	24	41	1892	0.2575
\TheName{}-2.0	147	174	26	53	1724	0.1625
\TheName{}-2.5	144	173	27	56	1775	0.1725
\TheName{}-3.0	142	174	26	58	1669	0.165
SVM	167	161	39	33	4	0.005
LR	0	200	0	200	1	0.0025
Ye-LDA	147	172	28	53	153	0.005
DTree-10	44	186	14	156	3	0.0025
DTree-20	86	181	19	114	5	0.0025
RFC-50	86	180	20	114	23	0.01
RFC-100	73	182	18	127	41	0.0175
NLSVM-0.1	111	171	29	89	3	0.055
NLSVM-1.0	63	191	9	137	3	0.04
NLSVM-10	181	167	33	19	3	0.0375
LDA	164	157	43	36	352	0.4025
SDA-0.5	139	175	25	61	1702	0.175
SDA-1.0	137	172	28	63	1695	0.1625
SDA-1.5	135	172	28	65	1684	0.1625
SDA-2.0	135	172	28	65	1691	0.1675
SDA-2.5	135	172	28	65	1799	0.175
SDA-3.0	135	172	28	65	1673	0.1675
\TheName{}-0.5	173	176	24	27	1836	0.1775
\TheName{}-1.0	147	173	27	53	1814	0.1625
\TheName{}-1.5	142	173	27	58	1731	0.1725
\TheName{}-2.0	140	173	27	60	1772	0.1625
\TheName{}-2.5	140	174	26	60	1761	0.1625
\TheName{}-3.0	140	173	27	60	1743	0.17
SVM	183	162	38	17	5	0.005
LR	0	200	0	200	1	0.0025
Ye-LDA	135	173	27	65	148	0.0075
DTree-10	71	186	14	129	12	0.005
DTree-20	100	177	23	100	4	0.005
RFC-50	94	179	21	106	26	0.01
RFC-100	102	177	23	98	61	0.0275
NLSVM-0.1	92	173	27	108	3	0.09
NLSVM-1.0	169	98	102	31	5	0.06
NLSVM-10	196	75	125	4	3	0.04
LDA	98	155	45	102	292	0.24
SDA-0.5	114	177	23	86	1666	0.175
SDA-1.0	112	175	25	88	1675	0.1725
SDA-1.5	112	174	26	88	1682	0.19
SDA-2.0	112	174	26	88	1655	0.17
SDA-2.5	111	173	27	89	1565	0.1675
SDA-3.0	111	173	27	89	1567	0.2
\TheName{}-0.5	147	152	48	53	1711	0.165
\TheName{}-1.0	136	180	20	64	1653	0.1725
\TheName{}-1.5	127	179	21	73	1802	0.165
\TheName{}-2.0	125	179	21	75	1691	0.165
\TheName{}-2.5	125	176	24	75	1739	0.165
\TheName{}-3.0	122	177	23	78	1681	0.175
SVM	149	178	22	51	6	0.005
LR	0	200	0	200	0	0.005
Ye-LDA	113	181	19	87	151	0.005
DTree-10	74	180	20	126	2	0.005
DTree-20	98	173	27	102	4	0.005
RFC-50	72	185	15	128	10	0.0075
RFC-100	82	182	18	118	44	0.02
NLSVM-0.1	1	200	0	199	3	0.0525
NLSVM-1.0	143	131	69	57	3	0.04
NLSVM-10	194	110	90	6	3	0.0375
LDA	166	129	71	34	355	0.245
SDA-0.5	124	183	17	76	1654	0.1625
SDA-1.0	121	183	17	79	1623	0.1825
SDA-1.5	121	183	17	79	1551	0.1825
SDA-2.0	120	183	17	80	1617	0.175
SDA-2.5	120	183	17	80	1662	0.17
SDA-3.0	119	183	17	81	1698	0.1625
\TheName{}-0.5	168	168	32	32	1755	0.175
\TheName{}-1.0	140	184	16	60	1714	0.1675
\TheName{}-1.5	130	183	17	70	1701	0.1725
\TheName{}-2.0	130	183	17	70	1687	0.1625
\TheName{}-2.5	124	183	17	76	1728	0.185
\TheName{}-3.0	124	183	17	76	1705	0.1725
SVM	172	159	41	28	4	0.005
LR	0	200	0	200	1	0.0025
Ye-LDA	122	185	15	78	147	0.0075
DTree-10	71	187	13	129	2	0.005
DTree-20	88	184	16	112	5	0.0025
RFC-50	85	174	26	115	20	0.01
RFC-100	84	176	24	116	46	0.03
NLSVM-0.1	200	23	177	0	4	0.075
NLSVM-1.0	182	73	127	18	2	0.0575
NLSVM-10	47	197	3	153	3	0.08
LDA	139	137	63	61	394	0.405
SDA-0.5	117	173	27	83	1562	0.1625
SDA-1.0	116	172	28	84	1761	0.1825
SDA-1.5	116	172	28	84	1699	0.1725
SDA-2.0	115	172	28	85	1651	0.1675
SDA-2.5	115	172	28	85	1702	0.1625
SDA-3.0	115	172	28	85	1626	0.1625
\TheName{}-0.5	151	141	59	49	1838	0.175
\TheName{}-1.0	134	171	29	66	1753	0.1625
\TheName{}-1.5	123	171	29	77	1874	0.175
\TheName{}-2.0	122	170	30	78	1740	0.1775
\TheName{}-2.5	121	172	28	79	1897	0.1625
\TheName{}-3.0	121	172	28	79	1694	0.165
SVM	145	162	38	55	4	0.005
LR	0	200	0	200	1	0.005
Ye-LDA	113	175	25	87	154	0.005
DTree-10	66	191	9	134	2	0.005
DTree-20	92	176	24	108	5	0.005
RFC-50	79	184	16	121	21	0.0075
RFC-100	80	181	19	120	49	0.035
NLSVM-0.1	98	164	36	102	4	0.065
NLSVM-1.0	171	60	140	29	3	0.065
NLSVM-10	200	4	196	0	2	0.07
LDA	150	164	36	50	347	0.2625
SDA-0.5	135	178	22	65	1735	0.18
SDA-1.0	135	177	23	65	1669	0.1625
SDA-1.5	135	177	23	65	1658	0.1625
SDA-2.0	135	177	23	65	1681	0.1625
SDA-2.5	135	177	23	65	1660	0.17
SDA-3.0	135	177	23	65	1717	0.16
\TheName{}-0.5	168	161	39	32	1800	0.1625
\TheName{}-1.0	148	181	19	52	1721	0.17
\TheName{}-1.5	141	181	19	59	1874	0.1725
\TheName{}-2.0	138	178	22	62	1863	0.165
\TheName{}-2.5	138	178	22	62	1775	0.1675
\TheName{}-3.0	138	178	22	62	1720	0.175
SVM	170	171	29	30	5	0.005
LR	0	200	0	200	0	0.005
Ye-LDA	117	179	21	83	148	0.005
DTree-10	66	187	13	134	33	0.01
DTree-20	104	171	29	96	28	0.005
RFC-50	88	177	23	112	10	0.0125
RFC-100	90	173	27	110	48	0.02
NLSVM-0.1	1	200	0	199	4	0.065
NLSVM-1.0	197	91	109	3	11	0.1675
NLSVM-10	3	200	0	197	3	0.0725
LDA	114	152	48	86	347	0.2525
SDA-0.5	125	183	17	75	1749	0.1625
SDA-1.0	124	183	17	76	1641	0.1675
SDA-1.5	123	183	17	77	1683	0.1725
SDA-2.0	123	183	17	77	1649	0.16
SDA-2.5	123	183	17	77	1769	0.165
SDA-3.0	123	183	17	77	1754	0.16
\TheName{}-0.5	141	186	14	59	1881	0.205
\TheName{}-1.0	134	186	14	66	1837	0.1625
\TheName{}-1.5	131	186	14	69	1864	0.1725
\TheName{}-2.0	127	183	17	73	1672	0.17
\TheName{}-2.5	126	183	17	74	1820	0.1625
\TheName{}-3.0	127	183	17	73	1728	0.1625
SVM	161	178	22	39	5	0.005
LR	0	200	0	200	0	0.005
Ye-LDA	106	180	20	94	151	0.005
DTree-10	62	187	13	138	24	0.0025
DTree-20	92	167	33	108	6	0.005
RFC-50	74	186	14	126	22	0.0075
RFC-100	79	178	22	121	42	0.0225
NLSVM-0.1	200	17	183	0	3	0.0525
NLSVM-1.0	200	30	170	0	3	0.04
NLSVM-10	36	199	1	164	3	0.0425
LDA	148	134	66	52	365	0.3375
SDA-0.5	180	165	35	20	1676	0.1775
SDA-1.0	176	165	35	24	1723	0.165
SDA-1.5	175	165	35	25	1751	0.1625
SDA-2.0	175	165	35	25	1703	0.1625
SDA-2.5	175	164	36	25	1633	0.1725
SDA-3.0	175	164	36	25	1640	0.1625
\TheName{}-0.5	185	156	44	15	1744	0.1625
\TheName{}-1.0	186	160	40	14	1849	0.1725
\TheName{}-1.5	182	162	38	18	1629	0.18
\TheName{}-2.0	181	166	34	19	1748	0.1625
\TheName{}-2.5	181	166	34	19	1716	0.165
\TheName{}-3.0	181	165	35	19	1729	0.1625
SVM	173	158	42	27	5	0.0025
LR	0	200	0	200	1	0.0025
Ye-LDA	150	175	25	50	148	0.0025
DTree-10	85	164	36	115	3	0.005
DTree-20	112	158	42	88	5	0.0025
RFC-50	91	177	23	109	29	0.0125
RFC-100	98	178	22	102	66	0.0275
NLSVM-0.1	5	200	0	195	3	0.0525
NLSVM-1.0	57	173	27	143	2	0.045
NLSVM-10	0	200	0	200	3	0.04
LDA	131	144	56	69	377	0.2325
SDA-0.5	113	173	27	87	1680	0.1625
SDA-1.0	112	173	27	88	1657	0.165
SDA-1.5	112	173	27	88	1600	0.1625
SDA-2.0	111	173	27	89	1581	0.1725
SDA-2.5	111	173	27	89	1705	0.1675
SDA-3.0	111	173	27	89	1559	0.1625
\TheName{}-0.5	157	118	82	43	1773	0.1625
\TheName{}-1.0	155	179	21	45	1861	0.185
\TheName{}-1.5	135	177	23	65	1770	0.165
\TheName{}-2.0	128	176	24	72	1730	0.1675
\TheName{}-2.5	123	175	25	77	1826	0.1625
\TheName{}-3.0	118	173	27	82	1778	0.175
SVM	156	157	43	44	4	0.0075
LR	0	200	0	200	0	0.005
Ye-LDA	147	177	23	53	167	0.0175
DTree-10	68	176	24	132	24	0.015
DTree-20	104	167	33	96	5	0.0075
RFC-50	86	182	18	114	12	0.0075
RFC-100	96	181	19	104	45	0.02
NLSVM-0.1	0	200	0	200	4	0.065
NLSVM-1.0	13	199	1	187	5	0.0575
NLSVM-10	197	90	110	3	9	0.0475
LDA	170	123	77	30	310	0.2675
SDA-0.5	134	177	23	66	1716	0.165
SDA-1.0	134	177	23	66	1615	0.1625
SDA-1.5	134	177	23	66	1688	0.1775
SDA-2.0	134	177	23	66	1653	0.165
SDA-2.5	134	177	23	66	1545	0.17
SDA-3.0	134	177	23	66	1658	0.1625
\TheName{}-0.5	163	124	76	37	1804	0.1625
\TheName{}-1.0	168	175	25	32	1754	0.1825
\TheName{}-1.5	153	177	23	47	1641	0.1625
\TheName{}-2.0	150	178	22	50	1680	0.16
\TheName{}-2.5	148	178	22	52	1795	0.1625
\TheName{}-3.0	143	178	22	57	1711	0.175
SVM	183	142	58	17	4	0.0075
LR	0	200	0	200	0	0.015
Ye-LDA	147	183	17	53	193	0.0125
DTree-10	88	185	15	112	3	0.0125
DTree-20	130	155	45	70	4	0.0125
RFC-50	82	183	17	118	24	0.015
RFC-100	81	189	11	119	41	0.015
NLSVM-0.1	200	23	177	0	3	0.0575
NLSVM-1.0	199	48	152	1	2	0.0425
NLSVM-10	198	45	155	2	2	0.04
LDA	121	157	43	79	330	0.21
SDA-0.5	126	173	27	74	1652	0.165
SDA-1.0	126	173	27	74	1633	0.165
SDA-1.5	125	173	27	75	1688	0.17
SDA-2.0	125	173	27	75	1707	0.1625
SDA-2.5	124	173	27	76	1634	0.165
SDA-3.0	124	173	27	76	1787	0.1725
\TheName{}-0.5	177	153	47	23	1636	0.17
\TheName{}-1.0	147	181	19	53	1762	0.165
\TheName{}-1.5	136	176	24	64	1734	0.1625
\TheName{}-2.0	131	176	24	69	1797	0.165
\TheName{}-2.5	131	175	25	69	1766	0.1675
\TheName{}-3.0	127	173	27	73	1921	0.2475
SVM	169	160	40	31	4	0.005
LR	0	200	0	200	0	0.005
Ye-LDA	143	181	19	57	150	0.0175
DTree-10	71	175	25	129	7	0.0125
DTree-20	114	165	35	86	36	0.02
RFC-50	82	179	21	118	50	0.0125
RFC-100	87	181	19	113	47	0.0225
NLSVM-0.1	199	29	171	1	3	0.055
NLSVM-1.0	197	76	124	3	3	0.065
NLSVM-10	137	171	29	63	3	0.0425
LDA	121	143	57	79	275	0.34
SDA-0.5	122	174	26	78	1709	0.17
SDA-1.0	122	173	27	78	1765	0.16
SDA-1.5	121	173	27	79	1708	0.1625
SDA-2.0	121	173	27	79	1725	0.1625
SDA-2.5	121	172	28	79	1697	0.19
SDA-3.0	121	171	29	79	1725	0.1625
\TheName{}-0.5	152	175	25	48	1802	0.1675
\TheName{}-1.0	129	180	20	71	1782	0.1625
\TheName{}-1.5	126	175	25	74	2004	0.18
\TheName{}-2.0	124	175	25	76	1886	0.1625
\TheName{}-2.5	124	173	27	76	1887	0.1675
\TheName{}-3.0	122	172	28	78	1922	0.1725
SVM	143	168	32	57	5	0.005
LR	200	0	200	0	0	0.005
Ye-LDA	143	176	24	57	143	0.005
DTree-10	63	179	21	137	3	0.0025
DTree-20	95	163	37	105	15	0.005
RFC-50	95	174	26	105	24	0.01
RFC-100	92	177	23	108	44	0.0225
NLSVM-0.1	198	26	174	2	3	0.0525
NLSVM-1.0	160	91	109	40	3	0.0425
NLSVM-10	51	197	3	149	3	0.0425
LDA	139	146	54	61	316	0.465
SDA-0.5	181	161	39	19	1780	0.17
SDA-1.0	181	162	38	19	1787	0.1625
SDA-1.5	181	161	39	19	1750	0.18
SDA-2.0	181	161	39	19	1664	0.1625
SDA-2.5	181	161	39	19	1658	0.1625
SDA-3.0	181	161	39	19	1787	0.165
\TheName{}-0.5	188	166	34	12	1706	0.175
\TheName{}-1.0	187	165	35	13	1878	0.17
\TheName{}-1.5	183	163	37	17	1837	0.165
\TheName{}-2.0	183	162	38	17	1766	0.175
\TheName{}-2.5	181	162	38	19	1731	0.1625
\TheName{}-3.0	181	161	39	19	1708	0.165
SVM	172	164	36	28	4	0.005
LR	200	0	200	0	1	0.0025
Ye-LDA	186	138	62	14	151	0.18
DTree-10	86	173	27	114	11	0.005
DTree-20	114	164	36	86	5	0.0025
RFC-50	88	182	18	112	26	0.01
RFC-100	100	177	23	100	20	0.0225
NLSVM-0.1	199	11	189	1	4	0.0525
NLSVM-1.0	198	31	169	2	3	0.04
NLSVM-10	38	199	1	162	3	0.04
LDA	130	127	73	70	377	0.26
SDA-0.5	147	178	22	53	1700	0.1775
SDA-1.0	148	178	22	52	1681	0.165
SDA-1.5	148	176	24	52	1744	0.17
SDA-2.0	148	176	24	52	1686	0.165
SDA-2.5	148	176	24	52	1650	0.1625
SDA-3.0	148	176	24	52	1606	0.175
\TheName{}-0.5	176	163	37	24	1820	0.1625
\TheName{}-1.0	163	182	18	37	1733	0.1625
\TheName{}-1.5	157	179	21	43	1693	0.165
\TheName{}-2.0	155	179	21	45	1737	0.17
\TheName{}-2.5	154	179	21	46	1841	0.17
\TheName{}-3.0	153	179	21	47	1803	0.1625
SVM	171	168	32	29	5	0.0075
LR	200	0	200	0	0	0.005
Ye-LDA	171	159	41	29	142	0.005
DTree-10	87	170	30	113	3	0.0025
DTree-20	119	157	43	81	5	0.005
RFC-50	108	167	33	92	22	0.01
RFC-100	101	179	21	99	41	0.02
NLSVM-0.1	200	20	180	0	3	0.0525
NLSVM-1.0	22	190	10	178	2	0.0425
NLSVM-10	28	200	0	172	3	0.0375
LDA	111	152	48	89	343	0.335
SDA-0.5	151	166	34	49	1636	0.175
SDA-1.0	151	164	36	49	1826	0.165
SDA-1.5	151	164	36	49	1648	0.165
SDA-2.0	150	163	37	50	1707	0.1625
SDA-2.5	150	163	37	50	1630	0.1725
SDA-3.0	148	163	37	52	1715	0.1625
\TheName{}-0.5	176	147	53	24	1815	0.1775
\TheName{}-1.0	164	167	33	36	1790	0.165
\TheName{}-1.5	156	167	33	44	1832	0.17
\TheName{}-2.0	153	165	35	47	1835	0.1825
\TheName{}-2.5	150	165	35	50	1643	0.1725
\TheName{}-3.0	150	164	36	50	1821	0.1725
SVM	168	164	36	32	4	0.005
LR	0	200	0	200	1	0.0025
Ye-LDA	144	167	33	56	156	0.005
DTree-10	82	166	34	118	2	0.005
DTree-20	129	156	44	71	5	0.0025
RFC-50	110	160	40	90	24	0.01
RFC-100	112	160	40	88	45	0.02
NLSVM-0.1	199	13	187	1	4	0.0525
NLSVM-1.0	167	100	100	33	2	0.0425
NLSVM-10	199	21	179	1	2	0.0425
LDA	155	124	76	45	327	0.32
SDA-0.5	160	174	26	40	1775	0.165
SDA-1.0	159	172	28	41	1630	0.1625
SDA-1.5	159	172	28	41	1665	0.175
SDA-2.0	159	172	28	41	1656	0.1625
SDA-2.5	159	172	28	41	1705	0.16
SDA-3.0	159	172	28	41	1684	0.165
\TheName{}-0.5	183	127	73	17	1778	0.1725
\TheName{}-1.0	183	154	46	17	1881	0.18
\TheName{}-1.5	177	165	35	23	1738	0.1675
\TheName{}-2.0	172	166	34	28	1692	0.165
\TheName{}-2.5	170	168	32	30	1842	0.19
\TheName{}-3.0	166	170	30	34	1792	0.1625
SVM	178	151	49	22	4	0.005
LR	0	200	0	200	1	0.005
Ye-LDA	142	172	28	58	145	0.0025
DTree-10	87	181	19	113	3	0.0025
DTree-20	119	172	28	81	5	0.005
RFC-50	101	174	26	99	9	0.01
RFC-100	104	173	27	96	44	0.0225
NLSVM-0.1	200	13	187	0	3	0.0525
NLSVM-1.0	50	175	25	150	3	0.0425
NLSVM-10	28	198	2	172	2	0.0425
LDA	141	147	53	59	341	0.29
SDA-0.5	140	180	20	60	1583	0.1625
SDA-1.0	138	180	20	62	1691	0.1675
SDA-1.5	139	180	20	61	1600	0.1625
SDA-2.0	139	180	20	61	1726	0.165
SDA-2.5	139	180	20	61	1698	0.17
SDA-3.0	139	180	20	61	1696	0.1725
\TheName{}-0.5	166	172	28	34	1808	0.1625
\TheName{}-1.0	151	180	20	49	1746	0.165
\TheName{}-1.5	145	179	21	55	1835	0.17
\TheName{}-2.0	143	179	21	57	1906	0.165
\TheName{}-2.5	142	179	21	58	1816	0.1625
\TheName{}-3.0	143	179	21	57	1735	0.1625
SVM	168	154	46	32	5	0.005
LR	0	200	0	200	0	0.0075
Ye-LDA	131	182	18	69	159	0.005
DTree-10	53	187	13	147	2	0.005
DTree-20	110	148	52	90	5	0.005
RFC-50	78	181	19	122	20	0.0075
RFC-100	74	186	14	126	15	0.02
NLSVM-0.1	200	23	177	0	3	0.0525
NLSVM-1.0	172	114	86	28	2	0.0425
NLSVM-10	92	193	7	108	3	0.0375
LDA	142	151	49	58	382	0.28
SDA-0.5	171	164	36	29	1714	0.175
SDA-1.0	171	163	37	29	1711	0.1625
SDA-1.5	171	163	37	29	1724	0.1625
SDA-2.0	171	163	37	29	1664	0.17
SDA-2.5	172	162	38	28	1659	0.1725
SDA-3.0	172	162	38	28	1643	0.1625
\TheName{}-0.5	177	134	66	23	1732	0.1625
\TheName{}-1.0	183	156	44	17	1778	0.1725
\TheName{}-1.5	183	158	42	17	1810	0.16
\TheName{}-2.0	176	161	39	24	1797	0.1625
\TheName{}-2.5	177	161	39	23	1747	0.1625
\TheName{}-3.0	177	162	38	23	1870	0.1725
SVM	177	158	42	23	4	0.005
LR	0	200	0	200	1	0.0025
Ye-LDA	173	152	48	27	156	0.005
DTree-10	88	171	29	112	23	0.005
DTree-20	101	167	33	99	13	0.0025
RFC-50	72	192	8	128	8	0.0125
RFC-100	68	193	7	132	36	0.0175
NLSVM-0.1	0	200	0	200	4	0.0575
NLSVM-1.0	197	55	145	3	3	0.045
NLSVM-10	196	104	96	4	2	0.075
LDA	95	149	51	105	341	0.255
SDA-0.5	168	180	20	32	1685	0.1625
SDA-1.0	168	178	22	32	1676	0.1675
SDA-1.5	168	178	22	32	1737	0.17
SDA-2.0	168	178	22	32	1684	0.1625
SDA-2.5	168	178	22	32	1743	0.165
SDA-3.0	168	178	22	32	1735	0.1625
\TheName{}-0.5	183	163	37	17	1816	0.1725
\TheName{}-1.0	177	173	27	23	1634	0.175
\TheName{}-1.5	175	175	25	25	1938	0.1625
\TheName{}-2.0	173	179	21	27	1809	0.165
\TheName{}-2.5	172	179	21	28	1793	0.1725
\TheName{}-3.0	172	178	22	28	1676	0.1625
SVM	165	164	36	35	5	0.005
LR	0	200	0	200	0	0.005
Ye-LDA	148	178	22	52	153	0.0025
DTree-10	189	113	87	11	3	0.005
DTree-20	165	141	59	35	4	0.005
RFC-50	98	195	5	102	24	0.0125
RFC-100	87	193	7	113	45	0.02
NLSVM-0.1	4	200	0	196	4	0.0525
NLSVM-1.0	198	73	127	2	2	0.0425
NLSVM-10	5	200	0	195	3	0.045
LDA	151	158	42	49	359	0.4025
SDA-0.5	141	173	27	59	1669	0.165
SDA-1.0	140	172	28	60	1677	0.17
SDA-1.5	140	172	28	60	1749	0.1625
SDA-2.0	140	172	28	60	1555	0.1625
SDA-2.5	140	172	28	60	1658	0.1625
SDA-3.0	141	172	28	59	1735	0.1925
\TheName{}-0.5	182	171	29	18	1819	0.185
\TheName{}-1.0	159	172	28	41	2069	0.2075
\TheName{}-1.5	151	171	29	49	1692	0.1625
\TheName{}-2.0	148	171	29	52	1912	0.1725
\TheName{}-2.5	143	172	28	57	1716	0.1625
\TheName{}-3.0	142	172	28	58	2057	0.165
SVM	165	169	31	35	5	0.005
LR	0	200	0	200	0	0.005
Ye-LDA	153	166	34	47	148	0.005
DTree-10	75	171	29	125	3	0.0025
DTree-20	110	161	39	90	5	0.005
RFC-50	87	179	21	113	24	0.0075
RFC-100	80	182	18	120	47	0.0225
NLSVM-0.1	200	21	179	0	3	0.055
NLSVM-1.0	193	82	118	7	3	0.04
NLSVM-10	17	199	1	183	3	0.0425
LDA	129	137	63	71	302	0.2675
SDA-0.5	145	168	32	55	1727	0.175
SDA-1.0	145	166	34	55	1693	0.18
SDA-1.5	145	166	34	55	1775	0.17
SDA-2.0	145	165	35	55	1626	0.1675
SDA-2.5	144	165	35	56	1830	0.175
SDA-3.0	144	165	35	56	1609	0.16
\TheName{}-0.5	170	161	39	30	1896	0.165
\TheName{}-1.0	156	169	31	44	1772	0.1625
\TheName{}-1.5	154	170	30	46	1908	0.185
\TheName{}-2.0	152	169	31	48	1803	0.1625
\TheName{}-2.5	149	169	31	51	1798	0.17
\TheName{}-3.0	148	168	32	52	1749	0.175
SVM	171	159	41	29	4	0.0075
LR	0	200	0	200	0	0.005
Ye-LDA	133	174	26	67	150	0.0075
DTree-10	84	171	29	116	2	0.005
DTree-20	108	151	49	92	4	0.005
RFC-50	89	178	22	111	22	0.01
RFC-100	95	178	22	105	53	0.03
NLSVM-0.1	2	200	0	198	3	0.055
NLSVM-1.0	181	82	118	19	4	0.045
NLSVM-10	43	197	3	157	3	0.06
LDA	175	142	58	25	358	0.315
SDA-0.5	162	171	29	38	1668	0.1625
SDA-1.0	160	171	29	40	1711	0.165
SDA-1.5	160	171	29	40	1875	0.1625
SDA-2.0	159	170	30	41	1657	0.17
SDA-2.5	159	170	30	41	1575	0.165
SDA-3.0	159	170	30	41	1737	0.1625
\TheName{}-0.5	180	162	38	20	1809	0.1675
\TheName{}-1.0	170	173	27	30	1819	0.1775
\TheName{}-1.5	168	172	28	32	1722	0.1625
\TheName{}-2.0	167	170	30	33	1724	0.1625
\TheName{}-2.5	166	171	29	34	1841	0.165
\TheName{}-3.0	165	171	29	35	1750	0.175
SVM	173	166	34	27	5	0.0075
LR	0	200	0	200	0	0.005
Ye-LDA	144	176	24	56	153	0.005
DTree-10	68	185	15	132	3	0.005
DTree-20	111	162	38	89	4	0.005
RFC-50	98	174	26	102	22	0.0075
RFC-100	99	173	27	101	39	0.015
NLSVM-0.1	2	200	0	198	5	0.07
NLSVM-1.0	186	54	146	14	2	0.05
NLSVM-10	200	2	198	0	5	0.045
LDA	147	149	51	53	337	0.2925
SDA-0.5	117	169	31	83	1636	0.16
SDA-1.0	116	169	31	84	1643	0.1625
SDA-1.5	116	168	32	84	1681	0.1625
SDA-2.0	116	168	32	84	1694	0.17
SDA-2.5	116	168	32	84	1653	0.1675
SDA-3.0	116	168	32	84	1649	0.1675
\TheName{}-0.5	136	106	94	64	1701	0.1675
\TheName{}-1.0	165	173	27	35	1739	0.1725
\TheName{}-1.5	133	175	25	67	1687	0.1625
\TheName{}-2.0	124	171	29	76	1759	0.1825
\TheName{}-2.5	119	171	29	81	1749	0.1625
\TheName{}-3.0	119	170	30	81	1808	0.1775
SVM	166	163	37	34	6	0.005
LR	0	200	0	200	1	0.005
Ye-LDA	139	168	32	61	143	0.0175
DTree-10	95	174	26	105	16	0.015
DTree-20	120	154	46	80	11	0.015
RFC-50	81	176	24	119	19	0.0075
RFC-100	82	179	21	118	14	0.0175
NLSVM-0.1	2	199	1	198	4	0.06
NLSVM-1.0	1	199	1	199	3	0.085
NLSVM-10	13	199	1	187	2	0.055
LDA	154	129	71	46	282	0.2525
SDA-0.5	131	178	22	69	1616	0.17
SDA-1.0	129	177	23	71	1702	0.165
SDA-1.5	128	177	23	72	1710	0.165
SDA-2.0	128	177	23	72	1699	0.1825
SDA-2.5	128	177	23	72	1656	0.1625
SDA-3.0	127	176	24	73	1679	0.1625
\TheName{}-0.5	184	124	76	16	1827	0.165
\TheName{}-1.0	163	175	25	37	1765	0.1725
\TheName{}-1.5	147	177	23	53	1842	0.1675
\TheName{}-2.0	139	176	24	61	1851	0.165
\TheName{}-2.5	136	175	25	64	1752	0.2025
\TheName{}-3.0	134	175	25	66	1882	0.19
SVM	171	141	59	29	4	0.0075
LR	0	200	0	200	0	0.005
Ye-LDA	145	175	25	55	168	0.0075
DTree-10	91	170	30	109	2	0.005
DTree-20	126	160	40	74	5	0.0025
RFC-50	115	169	31	85	26	0.01
RFC-100	120	164	36	80	53	0.0375
NLSVM-0.1	199	28	172	1	3	0.0525
NLSVM-1.0	189	63	137	11	2	0.045
NLSVM-10	18	200	0	182	3	0.04
LDA	132	118	82	68	311	0.28
SDA-0.5	112	175	25	88	1671	0.165
SDA-1.0	112	174	26	88	1600	0.1725
SDA-1.5	112	173	27	88	1577	0.165
SDA-2.0	112	173	27	88	1663	0.1775
SDA-2.5	112	173	27	88	1643	0.1625
SDA-3.0	112	173	27	88	1615	0.165
\TheName{}-0.5	147	83	117	53	1732	0.1775
\TheName{}-1.0	171	178	22	29	1609	0.1625
\TheName{}-1.5	136	178	22	64	1741	0.165
\TheName{}-2.0	123	178	22	77	1693	0.1625
\TheName{}-2.5	115	176	24	85	1806	0.1725
\TheName{}-3.0	115	176	24	85	1783	0.1675
SVM	172	158	42	28	5	0.005
LR	200	0	200	0	0	0.005
Ye-LDA	174	163	37	26	155	0.005
DTree-10	68	170	30	132	8	0.005
DTree-20	103	164	36	97	5	0.0025
RFC-50	73	178	22	127	19	0.0075
RFC-100	72	178	22	128	37	0.015
NLSVM-0.1	200	20	180	0	3	0.0525
NLSVM-1.0	198	89	111	2	3	0.0425
NLSVM-10	48	197	3	152	2	0.04
LDA	129	135	65	71	347	0.265
SDA-0.5	130	184	16	70	1662	0.1625
SDA-1.0	130	184	16	70	1728	0.1875
SDA-1.5	130	184	16	70	1704	0.175
SDA-2.0	130	184	16	70	1752	0.1625
SDA-2.5	130	184	16	70	1659	0.17
SDA-3.0	130	184	16	70	1812	0.1675
\TheName{}-0.5	143	119	81	57	1716	0.175
\TheName{}-1.0	172	179	21	28	1759	0.1725
\TheName{}-1.5	153	187	13	47	1701	0.1625
\TheName{}-2.0	143	186	14	57	1715	0.1625
\TheName{}-2.5	141	185	15	59	1748	0.1675
\TheName{}-3.0	138	185	15	62	1891	0.1725
SVM	156	167	33	44	5	0.005
LR	0	200	0	200	1	0.005
Ye-LDA	108	183	17	92	147	0.005
DTree-10	81	172	28	119	2	0.005
DTree-20	104	161	39	96	8	0.0025
RFC-50	81	186	14	119	22	0.01
RFC-100	73	189	11	127	43	0.0275
NLSVM-0.1	1	200	0	199	3	0.055
NLSVM-1.0	46	168	32	154	3	0.04
NLSVM-10	200	21	179	0	3	0.04
LDA	104	146	54	96	339	0.2175
SDA-0.5	149	179	21	51	1792	0.1625
SDA-1.0	149	179	21	51	1761	0.1675
SDA-1.5	149	179	21	51	1672	0.195
SDA-2.0	149	179	21	51	1727	0.165
SDA-2.5	149	179	21	51	1663	0.1725
SDA-3.0	149	178	22	51	1829	0.17
\TheName{}-0.5	162	178	22	38	1800	0.175
\TheName{}-1.0	158	178	22	42	1739	0.1625
\TheName{}-1.5	156	178	22	44	1747	0.18
\TheName{}-2.0	152	179	21	48	1787	0.1675
\TheName{}-2.5	152	179	21	48	1755	0.1725
\TheName{}-3.0	152	179	21	48	1751	0.1825
SVM	151	157	43	49	4	0.005
LR	0	200	0	200	0	0.005
Ye-LDA	144	180	20	56	154	0.005
DTree-10	75	172	28	125	3	0.0025
DTree-20	111	162	38	89	5	0.005
RFC-50	91	176	24	109	23	0.0075
RFC-100	88	176	24	112	39	0.0225
NLSVM-0.1	200	22	178	0	4	0.06
NLSVM-1.0	173	76	124	27	3	0.0575
NLSVM-10	37	199	1	163	2	0.045
LDA	142	131	69	58	351	0.3
SDA-0.5	174	163	37	26	1795	0.175
SDA-1.0	171	162	38	29	1651	0.1625
SDA-1.5	171	162	38	29	1603	0.175
SDA-2.0	168	163	37	32	1685	0.1625
SDA-2.5	168	163	37	32	1687	0.1825
SDA-3.0	168	163	37	32	1809	0.1675
\TheName{}-0.5	158	115	85	42	1780	0.18
\TheName{}-1.0	190	143	57	10	1804	0.1625
\TheName{}-1.5	187	154	46	13	1746	0.165
\TheName{}-2.0	184	160	40	16	1796	0.1625
\TheName{}-2.5	181	159	41	19	1700	0.175
\TheName{}-3.0	180	161	39	20	1770	0.1775
SVM	174	132	68	26	6	0.005
LR	0	200	0	200	0	0.005
Ye-LDA	164	149	51	36	145	0.005
DTree-10	192	61	139	8	2	0.005
DTree-20	136	141	59	64	6	0.005
RFC-50	95	176	24	105	20	0.0075
RFC-100	97	178	22	103	37	0.015
NLSVM-0.1	200	18	182	0	3	0.0525
NLSVM-1.0	60	173	27	140	3	0.055
NLSVM-10	200	51	149	0	3	0.0425
LDA	155	116	84	45	406	0.495
SDA-0.5	138	170	30	62	1585	0.1625
SDA-1.0	135	168	32	65	1572	0.165
SDA-1.5	135	168	32	65	1625	0.18
SDA-2.0	132	169	31	68	1612	0.1625
SDA-2.5	132	169	31	68	1607	0.165
SDA-3.0	132	169	31	68	1614	0.1625
\TheName{}-0.5	175	160	40	25	1789	0.165
\TheName{}-1.0	158	172	28	42	1647	0.175
\TheName{}-1.5	146	172	28	54	1861	0.1925
\TheName{}-2.0	140	171	29	60	1694	0.1625
\TheName{}-2.5	140	171	29	60	1702	0.1925
\TheName{}-3.0	138	169	31	62	1859	0.1725
SVM	172	150	50	28	5	0.005
LR	0	200	0	200	0	0.005
Ye-LDA	140	177	23	60	149	0.005
DTree-10	77	177	23	123	2	0.005
DTree-20	120	166	34	80	5	0.0025
RFC-50	91	165	35	109	18	0.0075
RFC-100	88	167	33	112	39	0.015
NLSVM-0.1	200	14	186	0	3	0.0525
NLSVM-1.0	196	39	161	4	3	0.0425
NLSVM-10	16	197	3	184	2	0.04
LDA	96	135	65	104	499	0.21
SDA-0.5	142	165	35	58	1666	0.1675
SDA-1.0	140	165	35	60	1597	0.185
SDA-1.5	139	165	35	61	1690	0.1625
SDA-2.0	140	165	35	60	1681	0.1725
SDA-2.5	138	165	35	62	1683	0.165
SDA-3.0	138	165	35	62	1657	0.1675
\TheName{}-0.5	163	103	97	37	1787	0.17
\TheName{}-1.0	159	162	38	41	1778	0.1725
\TheName{}-1.5	150	165	35	50	1627	0.165
\TheName{}-2.0	145	164	36	55	1827	0.1775
\TheName{}-2.5	143	165	35	57	1751	0.1625
\TheName{}-3.0	143	166	34	57	1763	0.175
SVM	143	151	49	57	3	0.005
LR	0	200	0	200	1	0.0025
Ye-LDA	146	165	35	54	158	0.0075
DTree-10	45	169	31	155	2	0.005
DTree-20	104	156	44	96	5	0.0075
RFC-50	112	153	47	88	20	0.0125
RFC-100	115	154	46	85	41	0.0175
NLSVM-0.1	200	20	180	0	4	0.0525
NLSVM-1.0	176	72	128	24	3	0.0425
NLSVM-10	197	82	118	3	3	0.0375
LDA	108	169	31	92	307	0.355
SDA-0.5	114	183	17	86	1759	0.165
SDA-1.0	112	183	17	88	1578	0.165
SDA-1.5	111	183	17	89	1628	0.165
SDA-2.0	111	183	17	89	1626	0.1725
SDA-2.5	111	183	17	89	1638	0.1625
SDA-3.0	111	183	17	89	1684	0.1625
\TheName{}-0.5	138	153	47	62	1747	0.165
\TheName{}-1.0	127	189	11	73	1847	0.1825
\TheName{}-1.5	121	185	15	79	1756	0.185
\TheName{}-2.0	119	184	16	81	1659	0.1625
\TheName{}-2.5	117	183	17	83	1657	0.1625
\TheName{}-3.0	116	184	16	84	1783	0.175
SVM	134	176	24	66	5	0.005
LR	0	200	0	200	1	0.0025
Ye-LDA	107	177	23	93	151	0.005
DTree-10	85	185	15	115	2	0.005
DTree-20	116	177	23	84	15	0.005
RFC-50	88	186	14	112	8	0.0075
RFC-100	98	177	23	102	39	0.0175
NLSVM-0.1	200	19	181	0	3	0.0525
NLSVM-1.0	25	199	1	175	3	0.0425
NLSVM-10	159	158	42	41	2	0.04
LDA	107	156	44	93	363	0.615
SDA-0.5	152	181	19	48	1644	0.1775
SDA-1.0	151	179	21	49	1697	0.165
SDA-1.5	151	178	22	49	1727	0.17
SDA-2.0	150	178	22	50	1659	0.175
SDA-2.5	150	178	22	50	1708	0.1625
SDA-3.0	150	178	22	50	1681	0.1625
\TheName{}-0.5	181	161	39	19	1764	0.165
\TheName{}-1.0	173	179	21	27	1758	0.1775
\TheName{}-1.5	163	180	20	37	1781	0.165
\TheName{}-2.0	156	179	21	44	1706	0.1625
\TheName{}-2.5	152	179	21	48	1848	0.1625
\TheName{}-3.0	151	179	21	49	1753	0.1725
SVM	147	173	27	53	3	0.005
LR	0	200	0	200	0	0.005
Ye-LDA	155	179	21	45	151	0.005
DTree-10	49	187	13	151	3	0.005
DTree-20	102	172	28	98	4	0.005
RFC-50	101	193	7	99	31	0.03
RFC-100	104	193	7	96	81	0.0225
NLSVM-0.1	200	16	184	0	4	0.08
NLSVM-1.0	34	196	4	166	3	0.0525
NLSVM-10	11	200	0	189	3	0.04
LDA	154	132	68	46	283	0.2675
SDA-0.5	153	168	32	47	1607	0.175
SDA-1.0	151	168	32	49	1658	0.165
SDA-1.5	148	168	32	52	1593	0.1625
SDA-2.0	148	168	32	52	1611	0.17
SDA-2.5	148	168	32	52	1830	0.165
SDA-3.0	147	168	32	53	1652	0.165
\TheName{}-0.5	180	150	50	20	1917	0.18
\TheName{}-1.0	169	172	28	31	1663	0.175
\TheName{}-1.5	163	172	28	37	1716	0.165
\TheName{}-2.0	159	172	28	41	1742	0.165
\TheName{}-2.5	158	172	28	42	1687	0.1625
\TheName{}-3.0	158	172	28	42	1780	0.175
SVM	175	157	43	25	4	0.005
LR	0	200	0	200	1	0.0025
Ye-LDA	163	167	33	37	141	0.0125
DTree-10	73	184	16	127	5	0.015
DTree-20	123	172	28	77	6	0.0175
RFC-50	83	179	21	117	8	0.0125
RFC-100	83	176	24	117	43	0.02
NLSVM-0.1	200	17	183	0	3	0.0525
NLSVM-1.0	24	191	9	176	3	0.04
NLSVM-10	38	199	1	162	3	0.0375
LDA	154	138	62	46	439	0.2825
SDA-0.5	133	173	27	67	1680	0.1625
SDA-1.0	133	173	27	67	1714	0.27
SDA-1.5	132	173	27	68	1711	0.1675
SDA-2.0	132	173	27	68	1690	0.1725
SDA-2.5	132	173	27	68	1688	0.165
SDA-3.0	132	173	27	68	1712	0.1625
\TheName{}-0.5	164	176	24	36	1737	0.1625
\TheName{}-1.0	144	178	22	56	1898	0.1725
\TheName{}-1.5	139	175	25	61	1746	0.17
\TheName{}-2.0	138	175	25	62	1782	0.165
\TheName{}-2.5	137	175	25	63	1772	0.1625
\TheName{}-3.0	136	175	25	64	1776	0.1825
SVM	166	162	38	34	3	0.0075
LR	0	200	0	200	0	0.005
Ye-LDA	144	176	24	56	148	0.005
DTree-10	95	171	29	105	3	0.005
DTree-20	110	156	44	90	33	0.005
RFC-50	98	180	20	102	8	0.0125
RFC-100	97	180	20	103	16	0.025
NLSVM-0.1	200	18	182	0	3	0.06
NLSVM-1.0	187	80	120	13	2	0.0425
NLSVM-10	32	199	1	168	3	0.04
LDA	114	136	64	86	431	0.2825
SDA-0.5	173	174	26	27	1600	0.1625
SDA-1.0	172	174	26	28	1652	0.1825
SDA-1.5	172	174	26	28	1601	0.165
SDA-2.0	172	174	26	28	1612	0.1725
SDA-2.5	172	174	26	28	1625	0.1625
SDA-3.0	173	174	26	27	1618	0.1625
\TheName{}-0.5	178	112	88	22	1758	0.1625
\TheName{}-1.0	193	147	53	7	1744	0.175
\TheName{}-1.5	191	153	47	9	1729	0.1725
\TheName{}-2.0	186	165	35	14	1736	0.165
\TheName{}-2.5	184	170	30	16	1762	0.165
\TheName{}-3.0	181	171	29	19	1784	0.165
SVM	168	143	57	32	5	0.005
LR	0	200	0	200	0	0.005
Ye-LDA	161	165	35	39	167	0.015
DTree-10	76	184	16	124	3	0.01
DTree-20	101	169	31	99	16	0.0075
RFC-50	90	182	18	110	24	0.0075
RFC-100	87	185	15	113	44	0.0225
NLSVM-0.1	200	22	178	0	4	0.0525
NLSVM-1.0	200	79	121	0	3	0.045
NLSVM-10	200	48	152	0	2	0.0525
LDA	99	143	57	101	285	0.43
SDA-0.5	130	173	27	70	1596	0.18
SDA-1.0	128	171	29	72	1653	0.1625
SDA-1.5	126	171	29	74	1600	0.1725
SDA-2.0	126	171	29	74	1642	0.165
SDA-2.5	126	171	29	74	1646	0.165
SDA-3.0	126	171	29	74	1656	0.1825
\TheName{}-0.5	180	138	62	20	1605	0.165
\TheName{}-1.0	169	171	29	31	1669	0.1625
\TheName{}-1.5	147	170	30	53	1790	0.165
\TheName{}-2.0	142	171	29	58	1694	0.1625
\TheName{}-2.5	137	172	28	63	1693	0.1775
\TheName{}-3.0	136	172	28	64	1697	0.165
SVM	174	159	41	26	5	0.005
LR	0	200	0	200	1	0.0025
Ye-LDA	159	165	35	41	142	0.005
DTree-10	97	163	37	103	3	0.0025
DTree-20	120	157	43	80	5	0.0025
RFC-50	93	172	28	107	10	0.0075
RFC-100	101	169	31	99	17	0.02
NLSVM-0.1	200	21	179	0	3	0.0525
NLSVM-1.0	69	171	29	131	3	0.04
NLSVM-10	20	199	1	180	3	0.0375
LDA	109	155	45	91	371	0.3675
SDA-0.5	98	176	24	102	1639	0.1625
SDA-1.0	97	174	26	103	1657	0.17
SDA-1.5	97	174	26	103	1708	0.175
SDA-2.0	97	174	26	103	1626	0.1775
SDA-2.5	97	174	26	103	1684	0.1625
SDA-3.0	97	174	26	103	1662	0.1625
\TheName{}-0.5	134	78	122	66	1824	0.1725
\TheName{}-1.0	146	181	19	54	1649	0.1625
\TheName{}-1.5	116	183	17	84	1818	0.17
\TheName{}-2.0	108	182	18	92	1715	0.1625
\TheName{}-2.5	104	180	20	96	1762	0.1725
\TheName{}-3.0	102	178	22	98	1717	0.165
SVM	147	174	26	53	5	0.005
LR	0	200	0	200	1	0.0025
Ye-LDA	103	179	21	97	156	0.0025
DTree-10	82	184	16	118	3	0.005
DTree-20	109	179	21	91	4	0.005
RFC-50	78	175	25	122	25	0.01
RFC-100	79	177	23	121	47	0.025
NLSVM-0.1	200	26	174	0	3	0.0525
NLSVM-1.0	179	84	116	21	3	0.0425
NLSVM-10	23	197	3	177	2	0.04
LDA	135	136	64	65	390	0.29
SDA-0.5	152	174	26	48	1609	0.1625
SDA-1.0	150	173	27	50	1659	0.1625
SDA-1.5	150	173	27	50	1697	0.19
SDA-2.0	150	173	27	50	1672	0.1725
SDA-2.5	150	173	27	50	1762	0.1625
SDA-3.0	151	172	28	49	1737	0.1675
\TheName{}-0.5	166	151	49	34	1732	0.1625
\TheName{}-1.0	167	172	28	33	1783	0.17
\TheName{}-1.5	159	170	30	41	1791	0.1675
\TheName{}-2.0	157	169	31	43	1718	0.17
\TheName{}-2.5	156	173	27	44	1766	0.165
\TheName{}-3.0	155	173	27	45	1797	0.1775
SVM	158	162	38	42	5	0.005
LR	0	200	0	200	1	0.005
Ye-LDA	142	174	26	58	152	0.005
DTree-10	55	190	10	145	3	0.005
DTree-20	99	175	25	101	4	0.005
RFC-50	89	182	18	111	8	0.0075
RFC-100	91	183	17	109	41	0.0175
NLSVM-0.1	1	200	0	199	3	0.0525
NLSVM-1.0	176	88	112	24	3	0.0425
NLSVM-10	73	197	3	127	2	0.0375
LDA	133	131	69	67	273	0.21
SDA-0.5	140	165	35	60	1721	0.16
SDA-1.0	138	164	36	62	1659	0.1625
SDA-1.5	137	164	36	63	1673	0.17
SDA-2.0	136	164	36	64	1805	0.1775
SDA-2.5	135	164	36	65	1759	0.1675
SDA-3.0	135	164	36	65	1674	0.1625
\TheName{}-0.5	155	98	102	45	1786	0.165
\TheName{}-1.0	178	157	43	22	1730	0.1725
\TheName{}-1.5	159	167	33	41	1754	0.17
\TheName{}-2.0	151	166	34	49	1781	0.1725
\TheName{}-2.5	146	167	33	54	1801	0.1625
\TheName{}-3.0	145	164	36	55	1849	0.18
SVM	164	149	51	36	6	0.005
LR	0	200	0	200	1	0.0025
Ye-LDA	139	170	30	61	148	0.005
DTree-10	92	169	31	108	2	0.005
DTree-20	126	158	42	74	5	0.005
RFC-50	89	176	24	111	21	0.0075
RFC-100	81	177	23	119	42	0.025
NLSVM-0.1	198	24	176	2	3	0.0525
NLSVM-1.0	191	69	131	9	3	0.04
NLSVM-10	13	199	1	187	3	0.0375
LDA	142	137	63	58	298	0.27
SDA-0.5	125	179	21	75	1752	0.1625
SDA-1.0	118	178	22	82	1663	0.1675
SDA-1.5	118	176	24	82	1813	0.165
SDA-2.0	118	176	24	82	1717	0.16
SDA-2.5	118	176	24	82	1647	0.165
SDA-3.0	116	176	24	84	1619	0.165
\TheName{}-0.5	174	168	32	26	1731	0.1625
\TheName{}-1.0	145	180	20	55	1659	0.18
\TheName{}-1.5	135	178	22	65	1706	0.1675
\TheName{}-2.0	132	178	22	68	1821	0.1775
\TheName{}-2.5	128	179	21	72	1783	0.18
\TheName{}-3.0	126	179	21	74	1763	0.1725
SVM	155	165	35	45	5	0.005
LR	0	200	0	200	0	0.005
Ye-LDA	132	171	29	68	147	0.005
DTree-10	96	167	33	104	2	0.005
DTree-20	121	160	40	79	5	0.005
RFC-50	94	172	28	106	21	0.01
RFC-100	90	174	26	110	42	0.0225
NLSVM-0.1	200	25	175	0	4	0.0525
NLSVM-1.0	186	58	142	14	3	0.0425
NLSVM-10	200	2	198	0	2	0.04
LDA	112	144	56	88	338	0.24
SDA-0.5	164	155	45	36	1720	0.165
SDA-1.0	164	155	45	36	1709	0.17
SDA-1.5	164	155	45	36	1744	0.17
SDA-2.0	164	155	45	36	1613	0.17
SDA-2.5	164	155	45	36	1678	0.17
SDA-3.0	165	155	45	35	1585	0.165
\TheName{}-0.5	161	128	72	39	1773	0.1625
\TheName{}-1.0	177	153	47	23	1798	0.165
\TheName{}-1.5	176	152	48	24	1836	0.175
\TheName{}-2.0	171	153	47	29	1777	0.165
\TheName{}-2.5	169	155	45	31	1728	0.1675
\TheName{}-3.0	168	156	44	32	1707	0.165
SVM	180	146	54	20	4	0.005
LR	0	200	0	200	0	0.005
Ye-LDA	144	161	39	56	167	0.0025
DTree-10	78	171	29	122	3	0.0025
DTree-20	113	163	37	87	6	0.01
RFC-50	90	177	23	110	22	0.01
RFC-100	84	184	16	116	39	0.0175
NLSVM-0.1	200	31	169	0	3	0.0525
NLSVM-1.0	192	89	111	8	3	0.0425
NLSVM-10	31	199	1	169	3	0.04
LDA	138	122	78	62	321	0.4825
SDA-0.5	145	170	30	55	1735	0.1625
SDA-1.0	145	170	30	55	1615	0.1625
SDA-1.5	144	170	30	56	1730	0.165
SDA-2.0	144	170	30	56	1650	0.1625
SDA-2.5	142	170	30	58	1776	0.1775
SDA-3.0	142	170	30	58	1729	0.165
\TheName{}-0.5	169	130	70	31	1811	0.1625
\TheName{}-1.0	168	167	33	32	1840	0.1625
\TheName{}-1.5	154	169	31	46	1837	0.175
\TheName{}-2.0	149	168	32	51	1784	0.1625
\TheName{}-2.5	146	168	32	54	1709	0.165
\TheName{}-3.0	145	168	32	55	1818	0.1625
SVM	154	155	45	46	7	0.005
LR	0	200	0	200	1	0.0025
Ye-LDA	141	162	38	59	148	0.005
DTree-10	101	143	57	99	3	0.0025
DTree-20	114	153	47	86	5	0.0025
RFC-50	103	167	33	97	10	0.01
RFC-100	103	176	24	97	45	0.0175
NLSVM-0.1	200	16	184	0	4	0.055
NLSVM-1.0	189	47	153	11	2	0.0425
NLSVM-10	140	171	29	60	3	0.04
LDA	110	142	58	90	347	0.2375
SDA-0.5	122	180	20	78	1564	0.175
SDA-1.0	123	179	21	77	1613	0.1625
SDA-1.5	122	179	21	78	1659	0.1625
SDA-2.0	122	179	21	78	1693	0.1625
SDA-2.5	122	179	21	78	1641	0.17
SDA-3.0	123	179	21	77	1628	0.17
\TheName{}-0.5	173	132	68	27	1681	0.165
\TheName{}-1.0	144	180	20	56	1705	0.1775
\TheName{}-1.5	135	179	21	65	1784	0.1625
\TheName{}-2.0	131	178	22	69	1761	0.1625
\TheName{}-2.5	128	177	23	72	1663	0.17
\TheName{}-3.0	127	176	24	73	1727	0.18
SVM	157	158	42	43	6	0.005
LR	0	200	0	200	1	0.005
Ye-LDA	111	179	21	89	197	0.255
DTree-10	71	189	11	129	7	0.0425
DTree-20	109	159	41	91	45	0.005
RFC-50	68	193	7	132	18	0.0075
RFC-100	74	188	12	126	14	0.015
NLSVM-0.1	200	17	183	0	3	0.0525
NLSVM-1.0	199	29	171	1	3	0.045
NLSVM-10	123	182	18	77	4	0.1925
LDA	131	161	39	69	297	0.2475
SDA-0.5	137	171	29	63	1729	0.1675
SDA-1.0	137	170	30	63	1670	0.1725
SDA-1.5	136	171	29	64	1786	0.165
SDA-2.0	136	171	29	64	1605	0.165
SDA-2.5	136	171	29	64	1582	0.1625
SDA-3.0	136	171	29	64	1726	0.165
\TheName{}-0.5	161	184	16	39	1725	0.1725
\TheName{}-1.0	145	178	22	55	1788	0.165
\TheName{}-1.5	143	176	24	57	1739	0.165
\TheName{}-2.0	141	176	24	59	1810	0.165
\TheName{}-2.5	139	173	27	61	1661	0.17
\TheName{}-3.0	141	172	28	59	1789	0.18
SVM	162	172	28	38	4	0.005
LR	0	200	0	200	1	0.005
Ye-LDA	130	181	19	70	150	0.005
DTree-10	96	158	42	104	2	0.005
DTree-20	123	144	56	77	4	0.005
RFC-50	105	165	35	95	21	0.01
RFC-100	106	166	34	94	40	0.0175
NLSVM-0.1	200	19	181	0	4	0.0525
NLSVM-1.0	165	87	113	35	3	0.0425
NLSVM-10	189	119	81	11	2	0.04
LDA	116	138	62	84	397	0.2675
SDA-0.5	132	168	32	68	1736	0.1625
SDA-1.0	132	168	32	68	1712	0.165
SDA-1.5	132	168	32	68	1719	0.17
SDA-2.0	132	168	32	68	1593	0.165
SDA-2.5	131	167	33	69	1685	0.165
SDA-3.0	131	167	33	69	1755	0.165
\TheName{}-0.5	170	127	73	30	1751	0.17
\TheName{}-1.0	159	162	38	41	1771	0.165
\TheName{}-1.5	145	164	36	55	1779	0.1625
\TheName{}-2.0	139	167	33	61	1800	0.17
\TheName{}-2.5	137	167	33	63	1744	0.175
\TheName{}-3.0	135	167	33	65	1720	0.1625
SVM	145	158	42	55	5	0.005
LR	0	200	0	200	1	0.005
Ye-LDA	137	173	27	63	166	0.005
DTree-10	61	179	21	139	4	0.005
DTree-20	89	165	35	111	5	0.0025
RFC-50	86	174	26	114	27	0.005
RFC-100	88	174	26	112	17	0.0175
NLSVM-0.1	200	29	171	0	7	0.06
NLSVM-1.0	176	81	119	24	3	0.04
NLSVM-10	149	160	40	51	3	0.0425
LDA	143	155	45	57	324	0.3525
SDA-0.5	117	177	23	83	1801	0.165
SDA-1.0	116	177	23	84	1639	0.1625
SDA-1.5	116	177	23	84	1727	0.1725
SDA-2.0	117	177	23	83	1598	0.165
SDA-2.5	117	177	23	83	1724	0.1625
SDA-3.0	116	177	23	84	1678	0.165
\TheName{}-0.5	163	155	45	37	1856	0.1625
\TheName{}-1.0	129	180	20	71	1685	0.17
\TheName{}-1.5	126	178	22	74	1860	0.165
\TheName{}-2.0	122	178	22	78	1839	0.1625
\TheName{}-2.5	120	177	23	80	1662	0.17
\TheName{}-3.0	118	178	22	82	1784	0.175
SVM	174	164	36	26	3	0.005
LR	0	200	0	200	1	0.005
Ye-LDA	115	185	15	85	147	0.005
DTree-10	66	167	33	134	12	0.005
DTree-20	101	159	41	99	5	0.005
RFC-50	86	184	16	114	8	0.0075
RFC-100	90	180	20	110	38	0.015
NLSVM-0.1	200	19	181	0	3	0.0525
NLSVM-1.0	183	74	126	17	3	0.0425
NLSVM-10	141	170	30	59	3	0.0375
LDA	107	134	66	93	398	0.315
SDA-0.5	120	173	27	80	1755	0.165
SDA-1.0	121	173	27	79	1581	0.165
SDA-1.5	121	173	27	79	1667	0.175
SDA-2.0	120	173	27	80	1719	0.1725
SDA-2.5	120	173	27	80	1550	0.1625
SDA-3.0	120	172	28	80	1717	0.165
\TheName{}-0.5	175	172	28	25	1778	0.1625
\TheName{}-1.0	131	172	28	69	1773	0.1675
\TheName{}-1.5	123	173	27	77	1806	0.1775
\TheName{}-2.0	121	173	27	79	1724	0.1625
\TheName{}-2.5	121	174	26	79	1857	0.165
\TheName{}-3.0	121	174	26	79	1664	0.165
SVM	153	162	38	47	3	0.0075
LR	200	0	200	0	0	0.005
Ye-LDA	142	166	34	58	149	0.005
DTree-10	105	162	38	95	3	0.005
DTree-20	119	146	54	81	4	0.005
RFC-50	57	183	17	143	19	0.0075
RFC-100	60	183	17	140	44	0.0125
NLSVM-0.1	200	16	184	0	4	0.0575
NLSVM-1.0	195	48	152	5	3	0.055
NLSVM-10	27	198	2	173	4	0.0925
LDA	138	151	49	62	340	0.225
SDA-0.5	102	178	22	98	1693	0.17
SDA-1.0	101	177	23	99	1646	0.1625
SDA-1.5	100	177	23	100	1687	0.1725
SDA-2.0	100	177	23	100	1724	0.1675
SDA-2.5	100	177	23	100	1748	0.1725
SDA-3.0	101	176	24	99	1667	0.1675
\TheName{}-0.5	127	60	140	73	1808	0.175
\TheName{}-1.0	162	169	31	38	1830	0.165
\TheName{}-1.5	128	179	21	72	1686	0.1725
\TheName{}-2.0	118	179	21	82	1822	0.165
\TheName{}-2.5	114	179	21	86	1715	0.1625
\TheName{}-3.0	111	176	24	89	1854	0.165
SVM	152	163	37	48	3	0.01
LR	0	200	0	200	1	0.0025
Ye-LDA	119	171	29	81	153	0.0025
DTree-10	88	169	31	112	3	0.005
DTree-20	116	159	41	84	6	0.0075
RFC-50	77	182	18	123	21	0.0225
RFC-100	74	182	18	126	43	0.0175
NLSVM-0.1	200	28	172	0	4	0.0625
NLSVM-1.0	198	69	131	2	3	0.0425
NLSVM-10	191	105	95	9	2	0.04
LDA	114	127	73	86	383	0.21
SDA-0.5	123	183	17	77	1660	0.18
SDA-1.0	121	182	18	79	1680	0.16
SDA-1.5	121	182	18	79	1769	0.19
SDA-2.0	120	182	18	80	1646	0.165
SDA-2.5	121	182	18	79	1557	0.1625
SDA-3.0	121	182	18	79	1603	0.175
\TheName{}-0.5	139	91	109	61	1764	0.1625
\TheName{}-1.0	159	178	22	41	1663	0.1625
\TheName{}-1.5	141	185	15	59	1760	0.165
\TheName{}-2.0	131	184	16	69	1688	0.1725
\TheName{}-2.5	126	183	17	74	1756	0.165
\TheName{}-3.0	124	183	17	76	1639	0.17
SVM	156	172	28	44	4	0.005
LR	0	200	0	200	0	0.005
Ye-LDA	145	175	25	55	150	0.005
DTree-10	74	165	35	126	2	0.005
DTree-20	96	157	43	104	5	0.005
RFC-50	91	174	26	109	20	0.0075
RFC-100	89	177	23	111	39	0.0175
NLSVM-0.1	200	24	176	0	4	0.0525
NLSVM-1.0	176	79	121	24	3	0.075
NLSVM-10	200	0	200	0	3	0.0425
LDA	160	148	52	40	321	0.2375
SDA-0.5	134	153	47	66	1579	0.1625
SDA-1.0	133	152	48	67	1791	0.1825
SDA-1.5	132	151	49	68	1621	0.1725
SDA-2.0	132	151	49	68	1686	0.1675
SDA-2.5	132	151	49	68	1657	0.165
SDA-3.0	132	151	49	68	1654	0.1625
\TheName{}-0.5	170	129	71	30	1788	0.18
\TheName{}-1.0	155	160	40	45	1735	0.1675
\TheName{}-1.5	144	155	45	56	1745	0.17
\TheName{}-2.0	141	153	47	59	1607	0.1625
\TheName{}-2.5	141	152	48	59	1743	0.165
\TheName{}-3.0	141	152	48	59	1614	0.175
SVM	177	155	45	23	4	0.005
LR	0	200	0	200	0	0.005
Ye-LDA	127	164	36	73	143	0.005
DTree-10	95	153	47	105	2	0.005
DTree-20	117	141	59	83	25	0.005
RFC-50	80	166	34	120	19	0.0075
RFC-100	85	163	37	115	38	0.0175
NLSVM-0.1	200	22	178	0	4	0.0525
NLSVM-1.0	193	67	133	7	3	0.0425
NLSVM-10	20	198	2	180	3	0.0525
LDA	142	135	65	58	416	0.2475
SDA-0.5	149	183	17	51	1652	0.165
SDA-1.0	148	181	19	52	1735	0.1625
SDA-1.5	148	181	19	52	1650	0.165
SDA-2.0	148	181	19	52	1602	0.19
SDA-2.5	148	181	19	52	1838	0.16
SDA-3.0	148	181	19	52	1538	0.1625
\TheName{}-0.5	182	120	80	18	1846	0.1625
\TheName{}-1.0	180	177	23	20	1729	0.175
\TheName{}-1.5	161	180	20	39	1941	0.165
\TheName{}-2.0	155	180	20	45	1720	0.165
\TheName{}-2.5	153	179	21	47	1760	0.165
\TheName{}-3.0	153	180	20	47	1752	0.165
SVM	171	149	51	29	6	0.025
LR	0	200	0	200	0	0.005
Ye-LDA	150	177	23	50	147	0.0025
DTree-10	86	183	17	114	3	0.0025
DTree-20	102	172	28	98	5	0.005
RFC-50	90	190	10	110	10	0.0075
RFC-100	91	190	10	109	47	0.0225
NLSVM-0.1	200	13	187	0	4	0.0525
NLSVM-1.0	30	180	20	170	3	0.04
NLSVM-10	6	200	0	194	2	0.04
LDA	139	151	49	61	341	0.2425
SDA-0.5	134	170	30	66	1593	0.1625
SDA-1.0	134	170	30	66	1631	0.1775
SDA-1.5	134	170	30	66	1506	0.1625
SDA-2.0	134	170	30	66	1572	0.1625
SDA-2.5	133	170	30	67	1648	0.1725
SDA-3.0	131	170	30	69	1597	0.1625
\TheName{}-0.5	147	175	25	53	1638	0.165
\TheName{}-1.0	136	171	29	64	1720	0.165
\TheName{}-1.5	134	171	29	66	1704	0.1625
\TheName{}-2.0	134	170	30	66	1661	0.1725
\TheName{}-2.5	134	170	30	66	1706	0.1625
\TheName{}-3.0	134	170	30	66	1742	0.19
SVM	153	170	30	47	6	0.0075
LR	0	200	0	200	1	0.0025
Ye-LDA	140	175	25	60	150	0.0225
DTree-10	104	156	44	96	3	0.015
DTree-20	114	151	49	86	5	0.005
RFC-50	82	170	30	118	25	0.01
RFC-100	69	178	22	131	73	0.015
NLSVM-0.1	199	32	168	1	4	0.0925
NLSVM-1.0	170	77	123	30	3	0.0625
NLSVM-10	200	0	200	0	3	0.045
LDA	149	104	96	51	292	0.265
SDA-0.5	166	171	29	34	1623	0.1625
SDA-1.0	164	171	29	36	1614	0.1625
SDA-1.5	164	171	29	36	1633	0.175
SDA-2.0	163	170	30	37	1734	0.1625
SDA-2.5	163	170	30	37	1601	0.1625
SDA-3.0	163	170	30	37	1686	0.1675
\TheName{}-0.5	170	133	67	30	1874	0.1675
\TheName{}-1.0	186	167	33	14	1697	0.1775
\TheName{}-1.5	182	172	28	18	1799	0.165
\TheName{}-2.0	172	171	29	28	1614	0.175
\TheName{}-2.5	171	171	29	29	1682	0.1625
\TheName{}-3.0	171	171	29	29	1732	0.1625
SVM	162	152	48	38	4	0.005
LR	0	200	0	200	0	0.005
Ye-LDA	134	173	27	66	151	0.0025
DTree-10	78	180	20	122	3	0.005
DTree-20	99	160	40	101	4	0.005
RFC-50	90	176	24	110	24	0.0075
RFC-100	92	171	29	108	55	0.0225
NLSVM-0.1	198	15	185	2	4	0.05
NLSVM-1.0	57	162	38	143	3	0.04
NLSVM-10	200	0	200	0	3	0.0375
LDA	130	141	59	70	384	0.3025
SDA-0.5	90	172	28	110	1572	0.17
SDA-1.0	91	172	28	109	1646	0.1625
SDA-1.5	91	172	28	109	1653	0.17
SDA-2.0	90	172	28	110	1643	0.1625
SDA-2.5	89	172	28	111	1695	0.1875
SDA-3.0	89	172	28	111	1629	0.1625
\TheName{}-0.5	134	84	116	66	1658	0.1825
\TheName{}-1.0	105	181	19	95	1750	0.1625
\TheName{}-1.5	99	176	24	101	1800	0.1625
\TheName{}-2.0	94	173	27	106	1674	0.1725
\TheName{}-2.5	95	173	27	105	1786	0.1875
\TheName{}-3.0	95	173	27	105	1716	0.18
SVM	127	159	41	73	5	0.015
LR	0	200	0	200	0	0.0125
Ye-LDA	94	179	21	106	160	0.0075
DTree-10	56	187	13	144	2	0.005
DTree-20	90	153	47	110	4	0.005
RFC-50	68	181	19	132	8	0.0075
RFC-100	68	185	15	132	43	0.0175
NLSVM-0.1	200	21	179	0	3	0.0575
NLSVM-1.0	156	78	122	44	3	0.0425
NLSVM-10	181	109	91	19	2	0.0425
LDA	158	131	69	42	375	0.3075
SDA-0.5	154	183	17	46	1634	0.17
SDA-1.0	150	183	17	50	1595	0.1775
SDA-1.5	150	183	17	50	1724	0.1625
SDA-2.0	149	183	17	51	1750	0.165
SDA-2.5	149	182	18	51	1581	0.18
SDA-3.0	149	182	18	51	1689	0.165
\TheName{}-0.5	184	135	65	16	1652	0.1725
\TheName{}-1.0	174	183	17	26	1903	0.1625
\TheName{}-1.5	167	184	16	33	1717	0.165
\TheName{}-2.0	160	184	16	40	1661	0.1675
\TheName{}-2.5	161	184	16	39	1714	0.1725
\TheName{}-3.0	156	184	16	44	1657	0.1625
SVM	170	156	44	30	4	0.005
LR	0	200	0	200	0	0.005
Ye-LDA	165	178	22	35	155	0.005
DTree-10	97	178	22	103	3	0.0025
DTree-20	125	165	35	75	5	0.005
RFC-50	103	187	13	97	21	0.0075
RFC-100	98	186	14	102	40	0.0175
NLSVM-0.1	198	14	186	2	4	0.0525
NLSVM-1.0	192	48	152	8	2	0.0425
NLSVM-10	39	198	2	161	2	0.04
LDA	155	153	47	45	296	0.2225
SDA-0.5	145	182	18	55	1633	0.1625
SDA-1.0	147	181	19	53	1675	0.165
SDA-1.5	151	180	20	49	1683	0.17
SDA-2.0	152	180	20	48	1711	0.175
SDA-2.5	151	179	21	49	1719	0.1675
SDA-3.0	151	179	21	49	1756	0.165
\TheName{}-0.5	165	121	79	35	1752	0.165
\TheName{}-1.0	174	179	21	26	1764	0.1625
\TheName{}-1.5	166	183	17	34	1763	0.1675
\TheName{}-2.0	159	184	16	41	1748	0.165
\TheName{}-2.5	157	183	17	43	1737	0.165
\TheName{}-3.0	157	183	17	43	1814	0.1725
SVM	156	171	29	44	4	0.0075
LR	0	200	0	200	0	0.005
Ye-LDA	139	176	24	61	152	0.005
DTree-10	101	164	36	99	2	0.005
DTree-20	119	177	23	81	5	0.0025
RFC-50	78	188	12	122	21	0.0075
RFC-100	78	188	12	122	42	0.02
NLSVM-0.1	1	199	1	199	3	0.0525
NLSVM-1.0	183	88	112	17	3	0.04
NLSVM-10	200	5	195	0	3	0.0375
LDA	110	136	64	90	350	0.3
SDA-0.5	157	174	26	43	1725	0.165
SDA-1.0	156	173	27	44	1559	0.1625
SDA-1.5	156	172	28	44	1707	0.1625
SDA-2.0	156	172	28	44	1626	0.165
SDA-2.5	155	172	28	45	1686	0.1825
SDA-3.0	155	172	28	45	1805	0.1625
\TheName{}-0.5	161	160	40	39	1729	0.165
\TheName{}-1.0	158	171	29	42	1824	0.1725
\TheName{}-1.5	157	170	30	43	1658	0.165
\TheName{}-2.0	156	173	27	44	1716	0.165
\TheName{}-2.5	154	173	27	46	1720	0.1625
\TheName{}-3.0	154	173	27	46	1807	0.165
SVM	145	155	45	55	4	0.0075
LR	0	200	0	200	1	0.0025
Ye-LDA	149	168	32	51	146	0.005
DTree-10	94	158	42	106	3	0.005
DTree-20	124	155	45	76	5	0.005
RFC-50	95	169	31	105	19	0.0075
RFC-100	88	168	32	112	39	0.0175
NLSVM-0.1	198	23	177	2	4	0.0675
NLSVM-1.0	45	168	32	155	5	0.0475
NLSVM-10	110	190	10	90	2	0.04
LDA	120	164	36	80	384	0.205
SDA-0.5	147	181	19	53	1747	0.1625
SDA-1.0	147	179	21	53	1666	0.1625
SDA-1.5	147	179	21	53	1733	0.1625
SDA-2.0	147	179	21	53	1659	0.16
SDA-2.5	147	179	21	53	1734	0.1925
SDA-3.0	147	179	21	53	1739	0.165
\TheName{}-0.5	177	161	39	23	1712	0.1825
\TheName{}-1.0	159	180	20	41	1799	0.1625
\TheName{}-1.5	152	181	19	48	1713	0.1725
\TheName{}-2.0	152	179	21	48	1802	0.165
\TheName{}-2.5	151	178	22	49	1791	0.1875
\TheName{}-3.0	149	178	22	51	1842	0.165
SVM	156	168	32	44	5	0.005
LR	0	200	0	200	1	0.005
Ye-LDA	138	174	26	62	159	0.005
DTree-10	62	181	19	138	3	0.0025
DTree-20	103	167	33	97	5	0.005
RFC-50	89	181	19	111	8	0.015
RFC-100	83	182	18	117	42	0.0225
NLSVM-0.1	4	199	1	196	4	0.0525
NLSVM-1.0	173	75	125	27	3	0.04
NLSVM-10	17	200	0	183	3	0.0375
LDA	152	150	50	48	340	0.255
SDA-0.5	123	165	35	77	1745	0.1675
SDA-1.0	122	165	35	78	1828	0.165
SDA-1.5	120	165	35	80	1645	0.1625
SDA-2.0	120	165	35	80	1657	0.175
SDA-2.5	120	165	35	80	1719	0.1625
SDA-3.0	120	165	35	80	1615	0.1775
\TheName{}-0.5	172	164	36	28	1767	0.1725
\TheName{}-1.0	143	172	28	57	1786	0.1625
\TheName{}-1.5	131	166	34	69	1704	0.1625
\TheName{}-2.0	127	165	35	73	1734	0.175
\TheName{}-2.5	124	165	35	76	1795	0.1625
\TheName{}-3.0	123	165	35	77	1789	0.17
SVM	157	172	28	43	5	0.005
LR	0	200	0	200	1	0.005
Ye-LDA	137	159	41	63	148	0.0175
DTree-10	87	183	17	113	23	0.015
DTree-20	123	171	29	77	28	0.0125
RFC-50	96	168	32	104	22	0.0125
RFC-100	103	166	34	97	17	0.0275
NLSVM-0.1	0	200	0	200	3	0.0525
NLSVM-1.0	174	85	115	26	2	0.0425
NLSVM-10	22	200	0	178	3	0.04
LDA	163	126	74	37	343	0.29
SDA-0.5	101	175	25	99	1674	0.1625
SDA-1.0	101	174	26	99	1753	0.175
SDA-1.5	101	174	26	99	1694	0.165
SDA-2.0	101	174	26	99	1596	0.1625
SDA-2.5	102	174	26	98	1728	0.165
SDA-3.0	101	174	26	99	1614	0.165
\TheName{}-0.5	162	155	45	38	1747	0.175
\TheName{}-1.0	121	181	19	79	1772	0.165
\TheName{}-1.5	115	175	25	85	1791	0.165
\TheName{}-2.0	109	174	26	91	1737	0.17
\TheName{}-2.5	108	174	26	92	1779	0.175
\TheName{}-3.0	104	173	27	96	1753	0.18
SVM	145	167	33	55	4	0.005
LR	0	200	0	200	0	0.005
Ye-LDA	111	175	25	89	151	0.005
DTree-10	78	173	27	122	3	0.0025
DTree-20	106	163	37	94	15	0.005
RFC-50	73	185	15	127	7	0.01
RFC-100	78	184	16	122	37	0.0175
NLSVM-0.1	3	200	0	197	3	0.0525
NLSVM-1.0	174	90	110	26	2	0.0425
NLSVM-10	30	198	2	170	2	0.04
LDA	127	145	55	73	363	0.3725
SDA-0.5	142	163	37	58	1635	0.1725
SDA-1.0	142	163	37	58	1653	0.1625
SDA-1.5	141	162	38	59	1689	0.19
SDA-2.0	141	162	38	59	1651	0.1625
SDA-2.5	139	161	39	61	1650	0.1725
SDA-3.0	139	161	39	61	1794	0.165
\TheName{}-0.5	178	136	64	22	1694	0.1675
\TheName{}-1.0	157	166	34	43	1846	0.185
\TheName{}-1.5	150	165	35	50	1797	0.1625
\TheName{}-2.0	149	164	36	51	1766	0.1725
\TheName{}-2.5	148	165	35	52	1796	0.1625
\TheName{}-3.0	147	163	37	53	1724	0.1725
SVM	161	167	33	39	4	0.0075
LR	0	200	0	200	0	0.005
Ye-LDA	140	166	34	60	153	0.015
DTree-10	90	169	31	110	3	0.0125
DTree-20	122	160	40	78	5	0.0125
RFC-50	86	175	25	114	31	0.0225
RFC-100	91	175	25	109	45	0.0175
NLSVM-0.1	200	15	185	0	3	0.055
NLSVM-1.0	164	87	113	36	4	0.0475
NLSVM-10	199	41	159	1	4	0.0425
LDA	163	161	39	37	309	0.2475
SDA-0.5	134	169	31	66	1762	0.1725
SDA-1.0	131	169	31	69	1715	0.1825
SDA-1.5	131	170	30	69	1722	0.17
SDA-2.0	131	170	30	69	1688	0.18
SDA-2.5	131	170	30	69	1748	0.1625
SDA-3.0	131	170	30	69	1655	0.1625
\TheName{}-0.5	179	117	83	21	1787	0.1625
\TheName{}-1.0	170	170	30	30	1689	0.1625
\TheName{}-1.5	157	175	25	43	1812	0.27
\TheName{}-2.0	152	174	26	48	1670	0.1675
\TheName{}-2.5	146	174	26	54	1747	0.1625
\TheName{}-3.0	146	173	27	54	1845	0.1725
SVM	180	160	40	20	6	0.005
LR	0	200	0	200	1	0.0025
Ye-LDA	141	177	23	59	154	0.005
DTree-10	88	182	18	112	3	0.005
DTree-20	117	167	33	83	4	0.005
RFC-50	95	173	27	105	24	0.015
RFC-100	98	174	26	102	45	0.02
NLSVM-0.1	200	22	178	0	4	0.055
NLSVM-1.0	179	73	127	21	2	0.0425
NLSVM-10	16	200	0	184	3	0.05
LDA	147	144	56	53	352	0.3125
SDA-0.5	136	166	34	64	1755	0.1775
SDA-1.0	135	165	35	65	1690	0.1625
SDA-1.5	135	165	35	65	1800	0.1825
SDA-2.0	135	165	35	65	1685	0.1625
SDA-2.5	135	165	35	65	1718	0.1775
SDA-3.0	135	165	35	65	1602	0.1625
\TheName{}-0.5	175	165	35	25	1687	0.1675
\TheName{}-1.0	150	166	34	50	1868	0.1625
\TheName{}-1.5	141	164	36	59	1834	0.1775
\TheName{}-2.0	137	165	35	63	1937	0.17
\TheName{}-2.5	136	164	36	64	1710	0.1625
\TheName{}-3.0	136	164	36	64	1779	0.17
SVM	174	160	40	26	4	0.005
LR	0	200	0	200	0	0.005
Ye-LDA	141	163	37	59	183	0.0175
DTree-10	112	163	37	88	3	0.0125
DTree-20	138	151	49	62	5	0.01
RFC-50	83	173	27	117	23	0.02
RFC-100	82	175	25	118	42	0.02
NLSVM-0.1	199	28	172	1	3	0.055
NLSVM-1.0	159	86	114	41	2	0.0425
NLSVM-10	200	18	182	0	3	0.055
LDA	139	128	72	61	300	0.2675
SDA-0.5	174	156	44	26	1763	0.1725
SDA-1.0	171	156	44	29	1594	0.1625
SDA-1.5	171	157	43	29	1691	0.1625
SDA-2.0	170	157	43	30	1896	0.165
SDA-2.5	170	157	43	30	1616	0.1625
SDA-3.0	170	157	43	30	1698	0.1725
\TheName{}-0.5	194	141	59	6	1758	0.165
\TheName{}-1.0	185	154	46	15	1663	0.1625
\TheName{}-1.5	180	154	46	20	1959	0.17
\TheName{}-2.0	174	155	45	26	1712	0.185
\TheName{}-2.5	171	156	44	29	1680	0.1625
\TheName{}-3.0	171	156	44	29	1797	0.1675
SVM	191	153	47	9	5	0.005
LR	0	200	0	200	0	0.005
Ye-LDA	174	162	38	26	146	0.005
DTree-10	72	175	25	128	3	0.005
DTree-20	107	163	37	93	5	0.005
RFC-50	88	175	25	112	9	0.01
RFC-100	91	169	31	109	19	0.02
NLSVM-0.1	3	200	0	197	4	0.0525
NLSVM-1.0	200	61	139	0	2	0.0425
NLSVM-10	200	19	181	0	3	0.035
LDA	158	153	47	42	339	0.345
SDA-0.5	157	172	28	43	1718	0.165
SDA-1.0	157	173	27	43	1621	0.1725
SDA-1.5	157	173	27	43	1781	0.1625
SDA-2.0	157	173	27	43	1709	0.1625
SDA-2.5	157	173	27	43	1739	0.165
SDA-3.0	157	173	27	43	1701	0.16
\TheName{}-0.5	168	172	28	32	1791	0.17
\TheName{}-1.0	162	174	26	38	1766	0.1625
\TheName{}-1.5	159	172	28	41	1792	0.1675
\TheName{}-2.0	157	173	27	43	1892	0.17
\TheName{}-2.5	157	173	27	43	2037	0.1725
\TheName{}-3.0	157	173	27	43	1777	0.1625
SVM	170	161	39	30	5	0.0075
LR	0	200	0	200	0	0.005
Ye-LDA	133	175	25	67	151	0.005
DTree-10	92	172	28	108	3	0.005
DTree-20	96	172	28	104	4	0.005
RFC-50	100	179	21	100	9	0.0075
RFC-100	87	183	17	113	42	0.015
NLSVM-0.1	200	23	177	0	4	0.0525
NLSVM-1.0	184	92	108	16	3	0.04
NLSVM-10	200	14	186	0	3	0.0375
LDA	127	140	60	73	350	0.2225
SDA-0.5	149	177	23	51	1700	0.17
SDA-1.0	146	177	23	54	1788	0.1875
SDA-1.5	146	177	23	54	1668	0.17
SDA-2.0	146	177	23	54	1760	0.1675
SDA-2.5	145	177	23	55	1699	0.2075
SDA-3.0	145	177	23	55	1736	0.165
\TheName{}-0.5	176	118	82	24	1712	0.1725
\TheName{}-1.0	183	168	32	17	1835	0.2525
\TheName{}-1.5	164	172	28	36	1711	0.165
\TheName{}-2.0	161	175	25	39	1805	0.1725
\TheName{}-2.5	158	178	22	42	1716	0.1725
\TheName{}-3.0	155	178	22	45	1783	0.18
SVM	177	161	39	23	5	0.0075
LR	200	0	200	0	0	0.015
Ye-LDA	180	128	72	20	173	0.0025
DTree-10	95	168	32	105	14	0.01
DTree-20	126	153	47	74	19	0.0025
RFC-50	97	182	18	103	9	0.015
RFC-100	102	176	24	98	46	0.0175
NLSVM-0.1	200	9	191	0	4	0.055
NLSVM-1.0	200	35	165	0	3	0.05
NLSVM-10	119	185	15	81	2	0.0425
LDA	128	156	44	72	306	0.3025
SDA-0.5	128	186	14	72	1781	0.165
SDA-1.0	126	185	15	74	1695	0.1625
SDA-1.5	126	185	15	74	1825	0.1825
SDA-2.0	126	185	15	74	1711	0.1625
SDA-2.5	126	185	15	74	1747	0.18
SDA-3.0	126	185	15	74	1742	0.18
\TheName{}-0.5	159	104	96	41	1776	0.165
\TheName{}-1.0	165	176	24	35	1833	0.1625
\TheName{}-1.5	147	183	17	53	1979	0.1775
\TheName{}-2.0	142	185	15	58	1748	0.165
\TheName{}-2.5	140	186	14	60	1806	0.17
\TheName{}-3.0	135	187	13	65	1783	0.1975
SVM	150	170	30	50	4	0.0025
LR	0	200	0	200	1	0.0025
Ye-LDA	132	178	22	68	158	0.005
DTree-10	81	183	17	119	3	0.005
DTree-20	111	168	32	89	5	0.005
RFC-50	81	187	13	119	22	0.0075
RFC-100	78	193	7	122	44	0.0175
NLSVM-0.1	199	12	188	1	4	0.0525
NLSVM-1.0	173	77	123	27	3	0.04
NLSVM-10	11	200	0	189	3	0.0375
LDA	119	118	82	81	225	0.2075
SDA-0.5	122	165	35	78	1692	0.1625
SDA-1.0	121	166	34	79	1708	0.1625
SDA-1.5	121	166	34	79	1601	0.1625
SDA-2.0	120	166	34	80	1618	0.175
SDA-2.5	120	166	34	80	1651	0.1625
SDA-3.0	120	166	34	80	1582	0.1625
\TheName{}-0.5	143	169	31	57	1728	0.1725
\TheName{}-1.0	124	166	34	76	1670	0.1625
\TheName{}-1.5	122	164	36	78	1536	0.1925
\TheName{}-2.0	122	164	36	78	1759	0.1675
\TheName{}-2.5	122	163	37	78	1718	0.1625
\TheName{}-3.0	122	163	37	78	1654	0.1625
SVM	164	158	42	36	7	0.005
LR	0	200	0	200	0	0.005
Ye-LDA	104	165	35	96	140	0.0075
DTree-10	73	173	27	127	23	0.005
DTree-20	101	155	45	99	15	0.005
RFC-50	59	188	12	141	8	0.01
RFC-100	61	186	14	139	41	0.02
NLSVM-0.1	200	11	189	0	4	0.0525
NLSVM-1.0	198	36	164	2	3	0.04
NLSVM-10	23	200	0	177	3	0.04
LDA	113	147	53	87	339	0.2375
SDA-0.5	141	174	26	59	1870	0.1725
SDA-1.0	141	175	25	59	1678	0.165
SDA-1.5	140	175	25	60	1772	0.1675
SDA-2.0	140	175	25	60	1715	0.1625
SDA-2.5	140	175	25	60	1625	0.16
SDA-3.0	138	175	25	62	1692	0.1775
\TheName{}-0.5	181	143	57	19	1854	0.175
\TheName{}-1.0	168	178	22	32	1735	0.1625
\TheName{}-1.5	159	179	21	41	1792	0.2025
\TheName{}-2.0	156	176	24	44	1679	0.1725
\TheName{}-2.5	150	174	26	50	1839	0.165
\TheName{}-3.0	146	174	26	54	1728	0.1675
SVM	161	173	27	39	5	0.005
LR	0	200	0	200	0	0.005
Ye-LDA	136	186	14	64	144	0.005
DTree-10	93	167	33	107	2	0.005
DTree-20	123	164	36	77	27	0.015
RFC-50	109	170	30	91	9	0.0225
RFC-100	110	173	27	90	54	0.0225
NLSVM-0.1	200	21	179	0	4	0.065
NLSVM-1.0	14	200	0	186	3	0.065
NLSVM-10	200	31	169	0	3	0.04
LDA	116	161	39	84	385	0.295
SDA-0.5	129	169	31	71	1644	0.165
SDA-1.0	126	168	32	74	1704	0.18
SDA-1.5	126	168	32	74	1643	0.1625
SDA-2.0	126	166	34	74	1625	0.1625
SDA-2.5	126	166	34	74	1658	0.1625
SDA-3.0	126	166	34	74	1670	0.165
\TheName{}-0.5	134	97	103	66	1765	0.1775
\TheName{}-1.0	165	163	37	35	1883	0.1625
\TheName{}-1.5	149	164	36	51	1755	0.1625
\TheName{}-2.0	141	164	36	59	1785	0.1675
\TheName{}-2.5	137	163	37	63	1755	0.1825
\TheName{}-3.0	136	164	36	64	1718	0.1725
SVM	161	168	32	39	5	0.0025
LR	0	200	0	200	1	0.0025
Ye-LDA	132	163	37	68	150	0.0025
DTree-10	84	173	27	116	2	0.005
DTree-20	111	161	39	89	26	0.005
RFC-50	85	173	27	115	19	0.01
RFC-100	81	176	24	119	36	0.015
NLSVM-0.1	54	179	21	146	4	0.055
NLSVM-1.0	170	91	109	30	2	0.0425
NLSVM-10	58	195	5	142	3	0.04
LDA	168	140	60	32	314	0.27
SDA-0.5	159	175	25	41	1745	0.18
SDA-1.0	152	174	26	48	1691	0.1625
SDA-1.5	152	174	26	48	1695	0.165
SDA-2.0	152	174	26	48	1772	0.1825
SDA-2.5	152	174	26	48	1664	0.1625
SDA-3.0	151	174	26	49	1687	0.1675
\TheName{}-0.5	180	153	47	20	1743	0.165
\TheName{}-1.0	170	168	32	30	1800	0.175
\TheName{}-1.5	165	170	30	35	1667	0.165
\TheName{}-2.0	162	171	29	38	1820	0.165
\TheName{}-2.5	159	171	29	41	1758	0.1625
\TheName{}-3.0	158	172	28	42	1865	0.1775
SVM	162	148	52	38	5	0.0025
LR	0	200	0	200	1	0.0025
Ye-LDA	148	165	35	52	149	0.015
DTree-10	98	165	35	102	14	0.0025
DTree-20	113	156	44	87	8	0.005
RFC-50	82	176	24	118	24	0.02
RFC-100	80	174	26	120	46	0.015
NLSVM-0.1	200	17	183	0	4	0.0525
NLSVM-1.0	37	173	27	163	3	0.05
NLSVM-10	47	199	1	153	3	0.155
LDA	131	122	78	69	322	0.22
SDA-0.5	148	157	43	52	1751	0.1625
SDA-1.0	146	156	44	54	1783	0.165
SDA-1.5	145	157	43	55	1749	0.1675
SDA-2.0	145	157	43	55	1601	0.165
SDA-2.5	145	157	43	55	1616	0.1725
SDA-3.0	143	157	43	57	1701	0.17
\TheName{}-0.5	178	149	51	22	1700	0.165
\TheName{}-1.0	159	160	40	41	1732	0.165
\TheName{}-1.5	152	157	43	48	1824	0.1725
\TheName{}-2.0	149	158	42	51	1745	0.1625
\TheName{}-2.5	149	157	43	51	1869	0.1625
\TheName{}-3.0	147	157	43	53	1674	0.1625
SVM	157	132	68	43	4	0.0075
LR	200	0	200	0	0	0.005
Ye-LDA	180	142	58	20	144	0.005
DTree-10	102	152	48	98	9	0.0025
DTree-20	114	145	55	86	5	0.0025
RFC-50	91	170	30	109	24	0.0075
RFC-100	91	171	29	109	17	0.02
NLSVM-0.1	199	18	182	1	3	0.0525
NLSVM-1.0	198	54	146	2	3	0.04
NLSVM-10	25	200	0	175	3	0.0375
LDA	140	126	74	60	430	0.2525
SDA-0.5	189	128	72	11	1597	0.1725
SDA-1.0	189	129	71	11	1642	0.1675
SDA-1.5	188	129	71	12	1699	0.165
SDA-2.0	188	128	72	12	1780	0.165
SDA-2.5	188	128	72	12	1694	0.1675
SDA-3.0	188	128	72	12	1542	0.1675
\TheName{}-0.5	176	134	66	24	1746	0.175
\TheName{}-1.0	184	124	76	16	1745	0.1625
\TheName{}-1.5	186	121	79	14	1663	0.165
\TheName{}-2.0	187	121	79	13	1869	0.17
\TheName{}-2.5	187	121	79	13	1656	0.1625
\TheName{}-3.0	188	121	79	12	1729	0.2075
SVM	176	146	54	24	6	0.005
LR	0	200	0	200	0	0.005
Ye-LDA	174	119	81	26	243	0.02
DTree-10	88	177	23	112	3	0.015
DTree-20	121	159	41	79	6	0.0125
RFC-50	77	184	16	123	37	0.0275
RFC-100	86	186	14	114	40	0.015
NLSVM-0.1	200	17	183	0	3	0.0525
NLSVM-1.0	200	40	160	0	3	0.0425
NLSVM-10	200	3	197	0	3	0.0375
LDA	153	132	68	47	305	0.2575
SDA-0.5	124	168	32	76	1667	0.1725
SDA-1.0	123	168	32	77	1687	0.1625
SDA-1.5	122	168	32	78	1705	0.1675
SDA-2.0	122	168	32	78	1690	0.175
SDA-2.5	122	168	32	78	1679	0.1875
SDA-3.0	122	168	32	78	1761	0.17
\TheName{}-0.5	162	165	35	38	1848	0.165
\TheName{}-1.0	135	171	29	65	1741	0.1625
\TheName{}-1.5	132	168	32	68	1828	0.1775
\TheName{}-2.0	128	168	32	72	1784	0.175
\TheName{}-2.5	126	168	32	74	1809	0.1625
\TheName{}-3.0	127	168	32	73	1743	0.1625
SVM	162	150	50	38	5	0.005
LR	0	200	0	200	0	0.005
Ye-LDA	129	169	31	71	148	0.005
DTree-10	103	158	42	97	2	0.005
DTree-20	117	139	61	83	4	0.005
RFC-50	91	176	24	109	8	0.0075
RFC-100	85	178	22	115	39	0.0175
NLSVM-0.1	200	18	182	0	4	0.0525
NLSVM-1.0	186	73	127	14	2	0.045
NLSVM-10	14	199	1	186	2	0.04
LDA	114	125	75	86	374	0.27
SDA-0.5	142	169	31	58	1742	0.18
SDA-1.0	141	169	31	59	1743	0.1825
SDA-1.5	139	169	31	61	1588	0.1725
SDA-2.0	139	169	31	61	1642	0.165
SDA-2.5	139	169	31	61	1778	0.1725
SDA-3.0	139	169	31	61	1611	0.1625
\TheName{}-0.5	175	163	37	25	1684	0.17
\TheName{}-1.0	152	171	29	48	1769	0.165
\TheName{}-1.5	148	170	30	52	1783	0.1625
\TheName{}-2.0	143	170	30	57	1721	0.1675
\TheName{}-2.5	143	168	32	57	1722	0.17
\TheName{}-3.0	143	166	34	57	1760	0.1625
SVM	148	153	47	52	6	0.005
LR	0	200	0	200	1	0.0025
Ye-LDA	140	175	25	60	146	0.0075
DTree-10	110	161	39	90	3	0.0025
DTree-20	126	145	55	74	15	0.005
RFC-50	97	181	19	103	22	0.01
RFC-100	89	178	22	111	43	0.0225
NLSVM-0.1	4	200	0	196	3	0.0575
NLSVM-1.0	166	120	80	34	2	0.0425
NLSVM-10	3	200	0	197	3	0.0375
LDA	158	131	69	42	396	0.3075
SDA-0.5	138	180	20	62	1695	0.1625
SDA-1.0	136	180	20	64	1719	0.17
SDA-1.5	136	180	20	64	1683	0.165
SDA-2.0	136	180	20	64	1586	0.18
SDA-2.5	136	180	20	64	1692	0.165
SDA-3.0	135	180	20	65	1649	0.1625
\TheName{}-0.5	159	91	109	41	1795	0.1725
\TheName{}-1.0	185	158	42	15	1721	0.165
\TheName{}-1.5	164	173	27	36	1789	0.1975
\TheName{}-2.0	157	176	24	43	1832	0.165
\TheName{}-2.5	152	175	25	48	1720	0.1625
\TheName{}-3.0	149	175	25	51	1812	0.1625
SVM	182	149	51	18	4	0.005
LR	0	200	0	200	1	0.0025
Ye-LDA	153	168	32	47	146	0.005
DTree-10	108	173	27	92	3	0.0025
DTree-20	127	161	39	73	5	0.005
RFC-50	87	193	7	113	9	0.0075
RFC-100	95	190	10	105	44	0.02
NLSVM-0.1	200	14	186	0	4	0.0525
NLSVM-1.0	61	168	32	139	3	0.04
NLSVM-10	26	199	1	174	3	0.0375
LDA	159	131	69	41	395	0.285
SDA-0.5	160	157	43	40	1764	0.2175
SDA-1.0	162	157	43	38	1740	0.1675
SDA-1.5	162	153	47	38	1726	0.165
SDA-2.0	162	153	47	38	1639	0.1625
SDA-2.5	162	153	47	38	1764	0.165
SDA-3.0	162	153	47	38	1697	0.1825
\TheName{}-0.5	158	128	72	42	1784	0.1625
\TheName{}-1.0	183	152	48	17	1795	0.1625
\TheName{}-1.5	177	158	42	23	1781	0.165
\TheName{}-2.0	172	156	44	28	1819	0.1725
\TheName{}-2.5	165	153	47	35	1781	0.1675
\TheName{}-3.0	164	152	48	36	1839	0.1675
SVM	169	150	50	31	4	0.0075
LR	0	200	0	200	0	0.005
Ye-LDA	146	162	38	54	149	0.0025
DTree-10	89	167	33	111	9	0.005
DTree-20	118	158	42	82	4	0.005
RFC-50	89	173	27	111	21	0.0075
RFC-100	100	170	30	100	52	0.0475
NLSVM-0.1	2	200	0	198	4	0.19
NLSVM-1.0	196	45	155	4	3	0.07
NLSVM-10	53	197	3	147	2	0.0525
LDA	152	144	56	48	351	0.25
SDA-0.5	145	185	15	55	1669	0.1625
SDA-1.0	141	185	15	59	1671	0.175
SDA-1.5	142	185	15	58	1688	0.165
SDA-2.0	142	185	15	58	1645	0.1625
SDA-2.5	142	185	15	58	1701	0.1625
SDA-3.0	142	185	15	58	1686	0.17
\TheName{}-0.5	164	185	15	36	1890	0.17
\TheName{}-1.0	150	186	14	50	1896	0.1625
\TheName{}-1.5	146	186	14	54	1773	0.1625
\TheName{}-2.0	146	185	15	54	1689	0.165
\TheName{}-2.5	145	185	15	55	1741	0.1725
\TheName{}-3.0	143	185	15	57	1683	0.1625
SVM	161	171	29	39	6	0.005
LR	0	200	0	200	0	0.005
Ye-LDA	133	182	18	67	149	0.005
DTree-10	87	187	13	113	2	0.005
DTree-20	106	185	15	94	16	0.005
RFC-50	89	182	18	111	20	0.0075
RFC-100	78	187	13	122	14	0.0175
NLSVM-0.1	5	200	0	195	3	0.0525
NLSVM-1.0	18	198	2	182	3	0.045
NLSVM-10	200	1	199	0	2	0.0425
LDA	102	163	37	98	374	0.24
SDA-0.5	129	176	24	71	1791	0.165
SDA-1.0	128	176	24	72	1778	0.165
SDA-1.5	128	176	24	72	1616	0.17
SDA-2.0	127	176	24	73	1742	0.17
SDA-2.5	127	176	24	73	1604	0.165
SDA-3.0	127	176	24	73	1675	0.16
\TheName{}-0.5	147	107	93	53	1824	0.1725
\TheName{}-1.0	157	171	29	43	1828	0.305
\TheName{}-1.5	143	169	31	57	1852	0.175
\TheName{}-2.0	140	171	29	60	1773	0.165
\TheName{}-2.5	136	174	26	64	1783	0.1725
\TheName{}-3.0	133	175	25	67	1793	0.1625
SVM	150	169	31	50	5	0.005
LR	0	200	0	200	0	0.005
Ye-LDA	138	175	25	62	150	0.005
DTree-10	99	175	25	101	13	0.005
DTree-20	124	170	30	76	11	0.005
RFC-50	116	161	39	84	22	0.01
RFC-100	109	171	29	91	46	0.02
NLSVM-0.1	2	200	0	198	4	0.0525
NLSVM-1.0	133	133	67	67	3	0.04
NLSVM-10	14	200	0	186	3	0.0375
LDA	113	148	52	87	384	0.2375
SDA-0.5	132	173	27	68	1685	0.1625
SDA-1.0	129	173	27	71	1657	0.1625
SDA-1.5	128	173	27	72	1687	0.1725
SDA-2.0	128	173	27	72	1634	0.1625
SDA-2.5	128	173	27	72	1599	0.1625
SDA-3.0	128	173	27	72	1782	0.165
\TheName{}-0.5	178	156	44	22	1817	0.1675
\TheName{}-1.0	156	177	23	44	1780	0.1775
\TheName{}-1.5	146	177	23	54	1696	0.165
\TheName{}-2.0	141	176	24	59	1742	0.1625
\TheName{}-2.5	139	175	25	61	1774	0.165
\TheName{}-3.0	136	175	25	64	1717	0.1625
SVM	166	159	41	34	5	0.005
LR	0	200	0	200	0	0.005
Ye-LDA	133	174	26	67	140	0.0025
DTree-10	58	174	26	142	3	0.005
DTree-20	105	160	40	95	4	0.005
RFC-50	86	179	21	114	10	0.0075
RFC-100	92	173	27	108	46	0.0175
NLSVM-0.1	199	20	180	1	3	0.1125
NLSVM-1.0	172	127	73	28	3	0.045
NLSVM-10	197	67	133	3	2	0.06
LDA	128	143	57	72	294	0.26
SDA-0.5	156	179	21	44	1645	0.175
SDA-1.0	158	176	24	42	1604	0.165
SDA-1.5	158	176	24	42	1585	0.1625
SDA-2.0	159	176	24	41	1600	0.17
SDA-2.5	159	176	24	41	1627	0.16
SDA-3.0	159	176	24	41	1668	0.175
\TheName{}-0.5	171	172	28	29	1806	0.1625
\TheName{}-1.0	163	177	23	37	1810	0.1625
\TheName{}-1.5	162	177	23	38	1868	0.165
\TheName{}-2.0	162	177	23	38	1672	0.1725
\TheName{}-2.5	161	177	23	39	1817	0.1725
\TheName{}-3.0	161	177	23	39	1648	0.1825
SVM	151	165	35	49	6	0.015
LR	0	200	0	200	0	0.015
Ye-LDA	136	166	34	64	154	0.005
DTree-10	71	178	22	129	12	0.005
DTree-20	100	165	35	100	5	0.005
RFC-50	81	177	23	119	10	0.005
RFC-100	89	171	29	111	48	0.0225
NLSVM-0.1	200	13	187	0	3	0.0775
NLSVM-1.0	196	51	149	4	3	0.0425
NLSVM-10	29	198	2	171	3	0.0475
LDA	166	141	59	34	357	0.33
SDA-0.5	157	175	25	43	1625	0.1625
SDA-1.0	156	175	25	44	1763	0.1825
SDA-1.5	155	174	26	45	1609	0.1725
SDA-2.0	156	174	26	44	1685	0.16
SDA-2.5	157	174	26	43	1674	0.1625
SDA-3.0	157	174	26	43	1650	0.1625
\TheName{}-0.5	189	159	41	11	1863	0.175
\TheName{}-1.0	175	171	29	25	1782	0.1725
\TheName{}-1.5	170	170	30	30	1884	0.165
\TheName{}-2.0	166	171	29	34	1740	0.1625
\TheName{}-2.5	165	171	29	35	1830	0.1625
\TheName{}-3.0	163	170	30	37	1790	0.1775
SVM	171	162	38	29	5	0.005
LR	0	200	0	200	1	0.005
Ye-LDA	150	171	29	50	154	0.025
DTree-10	82	169	31	118	3	0.0175
DTree-20	112	162	38	88	11	0.0225
RFC-50	91	173	27	109	9	0.0525
RFC-100	89	181	19	111	45	0.0175
NLSVM-0.1	3	200	0	197	3	0.1325
NLSVM-1.0	198	50	150	2	2	0.05
NLSVM-10	199	54	146	1	3	0.1025
