LDA	150	135	65	50	328	0.1925
SDA-0.5	135	177	23	65	1748	0.1725
SDA-1.0	134	178	22	66	1630	0.185
SDA-1.5	134	177	23	66	1635	0.1725
SDA-2.0	134	177	23	66	1633	0.1975
SDA-2.5	134	177	23	66	1621	0.2025
SDA-3.0	134	177	23	66	1565	0.18
\TheName{}-0.5	173	135	65	27	1771	0.17
\TheName{}-1.0	147	177	23	53	1760	0.1775
\TheName{}-1.5	143	179	21	57	1633	0.1725
\TheName{}-2.0	143	179	21	57	1725	0.1875
\TheName{}-2.5	142	180	20	58	1654	0.1725
\TheName{}-3.0	141	178	22	59	1719	0.175
SVM	153	142	58	47	5	0.015
LR	0	200	0	200	2	0.01
Ye-LDA	114	178	22	86	117	0.005
DTree-10	77	176	24	123	2	0.005
DTree-20	102	160	40	98	16	0.0025
RFC-50	61	188	12	139	15	0.0075
RFC-100	58	190	10	142	27	0.0175
NLSVM-0.1	2	200	0	198	1	0.0325
NLSVM-1.0	168	101	99	32	1	0.02
NLSVM-10	200	0	200	0	1	0.02
LDA	175	120	80	25	299	0.27
SDA-0.5	157	163	37	43	1694	0.1725
SDA-1.0	156	162	38	44	1545	0.1725
SDA-1.5	153	163	37	47	1571	0.1725
SDA-2.0	153	163	37	47	1620	0.19
SDA-2.5	153	163	37	47	1531	0.1725
SDA-3.0	153	162	38	47	1605	0.17
\TheName{}-0.5	160	83	117	40	1695	0.18
\TheName{}-1.0	186	128	72	14	1766	0.175
\TheName{}-1.5	184	148	52	16	1724	0.175
\TheName{}-2.0	175	153	47	25	1651	0.175
\TheName{}-2.5	173	156	44	27	1712	0.18
\TheName{}-3.0	172	157	43	28	1576	0.1775
SVM	182	131	69	18	1	0.005
LR	0	200	0	200	1	0.0075
Ye-LDA	142	142	58	58	112	0.005
DTree-10	90	153	47	110	2	0.005
DTree-20	111	141	59	89	2	0.005
RFC-50	91	177	23	109	13	0.0075
RFC-100	90	177	23	110	26	0.025
NLSVM-0.1	200	12	188	0	1	0.03
NLSVM-1.0	199	39	161	1	0	0.025
NLSVM-10	0	200	0	200	0	0.0225
LDA	163	145	55	37	341	0.28
SDA-0.5	164	165	35	36	1568	0.175
SDA-1.0	160	169	31	40	1573	0.2025
SDA-1.5	159	168	32	41	1636	0.175
SDA-2.0	159	168	32	41	1509	0.175
SDA-2.5	159	168	32	41	1644	0.175
SDA-3.0	159	168	32	41	1664	0.18
\TheName{}-0.5	172	153	47	28	1698	0.1725
\TheName{}-1.0	174	165	35	26	1688	0.1725
\TheName{}-1.5	170	168	32	30	1764	0.175
\TheName{}-2.0	167	165	35	33	1713	0.1825
\TheName{}-2.5	164	167	33	36	1770	0.2025
\TheName{}-3.0	164	168	32	36	1630	0.225
SVM	155	150	50	45	2	0.02
LR	0	200	0	200	2	0.015
Ye-LDA	133	172	28	67	110	0.0025
DTree-10	77	161	39	123	2	0.0025
DTree-20	109	151	49	91	4	0.005
RFC-50	95	185	15	105	13	0.0075
RFC-100	122	172	28	78	29	0.0225
NLSVM-0.1	107	130	70	93	1	0.0275
NLSVM-1.0	200	41	159	0	1	0.0225
NLSVM-10	0	200	0	200	0	0.0225
LDA	163	128	72	37	533	0.285
SDA-0.5	156	163	37	44	1550	0.1725
SDA-1.0	154	163	37	46	1519	0.1725
SDA-1.5	154	163	37	46	1587	0.1775
SDA-2.0	154	163	37	46	1514	0.175
SDA-2.5	154	163	37	46	1565	0.175
SDA-3.0	153	163	37	47	1594	0.1825
\TheName{}-0.5	143	102	98	57	1693	0.175
\TheName{}-1.0	176	157	43	24	1689	0.175
\TheName{}-1.5	167	165	35	33	1681	0.1725
\TheName{}-2.0	160	164	36	40	1634	0.175
\TheName{}-2.5	158	163	37	42	1682	0.175
\TheName{}-3.0	158	163	37	42	1620	0.1725
SVM	177	140	60	23	1	0.005
LR	0	200	0	200	0	0.005
Ye-LDA	132	171	29	68	114	0.0125
DTree-10	105	147	53	95	3	0.0125
DTree-20	118	139	61	82	3	0.0125
RFC-50	80	183	17	120	4	0.0175
RFC-100	90	181	19	110	30	0.045
NLSVM-0.1	0	200	0	200	1	0.03
NLSVM-1.0	197	56	144	3	0	0.055
NLSVM-10	200	0	200	0	0	0.045
LDA	163	144	56	37	273	0.33
SDA-0.5	121	175	25	79	1597	0.175
SDA-1.0	118	175	25	82	1609	0.175
SDA-1.5	117	175	25	83	1462	0.1775
SDA-2.0	113	175	25	87	1539	0.1725
SDA-2.5	113	175	25	87	1655	0.175
SDA-3.0	113	175	25	87	1576	0.1725
\TheName{}-0.5	155	138	62	45	1782	0.1725
\TheName{}-1.0	146	179	21	54	1761	0.195
\TheName{}-1.5	133	178	22	67	1724	0.175
\TheName{}-2.0	126	178	22	74	1712	0.17
\TheName{}-2.5	123	178	22	77	1747	0.175
\TheName{}-3.0	123	177	23	77	1858	0.1725
SVM	169	159	41	31	1	0.0075
LR	0	200	0	200	0	0.005
Ye-LDA	120	176	24	80	135	0.005
DTree-10	68	164	36	132	2	0.0075
DTree-20	74	163	37	126	10	0.015
RFC-50	78	182	18	122	14	0.01
RFC-100	80	183	17	120	29	0.0175
NLSVM-0.1	119	142	58	81	1	0.0275
NLSVM-1.0	199	36	164	1	1	0.0225
NLSVM-10	0	200	0	200	1	0.02
LDA	177	140	60	23	299	0.41
SDA-0.5	157	160	40	43	1590	0.1925
SDA-1.0	156	159	41	44	1599	0.17
SDA-1.5	156	159	41	44	1497	0.1725
SDA-2.0	155	159	41	45	1582	0.175
SDA-2.5	154	160	40	46	1549	0.1725
SDA-3.0	153	160	40	47	1558	0.1725
\TheName{}-0.5	166	152	48	34	1781	0.1775
\TheName{}-1.0	166	168	32	34	1673	0.175
\TheName{}-1.5	160	163	37	40	1572	0.175
\TheName{}-2.0	159	162	38	41	1579	0.18
\TheName{}-2.5	156	162	38	44	1659	0.17
\TheName{}-3.0	156	162	38	44	1619	0.175
SVM	180	136	64	20	1	0.005
LR	0	200	0	200	0	0.0025
Ye-LDA	146	171	29	54	109	0.005
DTree-10	111	160	40	89	2	0.0025
DTree-20	135	144	56	65	24	0.005
RFC-50	107	169	31	93	15	0.005
RFC-100	97	172	28	103	26	0.02
NLSVM-0.1	200	20	180	0	1	0.0275
NLSVM-1.0	200	33	167	0	1	0.02
NLSVM-10	200	7	193	0	1	0.02
LDA	114	168	32	86	295	0.2575
SDA-0.5	145	172	28	55	1541	0.18
SDA-1.0	146	171	29	54	1572	0.18
SDA-1.5	147	170	30	53	1599	0.175
SDA-2.0	147	170	30	53	1601	0.1725
SDA-2.5	147	169	31	53	1648	0.18
SDA-3.0	147	169	31	53	1598	0.1775
\TheName{}-0.5	124	141	59	76	1535	0.1775
\TheName{}-1.0	148	172	28	52	1669	0.1775
\TheName{}-1.5	148	174	26	52	1692	0.175
\TheName{}-2.0	148	172	28	52	1633	0.175
\TheName{}-2.5	146	169	31	54	1694	0.1775
\TheName{}-3.0	147	170	30	53	1692	0.175
SVM	127	171	29	73	1	0.005
LR	0	200	0	200	1	0.005
Ye-LDA	134	172	28	66	121	0.0025
DTree-10	105	162	38	95	2	0.005
DTree-20	134	157	43	66	3	0.005
RFC-50	69	187	13	131	4	0.0075
RFC-100	73	189	11	127	23	0.0175
NLSVM-0.1	0	200	0	200	1	0.0275
NLSVM-1.0	117	164	36	83	1	0.0225
NLSVM-10	1	200	0	199	1	0.02
LDA	173	143	57	27	323	0.2775
SDA-0.5	196	119	81	4	1589	0.175
SDA-1.0	194	120	80	6	1639	0.175
SDA-1.5	193	120	80	7	1699	0.255
SDA-2.0	193	120	80	7	1552	0.175
SDA-2.5	193	119	81	7	1783	0.1775
SDA-3.0	193	120	80	7	1639	0.1775
\TheName{}-0.5	186	149	51	14	1725	0.19
\TheName{}-1.0	193	134	66	7	1832	0.18
\TheName{}-1.5	194	126	74	6	1601	0.1725
\TheName{}-2.0	194	123	77	6	1774	0.1825
\TheName{}-2.5	193	122	78	7	1653	0.1725
\TheName{}-3.0	193	121	79	7	1753	0.2175
SVM	186	143	57	14	1	0.01
LR	0	200	0	200	0	0.005
Ye-LDA	171	142	58	29	113	0.01
DTree-10	170	105	95	30	2	0.01
DTree-20	170	111	89	30	3	0.0025
RFC-50	126	172	28	74	15	0.01
RFC-100	105	172	28	95	28	0.025
NLSVM-0.1	0	200	0	200	1	0.0275
NLSVM-1.0	61	153	47	139	0	0.0225
NLSVM-10	200	6	194	0	1	0.02
LDA	147	156	44	53	277	0.2275
SDA-0.5	119	180	20	81	1543	0.175
SDA-1.0	121	179	21	79	1528	0.1775
SDA-1.5	121	179	21	79	1558	0.18
SDA-2.0	121	179	21	79	1664	0.175
SDA-2.5	121	179	21	79	1597	0.1725
SDA-3.0	121	178	22	79	1570	0.1725
\TheName{}-0.5	133	176	24	67	1789	0.1775
\TheName{}-1.0	125	177	23	75	1655	0.1725
\TheName{}-1.5	122	179	21	78	1779	0.1825
\TheName{}-2.0	120	179	21	80	1665	0.175
\TheName{}-2.5	120	178	22	80	1719	0.1775
\TheName{}-3.0	120	178	22	80	1657	0.185
SVM	151	165	35	49	1	0.0075
LR	0	200	0	200	1	0.0075
Ye-LDA	92	185	15	108	121	0.01
DTree-10	59	178	22	141	74	0.0025
DTree-20	100	162	38	100	17	0.005
RFC-50	82	183	17	118	15	0.0075
RFC-100	83	189	11	117	29	0.02
NLSVM-0.1	61	194	6	139	1	0.0275
NLSVM-1.0	170	65	135	30	1	0.02
NLSVM-10	200	0	200	0	2	0.02
LDA	163	148	52	37	364	0.2825
SDA-0.5	177	164	36	23	1737	0.1875
SDA-1.0	176	163	37	24	1545	0.1775
SDA-1.5	176	163	37	24	1659	0.17
SDA-2.0	175	168	32	25	1586	0.1725
SDA-2.5	174	168	32	26	1665	0.1775
SDA-3.0	174	168	32	26	1616	0.1725
\TheName{}-0.5	175	166	34	25	1700	0.17
\TheName{}-1.0	176	166	34	24	1779	0.1825
\TheName{}-1.5	175	166	34	25	1781	0.175
\TheName{}-2.0	174	166	34	26	1734	0.18
\TheName{}-2.5	174	167	33	26	1630	0.1775
\TheName{}-3.0	174	167	33	26	1680	0.18
SVM	170	155	45	30	1	0.005
LR	200	0	200	0	1	0.005
Ye-LDA	180	118	82	20	136	0.005
DTree-10	105	144	56	95	2	0.0075
DTree-20	108	143	57	92	2	0.005
RFC-50	115	179	21	85	14	0.01
RFC-100	119	175	25	81	40	0.03
NLSVM-0.1	93	158	42	107	7	0.0425
NLSVM-1.0	58	183	17	142	1	0.0275
NLSVM-10	200	0	200	0	1	0.03
LDA	159	148	52	41	294	0.2875
SDA-0.5	136	172	28	64	1530	0.1925
SDA-1.0	134	170	30	66	1551	0.1775
SDA-1.5	134	170	30	66	1568	0.17
SDA-2.0	133	170	30	67	1610	0.1725
SDA-2.5	132	170	30	68	1583	0.1725
SDA-3.0	132	170	30	68	1559	0.175
\TheName{}-0.5	150	157	43	50	1703	0.1775
\TheName{}-1.0	141	168	32	59	1735	0.1775
\TheName{}-1.5	140	169	31	60	1622	0.19
\TheName{}-2.0	136	169	31	64	1734	0.175
\TheName{}-2.5	136	169	31	64	1579	0.175
\TheName{}-3.0	136	169	31	64	1617	0.17
SVM	166	152	48	34	2	0.005
LR	200	0	200	0	1	0.0025
Ye-LDA	144	150	50	56	105	0.0025
DTree-10	76	178	22	124	2	0.005
DTree-20	111	156	44	89	3	0.0025
RFC-50	96	181	19	104	13	0.0075
RFC-100	94	182	18	106	25	0.02
NLSVM-0.1	200	10	190	0	0	0.0275
NLSVM-1.0	14	199	1	186	1	0.02
NLSVM-10	0	200	0	200	1	0.02
LDA	113	147	53	87	289	0.2725
SDA-0.5	113	181	19	87	1449	0.1725
SDA-1.0	111	180	20	89	1546	0.1725
SDA-1.5	111	180	20	89	1598	0.1725
SDA-2.0	111	180	20	89	1550	0.175
SDA-2.5	111	180	20	89	1507	0.17
SDA-3.0	111	180	20	89	1560	0.175
\TheName{}-0.5	135	81	119	65	1758	0.1975
\TheName{}-1.0	139	182	18	61	1569	0.175
\TheName{}-1.5	130	182	18	70	1691	0.1775
\TheName{}-2.0	121	183	17	79	1714	0.175
\TheName{}-2.5	117	183	17	83	1661	0.175
\TheName{}-3.0	117	182	18	83	1610	0.175
SVM	130	147	53	70	1	0.0075
LR	0	200	0	200	0	0.005
Ye-LDA	120	175	25	80	114	0.01
DTree-10	100	142	58	100	13	0.0025
DTree-20	112	128	72	88	14	0.0025
RFC-50	101	152	48	99	16	0.01
RFC-100	101	172	28	99	10	0.0175
NLSVM-0.1	200	20	180	0	1	0.0275
NLSVM-1.0	175	62	138	25	1	0.0275
NLSVM-10	200	7	193	0	1	0.0775
LDA	137	162	38	63	320	0.2625
SDA-0.5	118	179	21	82	1640	0.1775
SDA-1.0	114	180	20	86	1704	0.1875
SDA-1.5	114	180	20	86	1606	0.1825
SDA-2.0	113	180	20	87	1702	0.1725
SDA-2.5	112	180	20	88	1677	0.175
SDA-3.0	112	180	20	88	1486	0.17
\TheName{}-0.5	143	110	90	57	1652	0.1725
\TheName{}-1.0	143	180	20	57	1667	0.1825
\TheName{}-1.5	132	178	22	68	1664	0.175
\TheName{}-2.0	127	179	21	73	1600	0.19
\TheName{}-2.5	123	179	21	77	1690	0.185
\TheName{}-3.0	120	180	20	80	1636	0.1825
SVM	152	159	41	48	2	0.005
LR	0	200	0	200	0	0.01
Ye-LDA	106	169	31	94	111	0.005
DTree-10	93	172	28	107	2	0.005
DTree-20	118	160	40	82	5	0.005
RFC-50	80	189	11	120	4	0.0075
RFC-100	69	187	13	131	24	0.02
NLSVM-0.1	0	200	0	200	1	0.0325
NLSVM-1.0	0	200	0	200	1	0.02
NLSVM-10	0	200	0	200	1	0.02
LDA	149	111	89	51	234	0.2225
SDA-0.5	183	146	54	17	1612	0.175
SDA-1.0	183	146	54	17	1539	0.175
SDA-1.5	183	146	54	17	1555	0.175
SDA-2.0	183	146	54	17	1659	0.1775
SDA-2.5	183	146	54	17	1564	0.1775
SDA-3.0	183	146	54	17	1601	0.1725
\TheName{}-0.5	186	132	68	14	1706	0.205
\TheName{}-1.0	184	140	60	16	1680	0.1875
\TheName{}-1.5	183	142	58	17	1640	0.1775
\TheName{}-2.0	184	142	58	16	1587	0.1775
\TheName{}-2.5	184	142	58	16	1676	0.1775
\TheName{}-3.0	184	142	58	16	1625	0.1875
SVM	178	118	82	22	1	0.0075
LR	200	0	200	0	0	0.01
Ye-LDA	177	107	93	23	105	0.005
DTree-10	100	167	33	100	44	0.005
DTree-20	113	163	37	87	57	0.0025
RFC-50	83	187	13	117	11	0.005
RFC-100	79	187	13	121	22	0.0125
NLSVM-0.1	200	12	188	0	1	0.0275
NLSVM-1.0	45	170	30	155	0	0.055
NLSVM-10	200	0	200	0	1	0.02
LDA	111	172	28	89	344	0.26
SDA-0.5	92	176	24	108	1618	0.175
SDA-1.0	89	174	26	111	1567	0.175
SDA-1.5	89	174	26	111	1585	0.1725
SDA-2.0	89	174	26	111	1487	0.175
SDA-2.5	89	174	26	111	1546	0.17
SDA-3.0	89	174	26	111	1571	0.1725
\TheName{}-0.5	142	181	19	58	1696	0.1725
\TheName{}-1.0	104	182	18	96	1660	0.19
\TheName{}-1.5	102	180	20	98	1631	0.17
\TheName{}-2.0	99	179	21	101	1787	0.1725
\TheName{}-2.5	97	179	21	103	1691	0.18
\TheName{}-3.0	96	179	21	104	1659	0.1775
SVM	131	174	26	69	1	0.005
LR	0	200	0	200	0	0.0075
Ye-LDA	86	176	24	114	127	0.015
DTree-10	87	182	18	113	5	0.015
DTree-20	96	171	29	104	3	0.0125
RFC-50	74	192	8	126	7	0.01
RFC-100	77	182	18	123	34	0.055
NLSVM-0.1	200	7	193	0	1	0.06
NLSVM-1.0	158	58	142	42	1	0.02
NLSVM-10	33	197	3	167	1	0.0275
LDA	158	129	71	42	242	0.25
SDA-0.5	182	140	60	18	1640	0.17
SDA-1.0	182	141	59	18	1625	0.175
SDA-1.5	182	140	60	18	1553	0.1775
SDA-2.0	181	140	60	19	1567	0.2
SDA-2.5	181	140	60	19	1606	0.175
SDA-3.0	181	140	60	19	1551	0.17
\TheName{}-0.5	159	175	25	41	1740	0.1725
\TheName{}-1.0	176	166	34	24	1699	0.1725
\TheName{}-1.5	177	162	38	23	1628	0.17
\TheName{}-2.0	179	147	53	21	1844	0.1725
\TheName{}-2.5	179	144	56	21	1647	0.175
\TheName{}-3.0	179	144	56	21	1796	0.1725
SVM	168	138	62	32	2	0.015
LR	0	200	0	200	1	0.015
Ye-LDA	148	155	45	52	138	0.0025
DTree-10	75	162	38	125	2	0.0025
DTree-20	105	151	49	95	15	0.01
RFC-50	84	189	11	116	18	0.0075
RFC-100	91	186	14	109	28	0.02
NLSVM-0.1	196	19	181	4	1	0.0325
NLSVM-1.0	196	16	184	4	1	0.02
NLSVM-10	196	77	123	4	0	0.0225
LDA	129	173	27	71	277	0.2175
SDA-0.5	127	180	20	73	1616	0.1825
SDA-1.0	125	180	20	75	1544	0.1975
SDA-1.5	126	180	20	74	1622	0.175
SDA-2.0	126	180	20	74	1619	0.2
SDA-2.5	125	180	20	75	1595	0.175
SDA-3.0	125	178	22	75	1553	0.1725
\TheName{}-0.5	150	131	69	50	1750	0.1775
\TheName{}-1.0	148	178	22	52	1647	0.1925
\TheName{}-1.5	139	179	21	61	1609	0.1725
\TheName{}-2.0	133	180	20	67	1722	0.175
\TheName{}-2.5	131	180	20	69	1637	0.18
\TheName{}-3.0	128	180	20	72	1517	0.18
SVM	134	173	27	66	1	0.005
LR	200	0	200	0	0	0.005
Ye-LDA	162	170	30	38	112	0.0075
DTree-10	82	190	10	118	2	0.0025
DTree-20	100	172	28	100	3	0.005
RFC-50	81	185	15	119	13	0.0075
RFC-100	82	188	12	118	29	0.015
NLSVM-0.1	0	200	0	200	1	0.0325
NLSVM-1.0	1	200	0	199	1	0.02
NLSVM-10	200	0	200	0	1	0.025
LDA	172	126	74	28	279	0.24
SDA-0.5	186	114	86	14	1699	0.175
SDA-1.0	185	115	85	15	1603	0.1925
SDA-1.5	185	116	84	15	1613	0.1725
SDA-2.0	185	116	84	15	1536	0.175
SDA-2.5	185	116	84	15	1670	0.1725
SDA-3.0	185	116	84	15	1541	0.1725
\TheName{}-0.5	171	157	43	29	1771	0.1725
\TheName{}-1.0	184	124	76	16	1711	0.1725
\TheName{}-1.5	185	120	80	15	1770	0.1775
\TheName{}-2.0	185	119	81	15	1712	0.1725
\TheName{}-2.5	185	117	83	15	1767	0.1825
\TheName{}-3.0	185	117	83	15	1773	0.1775
SVM	173	137	63	27	1	0.0075
LR	0	200	0	200	0	0.005
Ye-LDA	179	141	59	21	133	0.0025
DTree-10	82	176	24	118	3	0.0025
DTree-20	123	162	38	77	9	0.01
RFC-50	100	181	19	100	22	0.0125
RFC-100	100	180	20	100	28	0.0175
NLSVM-0.1	200	13	187	0	1	0.0275
NLSVM-1.0	43	152	48	157	1	0.035
NLSVM-10	0	200	0	200	1	0.025
LDA	179	113	87	21	284	0.2925
SDA-0.5	132	176	24	68	1585	0.17
SDA-1.0	132	173	27	68	1544	0.17
SDA-1.5	132	173	27	68	1561	0.21
SDA-2.0	131	173	27	69	1575	0.1725
SDA-2.5	131	173	27	69	1590	0.17
SDA-3.0	131	173	27	69	1630	0.1725
\TheName{}-0.5	181	114	86	19	1623	0.1725
\TheName{}-1.0	149	163	37	51	1708	0.18
\TheName{}-1.5	139	172	28	61	1661	0.18
\TheName{}-2.0	134	174	26	66	1732	0.17
\TheName{}-2.5	132	174	26	68	1824	0.1725
\TheName{}-3.0	132	174	26	68	1675	0.17
SVM	176	131	69	24	1	0.0075
LR	0	200	0	200	0	0.005
Ye-LDA	147	168	32	53	110	0.005
DTree-10	58	178	22	142	1	0.005
DTree-20	70	168	32	130	15	0.03
RFC-50	91	178	22	109	10	0.025
RFC-100	85	183	17	115	13	0.0175
NLSVM-0.1	200	5	195	0	1	0.0325
NLSVM-1.0	36	172	28	164	1	0.0225
NLSVM-10	0	200	0	200	1	0.02
LDA	166	137	63	34	271	0.2575
SDA-0.5	118	175	25	82	1561	0.1725
SDA-1.0	118	174	26	82	1681	0.1725
SDA-1.5	119	174	26	81	1632	0.19
SDA-2.0	119	175	25	81	1642	0.18
SDA-2.5	119	175	25	81	1568	0.195
SDA-3.0	119	176	24	81	1641	0.175
\TheName{}-0.5	141	77	123	59	1647	0.1725
\TheName{}-1.0	159	166	34	41	1745	0.18
\TheName{}-1.5	137	176	24	63	1662	0.1725
\TheName{}-2.0	128	176	24	72	1600	0.175
\TheName{}-2.5	125	176	24	75	1679	0.18
\TheName{}-3.0	123	176	24	77	1644	0.1725
SVM	181	157	43	19	1	0.005
LR	200	0	200	0	1	0.005
Ye-LDA	140	170	30	60	108	0.0075
DTree-10	101	164	36	99	19	0.005
DTree-20	106	168	32	94	4	0.005
RFC-50	100	175	25	100	14	0.0075
RFC-100	102	179	21	98	29	0.02
NLSVM-0.1	200	18	182	0	1	0.0275
NLSVM-1.0	176	67	133	24	0	0.0225
NLSVM-10	200	0	200	0	1	0.02
LDA	140	145	55	60	292	0.3525
SDA-0.5	123	174	26	77	1624	0.21
SDA-1.0	121	174	26	79	1546	0.1725
SDA-1.5	120	173	27	80	1522	0.1725
SDA-2.0	120	172	28	80	1654	0.1825
SDA-2.5	120	172	28	80	1675	0.1725
SDA-3.0	120	172	28	80	1538	0.1725
\TheName{}-0.5	142	176	24	58	1500	0.18
\TheName{}-1.0	130	173	27	70	1638	0.175
\TheName{}-1.5	124	175	25	76	1630	0.1725
\TheName{}-2.0	122	174	26	78	1622	0.1825
\TheName{}-2.5	122	174	26	78	1650	0.175
\TheName{}-3.0	122	173	27	78	1575	0.1875
SVM	135	161	39	65	1	0.005
LR	0	200	0	200	0	0.005
Ye-LDA	109	162	38	91	111	0.0025
DTree-10	96	134	66	104	2	0.005
DTree-20	109	127	73	91	3	0.005
RFC-50	85	164	36	115	5	0.005
RFC-100	86	169	31	114	23	0.015
NLSVM-0.1	200	9	191	0	1	0.0275
NLSVM-1.0	156	46	154	44	1	0.035
NLSVM-10	200	0	200	0	1	0.0325
LDA	158	130	70	42	420	0.2875
SDA-0.5	162	148	52	38	1616	0.1775
SDA-1.0	159	148	52	41	1599	0.1775
SDA-1.5	158	148	52	42	1622	0.18
SDA-2.0	157	148	52	43	1582	0.1775
SDA-2.5	157	148	52	43	1500	0.1725
SDA-3.0	157	147	53	43	1499	0.1775
\TheName{}-0.5	170	165	35	30	1678	0.175
\TheName{}-1.0	162	155	45	38	1611	0.175
\TheName{}-1.5	161	149	51	39	1701	0.1725
\TheName{}-2.0	160	148	52	40	1763	0.1775
\TheName{}-2.5	159	148	52	41	1666	0.18
\TheName{}-3.0	158	148	52	42	1644	0.1725
SVM	162	155	45	38	1	0.005
LR	200	0	200	0	1	0.0025
Ye-LDA	179	133	67	21	105	0.005
DTree-10	90	164	36	110	3	0.005
DTree-20	109	149	51	91	4	0.0025
RFC-50	83	178	22	117	13	0.005
RFC-100	90	172	28	110	25	0.0125
NLSVM-0.1	1	200	0	199	1	0.03
NLSVM-1.0	192	68	132	8	0	0.03
NLSVM-10	0	200	0	200	1	0.0225
LDA	114	163	37	86	277	0.2925
SDA-0.5	106	173	27	94	1706	0.1725
SDA-1.0	103	172	28	97	1516	0.175
SDA-1.5	102	172	28	98	1548	0.1725
SDA-2.0	102	172	28	98	1589	0.1725
SDA-2.5	102	171	29	98	1473	0.1725
SDA-3.0	102	171	29	98	1540	0.1775
\TheName{}-0.5	140	173	27	60	1687	0.1875
\TheName{}-1.0	118	178	22	82	1642	0.1725
\TheName{}-1.5	108	177	23	92	1671	0.1775
\TheName{}-2.0	107	177	23	93	1733	0.17
\TheName{}-2.5	107	175	25	93	1726	0.17
\TheName{}-3.0	106	174	26	94	1759	0.1775
SVM	136	171	29	64	2	0.005
LR	0	200	0	200	0	0.005
Ye-LDA	102	172	28	98	125	0.0125
DTree-10	97	169	31	103	23	0.005
DTree-20	103	167	33	97	3	0.005
RFC-50	83	185	15	117	16	0.18
RFC-100	80	185	15	120	10	0.015
NLSVM-0.1	2	200	0	198	1	0.03
NLSVM-1.0	11	197	3	189	1	0.025
NLSVM-10	3	200	0	197	0	0.02
LDA	174	117	83	26	245	0.225
SDA-0.5	142	176	24	58	1547	0.2075
SDA-1.0	142	173	27	58	1648	0.1725
SDA-1.5	142	173	27	58	1615	0.1775
SDA-2.0	142	173	27	58	1438	0.1725
SDA-2.5	142	173	27	58	1618	0.1825
SDA-3.0	142	173	27	58	1786	0.1725
\TheName{}-0.5	167	145	55	33	1628	0.1775
\TheName{}-1.0	154	172	28	46	1649	0.185
\TheName{}-1.5	149	175	25	51	1655	0.18
\TheName{}-2.0	147	173	27	53	1659	0.17
\TheName{}-2.5	143	173	27	57	1710	0.1775
\TheName{}-3.0	142	173	27	58	1589	0.175
SVM	169	150	50	31	1	0.005
LR	0	200	0	200	1	0.0025
Ye-LDA	127	173	27	73	113	0.0025
DTree-10	98	161	39	102	2	0.005
DTree-20	114	154	46	86	3	0.0025
RFC-50	92	175	25	108	13	0.0075
RFC-100	90	181	19	110	40	0.0175
NLSVM-0.1	1	199	1	199	1	0.0275
NLSVM-1.0	195	22	178	5	1	0.02
NLSVM-10	0	200	0	200	1	0.02
LDA	180	119	81	20	555	0.2875
SDA-0.5	189	138	62	11	1594	0.175
SDA-1.0	191	132	68	9	1643	0.18
SDA-1.5	192	131	69	8	1624	0.18
SDA-2.0	192	131	69	8	1606	0.1725
SDA-2.5	192	131	69	8	1666	0.17
SDA-3.0	192	131	69	8	1532	0.1725
\TheName{}-0.5	159	146	54	41	1768	0.18
\TheName{}-1.0	188	141	59	12	1745	0.18
\TheName{}-1.5	189	134	66	11	1696	0.17
\TheName{}-2.0	190	134	66	10	1786	0.1775
\TheName{}-2.5	190	133	67	10	1631	0.1775
\TheName{}-3.0	190	132	68	10	1764	0.1775
SVM	185	130	70	15	1	0.005
LR	0	200	0	200	0	0.005
Ye-LDA	149	170	30	51	120	0.0025
DTree-10	52	171	29	148	2	0.0025
DTree-20	86	149	51	114	3	0.0025
RFC-50	81	187	13	119	14	0.0075
RFC-100	77	190	10	123	9	0.015
NLSVM-0.1	2	200	0	198	1	0.03
NLSVM-1.0	200	28	172	0	1	0.0225
NLSVM-10	0	200	0	200	0	0.035
LDA	135	108	92	65	242	0.2475
SDA-0.5	193	127	73	7	1644	0.175
SDA-1.0	193	123	77	7	1557	0.175
SDA-1.5	193	122	78	7	1600	0.175
SDA-2.0	193	122	78	7	1589	0.1775
SDA-2.5	193	122	78	7	1623	0.1725
SDA-3.0	193	122	78	7	1547	0.1775
\TheName{}-0.5	166	147	53	34	1739	0.17
\TheName{}-1.0	185	136	64	15	1623	0.175
\TheName{}-1.5	187	130	70	13	1648	0.175
\TheName{}-2.0	188	129	71	12	1742	0.1775
\TheName{}-2.5	188	128	72	12	1694	0.17
\TheName{}-3.0	188	127	73	12	1709	0.17
SVM	161	122	78	39	1	0.005
LR	200	0	200	0	0	0.005
Ye-LDA	187	111	89	13	111	0.0125
DTree-10	90	169	31	110	2	0.005
DTree-20	111	160	40	89	13	0.005
RFC-50	97	178	22	103	15	0.0075
RFC-100	93	183	17	107	27	0.0175
NLSVM-0.1	200	11	189	0	2	0.055
NLSVM-1.0	26	172	28	174	0	0.0425
NLSVM-10	200	6	194	0	1	0.0375
LDA	152	159	41	48	245	0.2775
SDA-0.5	137	184	16	63	1662	0.1775
SDA-1.0	136	183	17	64	1487	0.175
SDA-1.5	135	183	17	65	1544	0.175
SDA-2.0	135	183	17	65	1604	0.1725
SDA-2.5	135	183	17	65	1688	0.1725
SDA-3.0	135	183	17	65	1654	0.1775
\TheName{}-0.5	150	139	61	50	1676	0.22
\TheName{}-1.0	160	185	15	40	1686	0.1775
\TheName{}-1.5	147	186	14	53	1710	0.175
\TheName{}-2.0	144	184	16	56	1742	0.18
\TheName{}-2.5	140	184	16	60	1620	0.17
\TheName{}-3.0	140	185	15	60	1600	0.1825
SVM	171	168	32	29	2	0.01
LR	0	200	0	200	0	0.0025
Ye-LDA	121	169	31	79	120	0.0175
DTree-10	64	183	17	136	21	0.0125
DTree-20	94	169	31	106	4	0.015
RFC-50	76	188	12	124	15	0.005
RFC-100	74	189	11	126	46	0.0175
NLSVM-0.1	200	10	190	0	1	0.0675
NLSVM-1.0	3	199	1	197	0	0.03
NLSVM-10	0	200	0	200	0	0.065
LDA	158	122	78	42	348	0.2475
SDA-0.5	97	168	32	103	1698	0.175
SDA-1.0	95	168	32	105	1585	0.1725
SDA-1.5	95	168	32	105	1614	0.17
SDA-2.0	95	168	32	105	1686	0.1725
SDA-2.5	95	168	32	105	1574	0.1725
SDA-3.0	95	168	32	105	1578	0.1725
\TheName{}-0.5	127	41	159	73	1622	0.175
\TheName{}-1.0	165	153	47	35	1722	0.1725
\TheName{}-1.5	112	168	32	88	1657	0.1775
\TheName{}-2.0	106	169	31	94	1860	0.1775
\TheName{}-2.5	105	169	31	95	1597	0.17
\TheName{}-3.0	101	168	32	99	1791	0.21
SVM	177	119	81	23	1	0.0175
LR	0	200	0	200	1	0.0125
Ye-LDA	94	163	37	106	136	0.07
DTree-10	103	167	33	97	2	0.005
DTree-20	112	139	61	88	3	0.005
RFC-50	78	165	35	122	11	0.01
RFC-100	81	168	32	119	24	0.015
NLSVM-0.1	200	7	193	0	1	0.03
NLSVM-1.0	199	71	129	1	1	0.02
NLSVM-10	49	191	9	151	1	0.02
LDA	143	148	52	57	319	0.23
SDA-0.5	92	182	18	108	1544	0.175
SDA-1.0	90	182	18	110	1544	0.1725
SDA-1.5	90	183	17	110	1562	0.175
SDA-2.0	90	183	17	110	1628	0.175
SDA-2.5	90	183	17	110	1624	0.175
SDA-3.0	90	183	17	110	1581	0.175
\TheName{}-0.5	135	43	157	65	1643	0.175
\TheName{}-1.0	163	155	45	37	1712	0.1825
\TheName{}-1.5	125	179	21	75	1674	0.195
\TheName{}-2.0	119	182	18	81	1654	0.1725
\TheName{}-2.5	111	184	16	89	1654	0.1725
\TheName{}-3.0	110	184	16	90	1623	0.17
SVM	155	152	48	45	2	0.005
LR	0	200	0	200	0	0.005
Ye-LDA	99	174	26	101	116	0.005
DTree-10	63	177	23	137	2	0.0025
DTree-20	83	177	23	117	4	0.0025
RFC-50	78	174	26	122	13	0.0075
RFC-100	70	179	21	130	23	0.015
NLSVM-0.1	2	200	0	198	1	0.0275
NLSVM-1.0	200	45	155	0	1	0.0225
NLSVM-10	8	199	1	192	0	0.02
LDA	166	133	67	34	378	0.265
SDA-0.5	111	178	22	89	1583	0.175
SDA-1.0	109	178	22	91	1619	0.1875
SDA-1.5	109	178	22	91	1673	0.1725
SDA-2.0	109	178	22	91	1639	0.1725
SDA-2.5	109	178	22	91	1584	0.175
SDA-3.0	108	178	22	92	1727	0.185
\TheName{}-0.5	128	42	158	72	1661	0.1825
\TheName{}-1.0	171	148	52	29	1727	0.1725
\TheName{}-1.5	142	179	21	58	1675	0.1925
\TheName{}-2.0	126	181	19	74	1714	0.1725
\TheName{}-2.5	121	180	20	79	1770	0.1825
\TheName{}-3.0	118	180	20	82	1659	0.175
SVM	171	144	56	29	1	0.0075
LR	0	200	0	200	0	0.005
Ye-LDA	97	182	18	103	110	0.005
DTree-10	80	187	13	120	2	0.005
DTree-20	117	152	48	83	3	0.005
RFC-50	76	187	13	124	12	0.0075
RFC-100	64	189	11	136	25	0.015
NLSVM-0.1	200	15	185	0	1	0.0275
NLSVM-1.0	199	29	171	1	1	0.02
NLSVM-10	200	0	200	0	1	0.02
LDA	154	94	106	46	249	0.3125
SDA-0.5	156	157	43	44	1605	0.175
SDA-1.0	156	152	48	44	1437	0.1725
SDA-1.5	156	152	48	44	1617	0.175
SDA-2.0	156	152	48	44	1744	0.18
SDA-2.5	156	152	48	44	1554	0.175
SDA-3.0	156	152	48	44	1572	0.17
\TheName{}-0.5	151	142	58	49	1660	0.17
\TheName{}-1.0	154	142	58	46	1805	0.1775
\TheName{}-1.5	154	144	56	46	1665	0.1725
\TheName{}-2.0	156	152	48	44	1582	0.1725
\TheName{}-2.5	156	151	49	44	1688	0.1825
\TheName{}-3.0	156	152	48	44	1627	0.175
SVM	158	120	80	42	2	0.005
LR	0	200	0	200	0	0.0025
Ye-LDA	139	161	39	61	108	0.005
DTree-10	126	158	42	74	12	0.005
DTree-20	145	132	68	55	14	0.0075
RFC-50	81	175	25	119	11	0.0075
RFC-100	80	178	22	120	22	0.0175
NLSVM-0.1	200	3	197	0	1	0.0275
NLSVM-1.0	22	185	15	178	1	0.0225
NLSVM-10	0	200	0	200	0	0.0225
LDA	110	146	54	90	277	0.23
SDA-0.5	99	190	10	101	1523	0.175
SDA-1.0	99	190	10	101	1575	0.1725
SDA-1.5	99	189	11	101	1506	0.175
SDA-2.0	99	189	11	101	1690	0.1775
SDA-2.5	98	189	11	102	1533	0.19
SDA-3.0	98	189	11	102	1562	0.1725
\TheName{}-0.5	140	64	136	60	1673	0.175
\TheName{}-1.0	129	186	14	71	1678	0.175
\TheName{}-1.5	110	189	11	90	1652	0.205
\TheName{}-2.0	104	188	12	96	1760	0.25
\TheName{}-2.5	100	187	13	100	1698	0.215
\TheName{}-3.0	100	189	11	100	1669	0.185
SVM	142	161	39	58	1	0.005
LR	0	200	0	200	0	0.005
Ye-LDA	106	182	18	94	168	0.005
DTree-10	96	155	45	104	4	0.005
DTree-20	115	141	59	85	4	0.0075
RFC-50	65	190	10	135	18	0.01
RFC-100	73	189	11	127	33	0.015
NLSVM-0.1	200	7	193	0	1	0.0375
NLSVM-1.0	183	48	152	17	1	0.0225
NLSVM-10	200	0	200	0	1	0.0325
LDA	177	128	72	23	265	0.22
SDA-0.5	185	152	48	15	1564	0.175
SDA-1.0	185	152	48	15	1524	0.1725
SDA-1.5	185	150	50	15	1594	0.17
SDA-2.0	185	150	50	15	1582	0.175
SDA-2.5	185	150	50	15	1547	0.1775
SDA-3.0	185	150	50	15	1447	0.175
\TheName{}-0.5	179	155	45	21	1566	0.175
\TheName{}-1.0	185	158	42	15	1569	0.175
\TheName{}-1.5	186	156	44	14	1623	0.1725
\TheName{}-2.0	185	155	45	15	1650	0.1725
\TheName{}-2.5	185	154	46	15	1692	0.175
\TheName{}-3.0	186	154	46	14	1693	0.1725
SVM	180	139	61	20	2	0.005
LR	0	200	0	200	0	0.005
Ye-LDA	138	164	36	62	105	0.0025
DTree-10	69	184	16	131	2	0.005
DTree-20	105	153	47	95	4	0.0025
RFC-50	96	188	12	104	14	0.0075
RFC-100	123	176	24	77	29	0.015
NLSVM-0.1	200	10	190	0	1	0.0275
NLSVM-1.0	197	48	152	3	1	0.02
NLSVM-10	200	0	200	0	1	0.02
LDA	157	122	78	43	353	0.3675
SDA-0.5	171	159	41	29	1617	0.1725
SDA-1.0	172	155	45	28	1590	0.1725
SDA-1.5	172	153	47	28	1550	0.1775
SDA-2.0	172	153	47	28	1626	0.1725
SDA-2.5	172	153	47	28	1638	0.18
SDA-3.0	172	153	47	28	1596	0.18
\TheName{}-0.5	166	139	61	34	1714	0.185
\TheName{}-1.0	168	149	51	32	1607	0.175
\TheName{}-1.5	170	149	51	30	1597	0.185
\TheName{}-2.0	170	152	48	30	1770	0.175
\TheName{}-2.5	171	153	47	29	1658	0.175
\TheName{}-3.0	172	153	47	28	1666	0.1775
SVM	150	138	62	50	1	0.005
LR	0	200	0	200	1	0.005
Ye-LDA	166	147	53	34	112	0.0025
DTree-10	102	138	62	98	3	0.005
DTree-20	106	131	69	94	23	0.005
RFC-50	89	181	19	111	4	0.01
RFC-100	80	182	18	120	24	0.015
NLSVM-0.1	0	200	0	200	1	0.0275
NLSVM-1.0	79	133	67	121	0	0.0225
NLSVM-10	0	200	0	200	1	0.02
LDA	107	172	28	93	289	0.2425
SDA-0.5	93	188	12	107	1683	0.1775
SDA-1.0	92	188	12	108	1602	0.185
SDA-1.5	91	188	12	109	1635	0.175
SDA-2.0	91	188	12	109	1688	0.1875
SDA-2.5	90	188	12	110	1634	0.1775
SDA-3.0	89	189	11	111	1699	0.1825
\TheName{}-0.5	169	108	92	31	1732	0.175
\TheName{}-1.0	108	188	12	92	1732	0.175
\TheName{}-1.5	97	189	11	103	1650	0.185
\TheName{}-2.0	97	190	10	103	1826	0.1725
\TheName{}-2.5	95	190	10	105	1637	0.175
\TheName{}-3.0	94	189	11	106	1757	0.1725
SVM	113	180	20	87	2	0.0075
LR	0	200	0	200	0	0.005
Ye-LDA	88	183	17	112	135	0.0025
DTree-10	88	172	28	112	2	0.005
DTree-20	91	168	32	109	3	0.005
RFC-50	66	190	10	134	6	0.0075
RFC-100	67	188	12	133	35	0.02
NLSVM-0.1	200	13	187	0	1	0.0275
NLSVM-1.0	13	194	6	187	1	0.0225
NLSVM-10	72	195	5	128	0	0.03
LDA	136	155	45	64	361	0.2075
SDA-0.5	95	188	12	105	1617	0.1775
SDA-1.0	94	188	12	106	1594	0.175
SDA-1.5	94	187	13	106	1720	0.175
SDA-2.0	94	187	13	106	1680	0.1775
SDA-2.5	94	187	13	106	1586	0.18
SDA-3.0	94	187	13	106	1649	0.1725
\TheName{}-0.5	126	54	146	74	1679	0.17
\TheName{}-1.0	151	180	20	49	1587	0.185
\TheName{}-1.5	114	185	15	86	1608	0.17
\TheName{}-2.0	108	185	15	92	1649	0.185
\TheName{}-2.5	101	185	15	99	1757	0.1875
\TheName{}-3.0	97	187	13	103	1658	0.175
SVM	140	166	34	60	1	0.005
LR	0	200	0	200	1	0.005
Ye-LDA	98	187	13	102	114	0.0025
DTree-10	81	170	30	119	2	0.005
DTree-20	103	160	40	97	4	0.005
RFC-50	87	180	20	113	14	0.0075
RFC-100	91	179	21	109	28	0.02
NLSVM-0.1	0	200	0	200	1	0.0275
NLSVM-1.0	173	57	143	27	0	0.0225
NLSVM-10	200	0	200	0	0	0.02
LDA	167	145	55	33	309	0.2425
SDA-0.5	130	173	27	70	1567	0.1725
SDA-1.0	127	174	26	73	1597	0.17
SDA-1.5	126	174	26	74	1635	0.18
SDA-2.0	126	174	26	74	1635	0.18
SDA-2.5	127	174	26	73	1535	0.1775
SDA-3.0	127	174	26	73	1713	0.1775
\TheName{}-0.5	165	153	47	35	1670	0.1825
\TheName{}-1.0	145	176	24	55	1589	0.205
\TheName{}-1.5	141	174	26	59	1711	0.1725
\TheName{}-2.0	135	175	25	65	1715	0.18
\TheName{}-2.5	133	173	27	67	1793	0.175
\TheName{}-3.0	133	173	27	67	1571	0.1775
SVM	167	158	42	33	1	0.005
LR	0	200	0	200	0	0.005
Ye-LDA	129	178	22	71	117	0.0175
DTree-10	99	163	37	101	23	0.015
DTree-20	107	155	45	93	3	0.0125
RFC-50	72	181	19	128	16	0.025
RFC-100	75	185	15	125	40	0.035
NLSVM-0.1	200	12	188	0	1	0.0775
NLSVM-1.0	200	28	172	0	1	0.0275
NLSVM-10	1	200	0	199	2	0.025
LDA	140	149	51	60	294	0.245
SDA-0.5	147	167	33	53	1613	0.1725
SDA-1.0	144	168	32	56	1615	0.1775
SDA-1.5	144	168	32	56	1551	0.1725
SDA-2.0	144	168	32	56	1552	0.1725
SDA-2.5	144	168	32	56	1574	0.17
SDA-3.0	144	168	32	56	1644	0.175
\TheName{}-0.5	168	157	43	32	1540	0.1725
\TheName{}-1.0	157	169	31	43	1605	0.175
\TheName{}-1.5	152	170	30	48	1646	0.1725
\TheName{}-2.0	150	172	28	50	1647	0.175
\TheName{}-2.5	148	170	30	52	1603	0.1725
\TheName{}-3.0	147	170	30	53	1719	0.1925
SVM	163	145	55	37	1	0.005
LR	0	200	0	200	1	0.0025
Ye-LDA	115	173	27	85	116	0.0025
DTree-10	121	142	58	79	3	0.0025
DTree-20	116	154	46	84	3	0.005
RFC-50	74	182	18	126	5	0.0075
RFC-100	96	171	29	104	27	0.03
NLSVM-0.1	2	200	0	198	1	0.0275
NLSVM-1.0	3	200	0	197	1	0.035
NLSVM-10	200	6	194	0	1	0.0225
LDA	174	120	80	26	314	0.2625
SDA-0.5	158	155	45	42	1594	0.175
SDA-1.0	156	153	47	44	1624	0.1725
SDA-1.5	156	153	47	44	1549	0.17
SDA-2.0	156	153	47	44	1646	0.205
SDA-2.5	155	154	46	45	1516	0.175
SDA-3.0	155	154	46	45	1609	0.1725
\TheName{}-0.5	163	100	100	37	1736	0.1725
\TheName{}-1.0	175	138	62	25	1621	0.175
\TheName{}-1.5	174	141	59	26	1637	0.17
\TheName{}-2.0	169	147	53	31	1726	0.175
\TheName{}-2.5	169	148	52	31	1588	0.1725
\TheName{}-3.0	161	148	52	39	1664	0.17
SVM	171	121	79	29	2	0.005
LR	0	200	0	200	0	0.005
Ye-LDA	126	169	31	74	108	0.005
DTree-10	86	158	42	114	2	0.005
DTree-20	109	152	48	91	4	0.005
RFC-50	75	191	9	125	12	0.01
RFC-100	77	189	11	123	24	0.0175
NLSVM-0.1	200	8	192	0	1	0.0275
NLSVM-1.0	78	150	50	122	0	0.0225
NLSVM-10	200	0	200	0	1	0.0225
LDA	148	152	48	52	324	0.3575
SDA-0.5	109	162	38	91	1609	0.175
SDA-1.0	106	162	38	94	1572	0.1725
SDA-1.5	106	162	38	94	1606	0.175
SDA-2.0	106	162	38	94	1603	0.1725
SDA-2.5	106	162	38	94	1511	0.1825
SDA-3.0	106	162	38	94	1685	0.1825
\TheName{}-0.5	143	155	45	57	1738	0.18
\TheName{}-1.0	127	167	33	73	1630	0.1775
\TheName{}-1.5	119	164	36	81	1725	0.1775
\TheName{}-2.0	111	162	38	89	1685	0.18
\TheName{}-2.5	109	162	38	91	1584	0.175
\TheName{}-3.0	109	162	38	91	1679	0.1775
SVM	158	149	51	42	1	0.005
LR	0	200	0	200	0	0.005
Ye-LDA	117	165	35	83	110	0.0025
DTree-10	79	159	41	121	13	0.005
DTree-20	103	144	56	97	3	0.005
RFC-50	93	175	25	107	13	0.0075
RFC-100	90	172	28	110	26	0.015
NLSVM-0.1	200	16	184	0	2	0.03
NLSVM-1.0	175	60	140	25	0	0.02
NLSVM-10	200	0	200	0	1	0.02
LDA	140	154	46	60	454	0.3075
SDA-0.5	145	170	30	55	1609	0.1825
SDA-1.0	140	171	29	60	1619	0.18
SDA-1.5	138	171	29	62	1585	0.175
SDA-2.0	138	171	29	62	1626	0.18
SDA-2.5	138	171	29	62	1545	0.1725
SDA-3.0	138	171	29	62	1528	0.1725
\TheName{}-0.5	134	169	31	66	1774	0.175
\TheName{}-1.0	145	172	28	55	1739	0.175
\TheName{}-1.5	146	172	28	54	1672	0.1825
\TheName{}-2.0	143	172	28	57	1615	0.175
\TheName{}-2.5	143	170	30	57	1687	0.1725
\TheName{}-3.0	143	170	30	57	1751	0.1725
SVM	144	164	36	56	2	0.005
LR	0	200	0	200	0	0.005
Ye-LDA	143	170	30	57	111	0.005
DTree-10	107	139	61	93	2	0.005
DTree-20	129	114	86	71	3	0.005
RFC-50	86	171	29	114	12	0.0075
RFC-100	95	168	32	105	24	0.0175
NLSVM-0.1	200	12	188	0	1	0.0275
NLSVM-1.0	147	105	95	53	1	0.02
NLSVM-10	0	200	0	200	1	0.02
LDA	148	115	85	52	243	0.2325
SDA-0.5	132	170	30	68	1653	0.1725
SDA-1.0	133	170	30	67	1644	0.1875
SDA-1.5	131	169	31	69	1637	0.1725
SDA-2.0	131	169	31	69	1540	0.17
SDA-2.5	131	169	31	69	1711	0.17
SDA-3.0	131	169	31	69	1680	0.25
\TheName{}-0.5	151	151	49	49	1798	0.1825
\TheName{}-1.0	143	171	29	57	1667	0.18
\TheName{}-1.5	140	174	26	60	1792	0.1725
\TheName{}-2.0	139	173	27	61	1745	0.1725
\TheName{}-2.5	138	171	29	62	1819	0.175
\TheName{}-3.0	136	169	31	64	1737	0.175
SVM	164	136	64	36	1	0.005
LR	0	200	0	200	0	0.005
Ye-LDA	116	168	32	84	114	0.005
DTree-10	87	161	39	113	2	0.0025
DTree-20	107	147	53	93	4	0.0025
RFC-50	77	182	18	123	5	0.005
RFC-100	78	186	14	122	8	0.0125
NLSVM-0.1	199	16	184	1	1	0.03
NLSVM-1.0	8	197	3	192	0	0.0225
NLSVM-10	200	62	138	0	1	0.02
LDA	110	164	36	90	293	0.2375
SDA-0.5	122	184	16	78	1532	0.1675
SDA-1.0	121	185	15	79	1618	0.1825
SDA-1.5	120	185	15	80	1604	0.185
SDA-2.0	120	185	15	80	1499	0.175
SDA-2.5	120	185	15	80	1630	0.1775
SDA-3.0	120	185	15	80	1634	0.175
\TheName{}-0.5	110	91	109	90	1674	0.175
\TheName{}-1.0	129	181	19	71	1642	0.175
\TheName{}-1.5	125	181	19	75	1626	0.175
\TheName{}-2.0	123	183	17	77	1634	0.17
\TheName{}-2.5	122	183	17	78	1741	0.1725
\TheName{}-3.0	123	183	17	77	1640	0.175
SVM	131	165	35	69	1	0.005
LR	0	200	0	200	0	0.005
Ye-LDA	119	182	18	81	113	0.005
DTree-10	108	162	38	92	7	0.005
DTree-20	111	159	41	89	6	0.005
RFC-50	89	172	28	111	4	0.0075
RFC-100	83	188	12	117	11	0.0125
NLSVM-0.1	200	9	191	0	1	0.0275
NLSVM-1.0	171	67	133	29	1	0.0225
NLSVM-10	200	3	197	0	1	0.02
LDA	151	140	60	49	280	0.26
SDA-0.5	168	154	46	32	1542	0.1775
SDA-1.0	169	154	46	31	1518	0.205
SDA-1.5	169	154	46	31	1564	0.185
SDA-2.0	169	154	46	31	1542	0.2175
SDA-2.5	169	154	46	31	1451	0.1725
SDA-3.0	169	153	47	31	1632	0.1725
\TheName{}-0.5	181	137	63	19	1686	0.175
\TheName{}-1.0	183	149	51	17	1713	0.175
\TheName{}-1.5	176	149	51	24	1721	0.175
\TheName{}-2.0	174	152	48	26	1731	0.1775
\TheName{}-2.5	172	153	47	28	1677	0.175
\TheName{}-3.0	170	153	47	30	1761	0.175
SVM	160	150	50	40	1	0.0075
LR	200	0	200	0	0	0.005
Ye-LDA	188	114	86	12	105	0.005
DTree-10	70	184	16	130	4	0.005
DTree-20	109	165	35	91	3	0.005
RFC-50	97	182	18	103	13	0.01
RFC-100	99	182	18	101	25	0.0175
NLSVM-0.1	200	10	190	0	1	0.0275
NLSVM-1.0	17	198	2	183	1	0.02
NLSVM-10	200	0	200	0	1	0.0175
LDA	149	155	45	51	324	0.2625
SDA-0.5	128	164	36	72	1696	0.175
SDA-1.0	127	163	37	73	1658	0.1875
SDA-1.5	127	163	37	73	1614	0.175
SDA-2.0	128	163	37	72	1582	0.1775
SDA-2.5	128	163	37	72	1581	0.1925
SDA-3.0	127	163	37	73	1754	0.1825
\TheName{}-0.5	180	142	58	20	1740	0.1775
\TheName{}-1.0	142	165	35	58	1740	0.1875
\TheName{}-1.5	135	165	35	65	1680	0.175
\TheName{}-2.0	132	164	36	68	1643	0.1725
\TheName{}-2.5	130	164	36	70	1684	0.175
\TheName{}-3.0	130	164	36	70	1835	0.195
SVM	160	158	42	40	1	0.005
LR	0	200	0	200	0	0.005
Ye-LDA	136	171	29	64	114	0.0025
DTree-10	112	152	48	88	6	0.0025
DTree-20	118	149	51	82	3	0.005
RFC-50	106	162	38	94	12	0.0075
RFC-100	101	164	36	99	24	0.0175
NLSVM-0.1	200	14	186	0	1	0.0275
NLSVM-1.0	173	74	126	27	1	0.02
NLSVM-10	7	199	1	193	1	0.0225
LDA	139	160	40	61	304	0.28
SDA-0.5	132	177	23	68	1775	0.175
SDA-1.0	131	175	25	69	1528	0.175
SDA-1.5	131	175	25	69	1691	0.1875
SDA-2.0	131	175	25	69	1642	0.18
SDA-2.5	131	175	25	69	1693	0.1725
SDA-3.0	131	175	25	69	1626	0.18
\TheName{}-0.5	146	176	24	54	1838	0.1825
\TheName{}-1.0	144	182	18	56	1724	0.1725
\TheName{}-1.5	137	180	20	63	1716	0.1825
\TheName{}-2.0	136	179	21	64	1699	0.1825
\TheName{}-2.5	136	179	21	64	1675	0.1725
\TheName{}-3.0	135	178	22	65	1810	0.1775
SVM	154	162	38	46	2	0.005
LR	0	200	0	200	0	0.005
Ye-LDA	111	178	22	89	117	0.0025
DTree-10	99	163	37	101	17	0.0025
DTree-20	104	159	41	96	3	0.005
RFC-50	77	182	18	123	11	0.005
RFC-100	85	177	23	115	23	0.015
NLSVM-0.1	115	154	46	85	1	0.04
NLSVM-1.0	197	54	146	3	0	0.0375
NLSVM-10	1	200	0	199	1	0.0275
LDA	99	148	52	101	272	0.4175
SDA-0.5	132	170	30	68	1726	0.175
SDA-1.0	125	170	30	75	1554	0.175
SDA-1.5	123	171	29	77	1514	0.195
SDA-2.0	123	171	29	77	1602	0.1775
SDA-2.5	123	171	29	77	1513	0.1725
SDA-3.0	123	171	29	77	1716	0.1725
\TheName{}-0.5	155	176	24	45	1646	0.1725
\TheName{}-1.0	137	171	29	63	1785	0.175
\TheName{}-1.5	133	172	28	67	1825	0.1825
\TheName{}-2.0	131	170	30	69	1954	0.2275
\TheName{}-2.5	130	169	31	70	1763	0.175
\TheName{}-3.0	131	170	30	69	1667	0.175
SVM	120	163	37	80	2	0.005
LR	0	200	0	200	0	0.005
Ye-LDA	104	172	28	96	124	0.0125
DTree-10	114	151	49	86	3	0.0125
DTree-20	123	135	65	77	9	0.0075
RFC-50	88	172	28	112	6	0.0125
RFC-100	81	172	28	119	30	0.02
NLSVM-0.1	1	200	0	199	1	0.035
NLSVM-1.0	140	106	94	60	1	0.0225
NLSVM-10	200	9	191	0	0	0.025
LDA	165	138	62	35	311	0.355
SDA-0.5	184	133	67	16	1584	0.1725
SDA-1.0	184	133	67	16	1525	0.175
SDA-1.5	184	132	68	16	1624	0.18
SDA-2.0	184	132	68	16	1554	0.1725
SDA-2.5	184	132	68	16	1651	0.2125
SDA-3.0	184	132	68	16	1507	0.175
\TheName{}-0.5	183	142	58	17	1669	0.1725
\TheName{}-1.0	183	141	59	17	1710	0.22
\TheName{}-1.5	183	136	64	17	1628	0.1775
\TheName{}-2.0	184	133	67	16	1605	0.1775
\TheName{}-2.5	184	133	67	16	1610	0.1725
\TheName{}-3.0	184	132	68	16	1738	0.1725
SVM	173	138	62	27	2	0.005
LR	0	200	0	200	0	0.005
Ye-LDA	172	137	63	28	111	0.005
DTree-10	82	178	22	118	3	0.0025
DTree-20	127	155	45	73	6	0.0025
RFC-50	85	181	19	115	8	0.0075
RFC-100	76	188	12	124	28	0.0125
NLSVM-0.1	200	14	186	0	1	0.0425
NLSVM-1.0	191	80	120	9	1	0.0275
NLSVM-10	0	200	0	200	0	0.0225
LDA	153	117	83	47	325	0.32
SDA-0.5	152	163	37	48	1657	0.17
SDA-1.0	150	163	37	50	1597	0.2025
SDA-1.5	150	163	37	50	1590	0.2075
SDA-2.0	150	163	37	50	1627	0.175
SDA-2.5	150	163	37	50	1662	0.175
SDA-3.0	150	162	38	50	1488	0.175
\TheName{}-0.5	80	137	63	120	1682	0.1725
\TheName{}-1.0	152	185	15	48	1712	0.1725
\TheName{}-1.5	155	173	27	45	1754	0.19
\TheName{}-2.0	152	169	31	48	1733	0.1875
\TheName{}-2.5	153	166	34	47	1683	0.1725
\TheName{}-3.0	153	165	35	47	1628	0.1725
SVM	161	163	37	39	1	0.005
LR	200	0	200	0	0	0.005
Ye-LDA	189	138	62	11	103	0.0075
DTree-10	98	167	33	102	2	0.0025
DTree-20	109	164	36	91	3	0.0025
RFC-50	87	183	17	113	14	0.01
RFC-100	93	186	14	107	27	0.0175
NLSVM-0.1	2	200	0	198	1	0.0275
NLSVM-1.0	196	27	173	4	1	0.02
NLSVM-10	200	7	193	0	1	0.02
LDA	118	156	44	82	318	0.2375
SDA-0.5	120	172	28	80	1591	0.1775
SDA-1.0	117	172	28	83	1602	0.1725
SDA-1.5	117	172	28	83	1547	0.1775
SDA-2.0	115	172	28	85	1490	0.1725
SDA-2.5	115	172	28	85	1521	0.175
SDA-3.0	115	172	28	85	1564	0.1725
\TheName{}-0.5	170	169	31	30	1614	0.1725
\TheName{}-1.0	138	170	30	62	1783	0.18
\TheName{}-1.5	134	173	27	66	1708	0.29
\TheName{}-2.0	130	172	28	70	1745	0.19
\TheName{}-2.5	125	172	28	75	1777	0.175
\TheName{}-3.0	120	173	27	80	1728	0.18
SVM	153	158	42	47	3	0.005
LR	0	200	0	200	1	0.0025
Ye-LDA	109	184	16	91	113	0.0025
DTree-10	58	172	28	142	22	0.015
DTree-20	101	148	52	99	11	0.0125
RFC-50	84	169	31	116	19	0.0225
RFC-100	84	166	34	116	78	0.0375
NLSVM-0.1	200	9	191	0	1	0.0325
NLSVM-1.0	171	75	125	29	1	0.0225
NLSVM-10	0	200	0	200	0	0.0325
LDA	131	166	34	69	272	0.29
SDA-0.5	106	181	19	94	1620	0.1775
SDA-1.0	105	181	19	95	1573	0.17
SDA-1.5	105	181	19	95	1590	0.18
SDA-2.0	103	181	19	97	1643	0.18
SDA-2.5	103	181	19	97	1570	0.195
SDA-3.0	103	181	19	97	1600	0.175
\TheName{}-0.5	137	39	161	63	1668	0.18
\TheName{}-1.0	153	172	28	47	1578	0.175
\TheName{}-1.5	121	182	18	79	1657	0.17
\TheName{}-2.0	113	181	19	87	1654	0.1775
\TheName{}-2.5	110	181	19	90	1672	0.1725
\TheName{}-3.0	109	182	18	91	1754	0.1875
SVM	147	167	33	53	1	0.005
LR	0	200	0	200	1	0.005
Ye-LDA	98	176	24	102	134	0.0025
DTree-10	95	169	31	105	4	0.0025
DTree-20	111	161	39	89	8	0.0175
RFC-50	77	186	14	123	6	0.025
RFC-100	73	187	13	127	25	0.0175
NLSVM-0.1	200	16	184	0	1	0.0275
NLSVM-1.0	12	196	4	188	1	0.0225
NLSVM-10	7	199	1	193	1	0.0275
LDA	124	155	45	76	274	0.2525
SDA-0.5	127	162	38	73	1567	0.18
SDA-1.0	127	163	37	73	1529	0.24
SDA-1.5	127	163	37	73	1571	0.1775
SDA-2.0	126	163	37	74	1561	0.1775
SDA-2.5	126	163	37	74	1508	0.17
SDA-3.0	126	163	37	74	1692	0.175
\TheName{}-0.5	177	130	70	23	1600	0.18
\TheName{}-1.0	136	163	37	64	1680	0.1725
\TheName{}-1.5	129	163	37	71	1650	0.1775
\TheName{}-2.0	130	163	37	70	1764	0.185
\TheName{}-2.5	128	163	37	72	1694	0.1775
\TheName{}-3.0	128	162	38	72	1602	0.2
SVM	143	150	50	57	2	0.005
LR	0	200	0	200	1	0.0025
Ye-LDA	117	165	35	83	150	0.005
DTree-10	115	155	45	85	2	0.0025
DTree-20	116	155	45	84	7	0.005
RFC-50	85	184	16	115	15	0.1325
RFC-100	87	180	20	113	24	0.0175
NLSVM-0.1	0	200	0	200	1	0.0275
NLSVM-1.0	16	192	8	184	1	0.0225
NLSVM-10	3	200	0	197	1	0.02
LDA	176	115	85	24	300	0.2625
SDA-0.5	151	168	32	49	1777	0.185
SDA-1.0	150	168	32	50	1639	0.175
SDA-1.5	150	168	32	50	1602	0.1725
SDA-2.0	150	168	32	50	1788	0.1725
SDA-2.5	150	168	32	50	1611	0.1725
SDA-3.0	150	168	32	50	1710	0.1825
\TheName{}-0.5	158	94	106	42	1753	0.1725
\TheName{}-1.0	177	142	58	23	1727	0.1725
\TheName{}-1.5	167	161	39	33	1727	0.175
\TheName{}-2.0	158	163	37	42	1662	0.1725
\TheName{}-2.5	157	166	34	43	1676	0.185
\TheName{}-3.0	155	166	34	45	1635	0.175
SVM	183	119	81	17	2	0.005
LR	0	200	0	200	1	0.0025
Ye-LDA	137	162	38	63	112	0.005
DTree-10	92	174	26	108	2	0.005
DTree-20	125	152	48	75	4	0.0025
RFC-50	105	182	18	95	15	0.0075
RFC-100	107	180	20	93	28	0.02
NLSVM-0.1	200	17	183	0	1	0.0275
NLSVM-1.0	55	160	40	145	1	0.02
NLSVM-10	0	200	0	200	1	0.02
LDA	176	113	87	24	295	0.24
SDA-0.5	140	174	26	60	1503	0.1725
SDA-1.0	134	174	26	66	1531	0.175
SDA-1.5	133	173	27	67	1463	0.1725
SDA-2.0	133	173	27	67	1580	0.1725
SDA-2.5	133	172	28	67	1548	0.1725
SDA-3.0	133	172	28	67	1479	0.1725
\TheName{}-0.5	170	129	71	30	1613	0.1725
\TheName{}-1.0	163	169	31	37	1662	0.175
\TheName{}-1.5	148	171	29	52	1553	0.175
\TheName{}-2.0	144	172	28	56	1519	0.175
\TheName{}-2.5	139	172	28	61	1707	0.18
\TheName{}-3.0	137	173	27	63	1621	0.1775
SVM	179	121	79	21	1	0.005
LR	200	0	200	0	1	0.0025
Ye-LDA	170	140	60	30	107	0.005
DTree-10	100	148	52	100	3	0.0025
DTree-20	138	129	71	62	4	0.0025
RFC-50	73	185	15	127	4	0.0075
RFC-100	74	190	10	126	21	0.0125
NLSVM-0.1	119	110	90	81	1	0.0275
NLSVM-1.0	199	39	161	1	1	0.0225
NLSVM-10	200	0	200	0	0	0.02
LDA	154	143	57	46	307	0.29
SDA-0.5	148	167	33	52	1564	0.1775
SDA-1.0	146	167	33	54	1596	0.1825
SDA-1.5	146	167	33	54	1672	0.1825
SDA-2.0	146	167	33	54	1633	0.195
SDA-2.5	146	167	33	54	1634	0.17
SDA-3.0	147	167	33	53	1590	0.1875
\TheName{}-0.5	125	122	78	75	1796	0.175
\TheName{}-1.0	164	172	28	36	1714	0.1775
\TheName{}-1.5	159	169	31	41	1768	0.185
\TheName{}-2.0	157	169	31	43	1817	0.1775
\TheName{}-2.5	153	169	31	47	1787	0.1725
\TheName{}-3.0	149	169	31	51	1716	0.175
SVM	166	154	46	34	1	0.005
LR	0	200	0	200	0	0.005
Ye-LDA	124	157	43	76	115	0.005
DTree-10	128	132	68	72	2	0.005
DTree-20	138	130	70	62	8	0.005
RFC-50	84	178	22	116	4	0.005
RFC-100	96	172	28	104	23	0.015
NLSVM-0.1	1	200	0	199	0	0.03
NLSVM-1.0	22	196	4	178	0	0.0225
NLSVM-10	200	3	197	0	1	0.02
LDA	134	159	41	66	296	0.28
SDA-0.5	133	164	36	67	1630	0.175
SDA-1.0	131	162	38	69	1539	0.1775
SDA-1.5	129	162	38	71	1629	0.175
SDA-2.0	130	162	38	70	1559	0.1725
SDA-2.5	130	162	38	70	1610	0.1725
SDA-3.0	130	162	38	70	1630	0.175
\TheName{}-0.5	139	72	128	61	1653	0.175
\TheName{}-1.0	175	158	42	25	1713	0.175
\TheName{}-1.5	153	164	36	47	1695	0.1725
\TheName{}-2.0	143	164	36	57	1764	0.1775
\TheName{}-2.5	142	164	36	58	1770	0.1775
\TheName{}-3.0	137	164	36	63	1698	0.1725
SVM	169	140	60	31	1	0.0075
LR	0	200	0	200	0	0.005
Ye-LDA	129	171	29	71	115	0.005
DTree-10	91	159	41	109	12	0.005
DTree-20	107	133	67	93	3	0.005
RFC-50	84	181	19	116	4	0.0075
RFC-100	88	183	17	112	9	0.015
NLSVM-0.1	200	8	192	0	0	0.03
NLSVM-1.0	200	17	183	0	1	0.02
NLSVM-10	8	200	0	192	1	0.02
LDA	152	144	56	48	327	0.3325
SDA-0.5	175	165	35	25	1507	0.1725
SDA-1.0	172	169	31	28	1577	0.17
SDA-1.5	166	170	30	34	1569	0.1725
SDA-2.0	166	170	30	34	1734	0.1725
SDA-2.5	166	170	30	34	1550	0.175
SDA-3.0	166	170	30	34	1614	0.18
\TheName{}-0.5	178	129	71	22	1863	0.175
\TheName{}-1.0	183	154	46	17	1607	0.1725
\TheName{}-1.5	179	161	39	21	1670	0.1825
\TheName{}-2.0	177	163	37	23	1701	0.175
\TheName{}-2.5	177	162	38	23	1589	0.1725
\TheName{}-3.0	174	164	36	26	1722	0.1725
SVM	151	152	48	49	1	0.0075
LR	0	200	0	200	0	0.005
Ye-LDA	150	171	29	50	113	0.0025
DTree-10	72	177	23	128	2	0.005
DTree-20	109	160	40	91	20	0.005
RFC-50	70	192	8	130	5	0.0075
RFC-100	82	185	15	118	26	0.015
NLSVM-0.1	200	11	189	0	1	0.0275
NLSVM-1.0	7	195	5	193	1	0.02
NLSVM-10	39	198	2	161	1	0.02
LDA	169	138	62	31	286	0.2875
SDA-0.5	163	162	38	37	1597	0.1725
SDA-1.0	161	163	37	39	1636	0.1775
SDA-1.5	161	162	38	39	1652	0.1725
SDA-2.0	161	162	38	39	1528	0.1725
SDA-2.5	161	162	38	39	1619	0.1775
SDA-3.0	163	155	45	37	1567	0.2075
\TheName{}-0.5	162	130	70	38	1786	0.2225
\TheName{}-1.0	165	140	60	35	1659	0.17
\TheName{}-1.5	166	143	57	34	1713	0.175
\TheName{}-2.0	165	152	48	35	1582	0.1725
\TheName{}-2.5	164	152	48	36	1689	0.1825
\TheName{}-3.0	164	152	48	36	1622	0.175
SVM	174	141	59	26	1	0.005
LR	0	200	0	200	1	0.0025
Ye-LDA	108	178	22	92	109	0.005
DTree-10	84	174	26	116	2	0.0025
DTree-20	125	143	57	75	9	0.005
RFC-50	90	187	13	110	13	0.0075
RFC-100	99	183	17	101	26	0.0175
NLSVM-0.1	0	199	1	200	1	0.025
NLSVM-1.0	91	138	62	109	1	0.02
NLSVM-10	200	0	200	0	1	0.02
LDA	126	146	54	74	437	0.2525
SDA-0.5	125	170	30	75	1622	0.175
SDA-1.0	125	170	30	75	1650	0.18
SDA-1.5	125	170	30	75	1555	0.1775
SDA-2.0	125	170	30	75	1652	0.1725
SDA-2.5	125	170	30	75	1568	0.185
SDA-3.0	125	170	30	75	1583	0.1725
\TheName{}-0.5	142	65	135	58	1655	0.17
\TheName{}-1.0	187	123	77	13	1730	0.1775
\TheName{}-1.5	157	159	41	43	1731	0.175
\TheName{}-2.0	138	162	38	62	1793	0.185
\TheName{}-2.5	135	163	37	65	1781	0.1725
\TheName{}-3.0	131	166	34	69	1620	0.18
SVM	152	153	47	48	1	0.005
LR	200	0	200	0	0	0.005
Ye-LDA	189	115	85	11	121	0.0175
DTree-10	86	161	39	114	30	0.0125
DTree-20	102	151	49	98	34	0.015
RFC-50	85	178	22	115	6	0.015
RFC-100	81	177	23	119	27	0.0225
NLSVM-0.1	200	6	194	0	1	0.0325
NLSVM-1.0	166	66	134	34	0	0.035
NLSVM-10	1	200	0	199	0	0.02
LDA	139	162	38	61	278	0.2575
SDA-0.5	146	160	40	54	1682	0.175
SDA-1.0	146	159	41	54	1612	0.1725
SDA-1.5	146	159	41	54	1638	0.17
SDA-2.0	146	159	41	54	1693	0.1775
SDA-2.5	146	159	41	54	1593	0.17
SDA-3.0	146	159	41	54	1637	0.17
\TheName{}-0.5	180	123	77	20	1823	0.1825
\TheName{}-1.0	169	146	54	31	1868	0.1775
\TheName{}-1.5	163	156	44	37	1765	0.1775
\TheName{}-2.0	162	159	41	38	1778	0.1725
\TheName{}-2.5	156	159	41	44	1788	0.1775
\TheName{}-3.0	156	159	41	44	1708	0.175
SVM	149	160	40	51	1	0.005
LR	0	200	0	200	1	0.0025
Ye-LDA	156	149	51	44	116	0.0025
DTree-10	72	163	37	128	2	0.005
DTree-20	87	155	45	113	3	0.005
RFC-50	82	168	32	118	13	0.0075
RFC-100	80	174	26	120	26	0.0175
NLSVM-0.1	200	6	194	0	1	0.0275
NLSVM-1.0	165	60	140	35	1	0.0225
NLSVM-10	200	24	176	0	0	0.0225
LDA	142	160	40	58	306	0.25
SDA-0.5	106	173	27	94	1573	0.17
SDA-1.0	106	173	27	94	1693	0.1825
SDA-1.5	106	173	27	94	1638	0.1775
SDA-2.0	104	173	27	96	1661	0.185
SDA-2.5	104	173	27	96	1600	0.17
SDA-3.0	104	173	27	96	1603	0.1725
\TheName{}-0.5	159	89	111	41	1722	0.1725
\TheName{}-1.0	138	168	32	62	1878	0.18
\TheName{}-1.5	118	172	28	82	1733	0.17
\TheName{}-2.0	116	173	27	84	1663	0.185
\TheName{}-2.5	115	173	27	85	1706	0.245
\TheName{}-3.0	114	173	27	86	1640	0.18
SVM	154	168	32	46	1	0.01
LR	0	200	0	200	1	0.0125
Ye-LDA	106	165	35	94	110	0.015
DTree-10	95	152	48	105	3	0.005
DTree-20	106	145	55	94	2	0.005
RFC-50	72	173	27	128	12	0.0075
RFC-100	76	167	33	124	23	0.015
NLSVM-0.1	200	15	185	0	1	0.0275
NLSVM-1.0	168	83	117	32	0	0.0225
NLSVM-10	200	26	174	0	1	0.02
LDA	163	131	69	37	252	0.25
SDA-0.5	123	170	30	77	1591	0.1725
SDA-1.0	122	168	32	78	1586	0.1825
SDA-1.5	122	168	32	78	1659	0.175
SDA-2.0	122	168	32	78	1481	0.17
SDA-2.5	122	168	32	78	1482	0.175
SDA-3.0	122	168	32	78	1588	0.1825
\TheName{}-0.5	165	152	48	35	1571	0.1825
\TheName{}-1.0	137	169	31	63	1699	0.1775
\TheName{}-1.5	128	170	30	72	1672	0.18
\TheName{}-2.0	128	170	30	72	1543	0.19
\TheName{}-2.5	126	170	30	74	1634	0.1775
\TheName{}-3.0	126	170	30	74	1593	0.1725
SVM	165	151	49	35	1	0.005
LR	200	0	200	0	0	0.005
Ye-LDA	137	175	25	63	111	0.005
DTree-10	112	140	60	88	2	0.005
DTree-20	119	138	62	81	3	0.0025
RFC-50	101	169	31	99	14	0.0075
RFC-100	91	170	30	109	38	0.01
NLSVM-0.1	200	17	183	0	1	0.03
NLSVM-1.0	3	200	0	197	0	0.0225
NLSVM-10	200	9	191	0	1	0.02
LDA	149	136	64	51	279	0.225
SDA-0.5	133	172	28	67	1555	0.1725
SDA-1.0	132	170	30	68	1527	0.21
SDA-1.5	132	169	31	68	1578	0.17
SDA-2.0	132	169	31	68	1572	0.1725
SDA-2.5	132	169	31	68	1473	0.19
SDA-3.0	132	169	31	68	1506	0.1725
\TheName{}-0.5	151	165	35	49	1612	0.1775
\TheName{}-1.0	133	170	30	67	1587	0.1725
\TheName{}-1.5	132	169	31	68	1546	0.1725
\TheName{}-2.0	133	169	31	67	1531	0.1975
\TheName{}-2.5	133	170	30	67	1602	0.175
\TheName{}-3.0	133	170	30	67	1543	0.185
SVM	152	159	41	48	2	0.005
LR	0	200	0	200	0	0.005
Ye-LDA	123	178	22	77	132	0.0025
DTree-10	104	157	43	96	33	0.005
DTree-20	121	138	62	79	43	0.0025
RFC-50	84	188	12	116	12	0.0075
RFC-100	93	184	16	107	25	0.0175
NLSVM-0.1	200	15	185	0	1	0.025
NLSVM-1.0	182	51	149	18	1	0.02
NLSVM-10	0	200	0	200	1	0.02
LDA	136	152	48	64	274	0.305
SDA-0.5	160	180	20	40	1495	0.1725
SDA-1.0	159	177	23	41	1655	0.175
SDA-1.5	160	177	23	40	1603	0.175
SDA-2.0	160	177	23	40	1567	0.175
SDA-2.5	160	177	23	40	1572	0.1775
SDA-3.0	160	177	23	40	1496	0.195
\TheName{}-0.5	163	151	49	37	1765	0.1775
\TheName{}-1.0	167	177	23	33	1601	0.175
\TheName{}-1.5	165	179	21	35	1606	0.17
\TheName{}-2.0	160	178	22	40	1764	0.1725
\TheName{}-2.5	159	179	21	41	1589	0.17
\TheName{}-3.0	160	178	22	40	1754	0.18
SVM	147	171	29	53	1	0.005
LR	0	200	0	200	1	0.01
Ye-LDA	121	182	18	79	126	0.0175
DTree-10	84	170	30	116	2	0.0125
DTree-20	122	155	45	78	4	0.0125
RFC-50	77	184	16	123	5	0.0125
RFC-100	88	178	22	112	31	0.0175
NLSVM-0.1	0	199	1	200	1	0.05
NLSVM-1.0	166	90	110	34	0	0.0325
NLSVM-10	200	0	200	0	1	0.0275
LDA	128	150	50	72	296	0.345
SDA-0.5	95	190	10	105	1572	0.1875
SDA-1.0	95	190	10	105	1559	0.18
SDA-1.5	95	189	11	105	1636	0.18
SDA-2.0	95	189	11	105	1654	0.175
SDA-2.5	95	189	11	105	1677	0.1825
SDA-3.0	95	189	11	105	1653	0.18
\TheName{}-0.5	101	137	63	99	1702	0.175
\TheName{}-1.0	90	193	7	110	1696	0.1775
\TheName{}-1.5	90	191	9	110	1744	0.18
\TheName{}-2.0	92	190	10	108	1694	0.175
\TheName{}-2.5	96	190	10	104	1701	0.1775
\TheName{}-3.0	95	190	10	105	1773	0.175
SVM	119	161	39	81	2	0.005
LR	0	200	0	200	1	0.01
Ye-LDA	78	185	15	122	132	0.0275
DTree-10	55	181	19	145	4	0.0025
DTree-20	96	169	31	104	3	0.035
RFC-50	58	190	10	142	16	0.01
RFC-100	57	192	8	143	23	0.0175
NLSVM-0.1	0	200	0	200	1	0.03
NLSVM-1.0	158	77	123	42	1	0.025
NLSVM-10	112	179	21	88	1	0.025
LDA	151	138	62	49	283	0.24
SDA-0.5	152	174	26	48	1641	0.17
SDA-1.0	152	174	26	48	1661	0.1725
SDA-1.5	155	174	26	45	1692	0.175
SDA-2.0	156	172	28	44	1670	0.1725
SDA-2.5	157	172	28	43	1600	0.1875
SDA-3.0	157	172	28	43	1686	0.1775
\TheName{}-0.5	159	159	41	41	1789	0.185
\TheName{}-1.0	156	170	30	44	1736	0.1725
\TheName{}-1.5	155	173	27	45	1658	0.1925
\TheName{}-2.0	155	174	26	45	1820	0.1775
\TheName{}-2.5	155	174	26	45	1687	0.175
\TheName{}-3.0	155	174	26	45	1769	0.1775
SVM	149	144	56	51	1	0.005
LR	0	200	0	200	1	0.005
Ye-LDA	111	172	28	89	119	0.0125
DTree-10	78	163	37	122	23	0.005
DTree-20	114	118	82	86	5	0.0025
RFC-50	71	192	8	129	4	0.0075
RFC-100	75	191	9	125	37	0.025
NLSVM-0.1	0	200	0	200	1	0.0325
NLSVM-1.0	187	48	152	13	1	0.035
NLSVM-10	0	200	0	200	0	0.02
LDA	157	128	72	43	271	0.245
SDA-0.5	180	125	75	20	1680	0.175
SDA-1.0	180	125	75	20	1600	0.1725
SDA-1.5	179	125	75	21	1750	0.1725
SDA-2.0	178	126	74	22	1616	0.175
SDA-2.5	178	126	74	22	1626	0.1725
SDA-3.0	178	126	74	22	1504	0.1725
\TheName{}-0.5	170	159	41	30	1829	0.175
\TheName{}-1.0	180	146	54	20	1672	0.175
\TheName{}-1.5	179	138	62	21	1747	0.1775
\TheName{}-2.0	180	136	64	20	1798	0.17
\TheName{}-2.5	178	136	64	22	1777	0.175
\TheName{}-3.0	178	135	65	22	1695	0.17
SVM	162	133	67	38	1	0.005
LR	0	200	0	200	1	0.0025
Ye-LDA	128	165	35	72	114	0.005
DTree-10	171	114	86	29	2	0.005
DTree-20	145	135	65	55	13	0.0025
RFC-50	83	184	16	117	14	0.0125
RFC-100	72	187	13	128	26	0.0175
NLSVM-0.1	200	13	187	0	1	0.0275
NLSVM-1.0	37	177	23	163	1	0.02
NLSVM-10	196	55	145	4	1	0.0225
LDA	162	128	72	38	255	0.2775
SDA-0.5	138	160	40	62	1530	0.1725
SDA-1.0	135	158	42	65	1599	0.1825
SDA-1.5	133	158	42	67	1502	0.1725
SDA-2.0	133	158	42	67	1586	0.1725
SDA-2.5	135	158	42	65	1563	0.1725
SDA-3.0	135	158	42	65	1601	0.1775
\TheName{}-0.5	127	86	114	73	1664	0.175
\TheName{}-1.0	175	142	58	25	1671	0.18
\TheName{}-1.5	160	158	42	40	1624	0.1775
\TheName{}-2.0	152	158	42	48	1718	0.1775
\TheName{}-2.5	146	159	41	54	1624	0.1725
\TheName{}-3.0	145	159	41	55	1720	0.17
SVM	158	145	55	42	2	0.005
LR	0	200	0	200	0	0.005
Ye-LDA	129	171	29	71	115	0.005
DTree-10	97	156	44	103	13	0.005
DTree-20	126	134	66	74	14	0.005
RFC-50	74	182	18	126	14	0.0075
RFC-100	75	179	21	125	25	0.0175
NLSVM-0.1	200	25	175	0	1	0.0275
NLSVM-1.0	194	72	128	6	1	0.02
NLSVM-10	76	190	10	124	1	0.02
LDA	140	164	36	60	431	0.25
SDA-0.5	151	182	18	49	1549	0.1875
SDA-1.0	150	182	18	50	1740	0.18
SDA-1.5	150	183	17	50	1708	0.1775
SDA-2.0	150	183	17	50	1643	0.17
SDA-2.5	150	183	17	50	1696	0.18
SDA-3.0	150	183	17	50	1605	0.1725
\TheName{}-0.5	153	183	17	47	1855	0.2075
\TheName{}-1.0	150	182	18	50	1732	0.175
\TheName{}-1.5	152	181	19	48	1813	0.175
\TheName{}-2.0	149	182	18	51	1715	0.175
\TheName{}-2.5	150	182	18	50	1760	0.1775
\TheName{}-3.0	150	182	18	50	1677	0.17
SVM	151	169	31	49	1	0.005
LR	0	200	0	200	0	0.005
Ye-LDA	120	184	16	80	117	0.0025
DTree-10	81	177	23	119	3	0.0025
DTree-20	113	158	42	87	3	0.0175
RFC-50	82	179	21	118	11	0.0075
RFC-100	81	181	19	119	23	0.015
NLSVM-0.1	0	200	0	200	1	0.0275
NLSVM-1.0	77	136	64	123	1	0.02
NLSVM-10	200	0	200	0	1	0.02
LDA	143	157	43	57	269	0.235
SDA-0.5	134	194	6	66	1590	0.175
SDA-1.0	135	194	6	65	1551	0.1725
SDA-1.5	135	194	6	65	1567	0.18
SDA-2.0	135	194	6	65	1579	0.175
SDA-2.5	135	194	6	65	1473	0.1725
SDA-3.0	135	194	6	65	1627	0.265
\TheName{}-0.5	151	188	12	49	1636	0.175
\TheName{}-1.0	141	191	9	59	1669	0.175
\TheName{}-1.5	139	193	7	61	1744	0.175
\TheName{}-2.0	138	192	8	62	1659	0.175
\TheName{}-2.5	138	192	8	62	1641	0.1725
\TheName{}-3.0	137	192	8	63	1698	0.1725
SVM	152	171	29	48	1	0.005
LR	0	200	0	200	1	0.0075
Ye-LDA	134	194	6	66	130	0.0175
DTree-10	123	150	50	77	2	0.0025
DTree-20	99	179	21	101	4	0.0025
RFC-50	99	188	12	101	20	0.02
RFC-100	102	189	11	98	30	0.0275
NLSVM-0.1	191	44	156	9	1	0.0275
NLSVM-1.0	10	197	3	190	1	0.02
NLSVM-10	200	0	200	0	1	0.02
LDA	126	172	28	74	334	0.195
SDA-0.5	114	181	19	86	1661	0.1925
SDA-1.0	113	179	21	87	1617	0.1725
SDA-1.5	113	180	20	87	1582	0.1725
SDA-2.0	112	180	20	88	1585	0.18
SDA-2.5	112	180	20	88	1493	0.1775
SDA-3.0	112	180	20	88	1496	0.17
\TheName{}-0.5	156	153	47	44	1538	0.17
\TheName{}-1.0	126	182	18	74	1513	0.175
\TheName{}-1.5	123	181	19	77	1650	0.1775
\TheName{}-2.0	122	181	19	78	1592	0.175
\TheName{}-2.5	120	180	20	80	1685	0.17
\TheName{}-3.0	116	180	20	84	1630	0.175
SVM	136	172	28	64	1	0.005
LR	0	200	0	200	0	0.005
Ye-LDA	83	178	22	117	119	0.0025
DTree-10	108	155	45	92	12	0.005
DTree-20	117	151	49	83	3	0.0025
RFC-50	82	189	11	118	15	0.0075
RFC-100	73	187	13	127	26	0.0175
NLSVM-0.1	0	200	0	200	1	0.025
NLSVM-1.0	170	71	129	30	1	0.02
NLSVM-10	200	0	200	0	1	0.0225
LDA	172	151	49	28	278	0.3775
SDA-0.5	137	166	34	63	1675	0.175
SDA-1.0	136	165	35	64	1624	0.17
SDA-1.5	136	165	35	64	1582	0.1825
SDA-2.0	136	166	34	64	1585	0.2425
SDA-2.5	135	166	34	65	1548	0.1775
SDA-3.0	135	166	34	65	1536	0.175
\TheName{}-0.5	189	148	52	11	1622	0.1725
\TheName{}-1.0	148	164	36	52	1667	0.1725
\TheName{}-1.5	142	162	38	58	1579	0.1725
\TheName{}-2.0	139	164	36	61	1692	0.17
\TheName{}-2.5	139	164	36	61	1588	0.175
\TheName{}-3.0	139	164	36	61	1619	0.1725
SVM	150	156	44	50	2	0.005
LR	200	0	200	0	0	0.005
Ye-LDA	171	127	73	29	112	0.0025
DTree-10	83	162	38	117	2	0.005
DTree-20	103	159	41	97	3	0.0025
RFC-50	79	184	16	121	13	0.0075
RFC-100	77	188	12	123	27	0.0125
NLSVM-0.1	37	194	6	163	1	0.0275
NLSVM-1.0	128	126	74	72	1	0.02
NLSVM-10	200	1	199	0	1	0.02
LDA	137	129	71	63	282	0.3
SDA-0.5	113	185	15	87	1632	0.175
SDA-1.0	110	184	16	90	1581	0.17
SDA-1.5	108	184	16	92	1643	0.175
SDA-2.0	108	184	16	92	1532	0.175
SDA-2.5	108	184	16	92	1606	0.1725
SDA-3.0	108	184	16	92	1551	0.175
\TheName{}-0.5	115	115	85	85	1702	0.1825
\TheName{}-1.0	125	178	22	75	1611	0.175
\TheName{}-1.5	120	183	17	80	1608	0.1725
\TheName{}-2.0	118	182	18	82	1690	0.1775
\TheName{}-2.5	115	183	17	85	1761	0.175
\TheName{}-3.0	110	183	17	90	1627	0.175
SVM	126	160	40	74	1	0.005
LR	0	200	0	200	1	0.0025
Ye-LDA	92	182	18	108	119	0.005
DTree-10	94	173	27	106	2	0.005
DTree-20	101	167	33	99	2	0.005
RFC-50	75	182	18	125	12	0.0075
RFC-100	79	182	18	121	24	0.0225
NLSVM-0.1	2	200	0	198	1	0.0275
NLSVM-1.0	3	198	2	197	1	0.02
NLSVM-10	200	0	200	0	1	0.02
LDA	174	149	51	26	279	0.2625
SDA-0.5	153	159	41	47	1616	0.1775
SDA-1.0	152	159	41	48	1588	0.175
SDA-1.5	152	158	42	48	1652	0.175
SDA-2.0	152	158	42	48	1568	0.1875
SDA-2.5	152	158	42	48	1598	0.1725
SDA-3.0	152	158	42	48	1630	0.215
\TheName{}-0.5	161	147	53	39	1729	0.175
\TheName{}-1.0	169	162	38	31	1617	0.175
\TheName{}-1.5	156	161	39	44	1755	0.175
\TheName{}-2.0	156	159	41	44	1710	0.175
\TheName{}-2.5	156	158	42	44	1639	0.18
\TheName{}-3.0	155	158	42	45	1819	0.1725
SVM	175	147	53	25	2	0.005
LR	0	200	0	200	0	0.005
Ye-LDA	146	163	37	54	114	0.005
DTree-10	88	164	36	112	2	0.0025
DTree-20	110	151	49	90	4	0.0025
RFC-50	103	168	32	97	4	0.0075
RFC-100	100	161	39	100	23	0.0175
NLSVM-0.1	200	20	180	0	1	0.0275
NLSVM-1.0	199	48	152	1	0	0.0225
NLSVM-10	2	200	0	198	1	0.02
LDA	130	153	47	70	444	0.265
SDA-0.5	137	182	18	63	1518	0.1725
SDA-1.0	137	181	19	63	1566	0.1775
SDA-1.5	136	181	19	64	1552	0.175
SDA-2.0	137	180	20	63	1517	0.1725
SDA-2.5	137	180	20	63	1757	0.18
SDA-3.0	137	180	20	63	1609	0.1725
\TheName{}-0.5	127	71	129	73	1644	0.1725
\TheName{}-1.0	178	139	61	22	1796	0.1825
\TheName{}-1.5	170	174	26	30	1614	0.18
\TheName{}-2.0	156	177	23	44	1833	0.18
\TheName{}-2.5	151	180	20	49	1747	0.175
\TheName{}-3.0	145	179	21	55	1758	0.2075
SVM	154	158	42	46	2	0.005
LR	200	0	200	0	0	0.005
Ye-LDA	164	116	84	36	121	0.0425
DTree-10	63	188	12	137	15	0.015
DTree-20	107	167	33	93	5	0.0075
RFC-50	73	191	9	127	12	0.0125
RFC-100	53	196	4	147	26	0.0225
NLSVM-0.1	0	200	0	200	1	0.0275
NLSVM-1.0	172	70	130	28	1	0.02
NLSVM-10	200	7	193	0	0	0.0225
LDA	168	136	64	32	278	0.3025
SDA-0.5	140	165	35	60	1578	0.1775
SDA-1.0	139	166	34	61	1550	0.1725
SDA-1.5	139	166	34	61	1633	0.17
SDA-2.0	139	166	34	61	1533	0.18
SDA-2.5	139	166	34	61	1579	0.175
SDA-3.0	139	166	34	61	1509	0.17
\TheName{}-0.5	172	144	56	28	1827	0.175
\TheName{}-1.0	145	168	32	55	1658	0.1725
\TheName{}-1.5	141	166	34	59	1644	0.175
\TheName{}-2.0	139	169	31	61	1710	0.18
\TheName{}-2.5	139	167	33	61	1634	0.1725
\TheName{}-3.0	139	167	33	61	1596	0.1775
SVM	155	145	55	45	1	0.0075
LR	0	200	0	200	0	0.005
Ye-LDA	124	162	38	76	113	0.0025
DTree-10	106	150	50	94	8	0.005
DTree-20	115	149	51	85	2	0.005
RFC-50	111	164	36	89	12	0.01
RFC-100	98	166	34	102	28	0.015
NLSVM-0.1	0	200	0	200	1	0.0325
NLSVM-1.0	189	51	149	11	0	0.1125
NLSVM-10	200	0	200	0	1	0.02
LDA	173	131	69	27	275	0.235
SDA-0.5	140	167	33	60	1738	0.175
SDA-1.0	137	167	33	63	1558	0.1725
SDA-1.5	136	166	34	64	1518	0.17
SDA-2.0	136	166	34	64	1622	0.1725
SDA-2.5	136	166	34	64	1502	0.1725
SDA-3.0	136	166	34	64	1521	0.1725
\TheName{}-0.5	183	140	60	17	1676	0.175
\TheName{}-1.0	154	172	28	46	1632	0.175
\TheName{}-1.5	147	170	30	53	1575	0.1775
\TheName{}-2.0	146	169	31	54	1602	0.175
\TheName{}-2.5	144	166	34	56	1605	0.1725
\TheName{}-3.0	143	165	35	57	1607	0.1825
SVM	175	137	63	25	1	0.005
LR	200	0	200	0	0	0.005
Ye-LDA	166	169	31	34	108	0.0025
DTree-10	89	155	45	111	3	0.0025
DTree-20	108	151	49	92	10	0.0025
RFC-50	72	182	18	128	11	0.0075
RFC-100	81	182	18	119	28	0.0125
NLSVM-0.1	120	104	96	80	1	0.0275
NLSVM-1.0	200	20	180	0	1	0.0225
NLSVM-10	200	0	200	0	0	0.02
LDA	136	149	51	64	331	0.2
SDA-0.5	125	178	22	75	1585	0.175
SDA-1.0	123	178	22	77	1608	0.17
SDA-1.5	122	178	22	78	1567	0.17
SDA-2.0	121	178	22	79	1671	0.1775
SDA-2.5	121	178	22	79	1615	0.1725
SDA-3.0	121	178	22	79	1543	0.175
\TheName{}-0.5	101	40	160	99	1776	0.175
\TheName{}-1.0	168	130	70	32	1610	0.1725
\TheName{}-1.5	151	182	18	49	1775	0.175
\TheName{}-2.0	137	183	17	63	1821	0.1825
\TheName{}-2.5	134	182	18	66	1688	0.18
\TheName{}-3.0	130	182	18	70	1651	0.1925
SVM	168	147	53	32	1	0.015
LR	0	200	0	200	1	0.02
Ye-LDA	109	186	14	91	158	0.015
DTree-10	110	157	43	90	3	0.015
DTree-20	113	156	44	87	2	0.0125
RFC-50	95	180	20	105	12	0.0075
RFC-100	95	181	19	105	35	0.02
NLSVM-0.1	198	15	185	2	1	0.0325
NLSVM-1.0	193	43	157	7	0	0.035
NLSVM-10	1	200	0	199	0	0.04
LDA	160	133	67	40	289	0.215
SDA-0.5	115	184	16	85	1681	0.18
SDA-1.0	113	183	17	87	1533	0.1725
SDA-1.5	112	183	17	88	1566	0.1725
SDA-2.0	112	183	17	88	1680	0.19
SDA-2.5	112	183	17	88	1552	0.205
SDA-3.0	112	183	17	88	1531	0.1725
\TheName{}-0.5	144	79	121	56	1623	0.1725
\TheName{}-1.0	158	177	23	42	1666	0.1725
\TheName{}-1.5	134	181	19	66	1699	0.175
\TheName{}-2.0	128	182	18	72	1697	0.17
\TheName{}-2.5	124	182	18	76	1720	0.1725
\TheName{}-3.0	123	181	19	77	1648	0.1725
SVM	173	135	65	27	1	0.035
LR	0	200	0	200	0	0.005
Ye-LDA	93	182	18	107	111	0.005
DTree-10	85	163	37	115	2	0.0
DTree-20	108	146	54	92	4	0.005
RFC-50	59	191	9	141	12	0.0075
RFC-100	57	190	10	143	25	0.015
NLSVM-0.1	0	199	1	200	1	0.0325
NLSVM-1.0	20	188	12	180	1	0.0375
NLSVM-10	0	200	0	200	1	0.0225
LDA	168	112	88	32	321	0.22
SDA-0.5	117	178	22	83	1613	0.175
SDA-1.0	113	176	24	87	1569	0.175
SDA-1.5	112	176	24	88	1656	0.175
SDA-2.0	112	176	24	88	1559	0.1725
SDA-2.5	112	176	24	88	1554	0.1725
SDA-3.0	110	176	24	90	1679	0.18
\TheName{}-0.5	174	110	90	26	1669	0.175
\TheName{}-1.0	150	176	24	50	1694	0.175
\TheName{}-1.5	135	181	19	65	1702	0.2025
\TheName{}-2.0	130	181	19	70	1664	0.1725
\TheName{}-2.5	124	180	20	76	1666	0.17
\TheName{}-3.0	122	180	20	78	1684	0.1875
SVM	179	134	66	21	2	0.0025
LR	0	200	0	200	1	0.0025
Ye-LDA	122	180	20	78	120	0.015
DTree-10	68	176	24	132	20	0.0175
DTree-20	79	166	34	121	18	0.0075
RFC-50	54	186	14	146	5	0.025
RFC-100	61	190	10	139	33	0.0225
NLSVM-0.1	0	200	0	200	1	0.0275
NLSVM-1.0	57	148	52	143	1	0.02
NLSVM-10	0	200	0	200	1	0.0225
LDA	134	137	63	66	319	0.2375
SDA-0.5	144	173	27	56	1656	0.2475
SDA-1.0	144	170	30	56	1560	0.1775
SDA-1.5	144	170	30	56	1496	0.17
SDA-2.0	143	170	30	57	1606	0.1775
SDA-2.5	143	170	30	57	1666	0.1825
SDA-3.0	143	170	30	57	1636	0.175
\TheName{}-0.5	187	136	64	13	1640	0.175
\TheName{}-1.0	159	163	37	41	1732	0.18
\TheName{}-1.5	150	171	29	50	1694	0.2825
\TheName{}-2.0	148	173	27	52	1618	0.195
\TheName{}-2.5	147	172	28	53	1683	0.215
\TheName{}-3.0	145	171	29	55	1721	0.2075
SVM	166	147	53	34	1	0.0175
LR	0	200	0	200	4	0.015
Ye-LDA	152	166	34	48	114	0.015
DTree-10	99	154	46	101	14	0.0125
DTree-20	121	145	55	79	3	0.015
RFC-50	86	176	24	114	6	0.0125
RFC-100	91	173	27	109	23	0.0175
NLSVM-0.1	2	200	0	198	1	0.0275
NLSVM-1.0	4	199	1	196	0	0.0225
NLSVM-10	200	0	200	0	1	0.02
LDA	99	145	55	101	290	0.25
SDA-0.5	107	177	23	93	1561	0.175
SDA-1.0	108	177	23	92	1617	0.1725
SDA-1.5	107	176	24	93	1559	0.1725
SDA-2.0	107	175	25	93	1715	0.19
SDA-2.5	107	175	25	93	1606	0.18
SDA-3.0	106	174	26	94	1584	0.1775
\TheName{}-0.5	112	73	127	88	1821	0.175
\TheName{}-1.0	139	176	24	61	1739	0.185
\TheName{}-1.5	118	180	20	82	1697	0.2525
\TheName{}-2.0	113	177	23	87	1823	0.195
\TheName{}-2.5	113	176	24	87	1689	0.2225
\TheName{}-3.0	111	176	24	89	1624	0.18
SVM	118	153	47	82	2	0.005
LR	0	200	0	200	1	0.0125
Ye-LDA	98	172	28	102	119	0.0025
DTree-10	105	152	48	95	12	0.0025
DTree-20	107	151	49	93	3	0.0
RFC-50	76	183	17	124	5	0.0075
RFC-100	77	184	16	123	28	0.015
NLSVM-0.1	200	14	186	0	1	0.0375
NLSVM-1.0	156	97	103	44	1	0.055
NLSVM-10	53	192	8	147	1	0.0225
LDA	150	104	96	50	279	0.26
SDA-0.5	175	161	39	25	1605	0.175
SDA-1.0	174	161	39	26	1441	0.175
SDA-1.5	174	160	40	26	1562	0.1725
SDA-2.0	174	160	40	26	1596	0.18
SDA-2.5	174	160	40	26	1477	0.1725
SDA-3.0	174	160	40	26	1520	0.1725
\TheName{}-0.5	180	148	52	20	1626	0.18
\TheName{}-1.0	180	153	47	20	1593	0.175
\TheName{}-1.5	179	161	39	21	1643	0.175
\TheName{}-2.0	179	161	39	21	1796	0.1875
\TheName{}-2.5	179	161	39	21	1531	0.175
\TheName{}-3.0	174	161	39	26	1618	0.175
SVM	165	151	49	35	1	0.005
LR	0	200	0	200	0	0.005
Ye-LDA	160	165	35	40	117	0.015
DTree-10	109	155	45	91	6	0.0025
DTree-20	133	145	55	67	13	0.0025
RFC-50	78	176	24	122	14	0.01
RFC-100	82	176	24	118	24	0.0175
NLSVM-0.1	0	200	0	200	1	0.0275
NLSVM-1.0	7	200	0	193	0	0.0225
NLSVM-10	200	0	200	0	0	0.02
LDA	147	153	47	53	289	0.255
SDA-0.5	168	175	25	32	1598	0.1725
SDA-1.0	168	175	25	32	1691	0.175
SDA-1.5	168	176	24	32	1571	0.19
SDA-2.0	164	176	24	36	1577	0.1725
SDA-2.5	162	176	24	38	1606	0.175
SDA-3.0	161	176	24	39	1578	0.18
\TheName{}-0.5	166	180	20	34	1612	0.1775
\TheName{}-1.0	165	176	24	35	1654	0.1775
\TheName{}-1.5	164	176	24	36	1663	0.175
\TheName{}-2.0	164	175	25	36	1574	0.1825
\TheName{}-2.5	164	175	25	36	1654	0.175
\TheName{}-3.0	164	175	25	36	1599	0.175
SVM	154	167	33	46	1	0.005
LR	200	0	200	0	0	0.005
Ye-LDA	173	132	68	27	127	0.0025
DTree-10	181	81	119	19	13	0.005
DTree-20	162	128	72	38	3	0.005
RFC-50	103	181	19	97	18	0.0075
RFC-100	94	187	13	106	31	0.02
NLSVM-0.1	1	200	0	199	1	0.0275
NLSVM-1.0	198	43	157	2	1	0.0225
NLSVM-10	200	0	200	0	0	0.0225
LDA	133	154	46	67	285	0.295
SDA-0.5	115	182	18	85	1609	0.175
SDA-1.0	114	181	19	86	1695	0.175
SDA-1.5	112	181	19	88	1577	0.1725
SDA-2.0	112	181	19	88	1615	0.19
SDA-2.5	112	181	19	88	1687	0.185
SDA-3.0	112	181	19	88	1666	0.17
\TheName{}-0.5	152	87	113	48	1698	0.175
\TheName{}-1.0	152	175	25	48	1700	0.1775
\TheName{}-1.5	135	178	22	65	1593	0.1725
\TheName{}-2.0	126	179	21	74	1689	0.1725
\TheName{}-2.5	120	181	19	80	1552	0.1725
\TheName{}-3.0	119	181	19	81	1585	0.17
SVM	150	154	46	50	1	0.005
LR	0	200	0	200	0	0.005
Ye-LDA	122	169	31	78	117	0.0025
DTree-10	86	184	16	114	2	0.005
DTree-20	108	157	43	92	16	0.0025
RFC-50	93	187	13	107	19	0.0075
RFC-100	81	186	14	119	28	0.02
NLSVM-0.1	199	11	189	1	1	0.0525
NLSVM-1.0	3	200	0	197	1	0.02
NLSVM-10	200	0	200	0	1	0.02
LDA	113	176	24	87	317	0.2375
SDA-0.5	131	180	20	69	1608	0.2975
SDA-1.0	130	181	19	70	1595	0.175
SDA-1.5	130	181	19	70	1601	0.18
SDA-2.0	130	181	19	70	1623	0.1825
SDA-2.5	130	181	19	70	1519	0.175
SDA-3.0	130	181	19	70	1574	0.17
\TheName{}-0.5	125	97	103	75	1662	0.1825
\TheName{}-1.0	155	171	29	45	1657	0.17
\TheName{}-1.5	153	182	18	47	1639	0.17
\TheName{}-2.0	145	183	17	55	1740	0.175
\TheName{}-2.5	137	184	16	63	1616	0.175
\TheName{}-3.0	137	183	17	63	1666	0.18
SVM	140	172	28	60	2	0.005
LR	200	0	200	0	0	0.005
Ye-LDA	164	149	51	36	119	0.0125
DTree-10	82	160	40	118	12	0.005
DTree-20	114	151	49	86	3	0.005
RFC-50	79	185	15	121	130	0.0075
RFC-100	78	186	14	122	30	0.0175
NLSVM-0.1	200	8	192	0	1	0.03
NLSVM-1.0	3	200	0	197	0	0.0225
NLSVM-10	200	0	200	0	1	0.02
LDA	146	152	48	54	304	0.4375
SDA-0.5	99	186	14	101	1810	0.1725
SDA-1.0	97	186	14	103	1726	0.1725
SDA-1.5	98	185	15	102	1638	0.1725
SDA-2.0	98	185	15	102	1595	0.1725
SDA-2.5	98	184	16	102	1629	0.175
SDA-3.0	98	184	16	102	1513	0.1725
\TheName{}-0.5	125	25	175	75	1764	0.18
\TheName{}-1.0	143	77	123	57	1597	0.175
\TheName{}-1.5	159	179	21	41	1652	0.175
\TheName{}-2.0	126	188	12	74	1712	0.18
\TheName{}-2.5	112	188	12	88	1724	0.1725
\TheName{}-3.0	108	187	13	92	1724	0.1725
SVM	153	164	36	47	1	0.005
LR	0	200	0	200	0	0.005
Ye-LDA	98	182	18	102	117	0.0075
DTree-10	101	171	29	99	3	0.0025
DTree-20	117	161	39	83	4	0.0025
RFC-50	83	183	17	117	17	0.005
RFC-100	82	183	17	118	33	0.01
NLSVM-0.1	200	15	185	0	1	0.0675
NLSVM-1.0	197	42	158	3	1	0.035
NLSVM-10	0	200	0	200	1	0.055
LDA	147	150	50	53	276	0.255
SDA-0.5	109	183	17	91	1551	0.17
SDA-1.0	107	181	19	93	1639	0.195
SDA-1.5	106	181	19	94	1561	0.17
SDA-2.0	106	181	19	94	1586	0.17
SDA-2.5	106	181	19	94	1581	0.17
SDA-3.0	106	181	19	94	1532	0.1625
\TheName{}-0.5	136	69	131	64	1709	0.1725
\TheName{}-1.0	156	175	25	44	1664	0.17
\TheName{}-1.5	132	183	17	68	1745	0.175
\TheName{}-2.0	125	182	18	75	1702	0.1725
\TheName{}-2.5	119	182	18	81	1664	0.1825
\TheName{}-3.0	115	184	16	85	1652	0.175
SVM	161	155	45	39	2	0.005
LR	0	200	0	200	0	0.005
Ye-LDA	111	178	22	89	116	0.005
DTree-10	88	183	17	112	14	0.0025
DTree-20	105	173	27	95	3	0.005
RFC-50	82	188	12	118	19	0.01
RFC-100	86	189	11	114	34	0.02
NLSVM-0.1	1	200	0	199	1	0.0275
NLSVM-1.0	179	73	127	21	1	0.025
NLSVM-10	0	200	0	200	1	0.02
LDA	175	121	79	25	289	0.335
SDA-0.5	149	168	32	51	1578	0.165
SDA-1.0	149	168	32	51	1514	0.175
SDA-1.5	148	168	32	52	1592	0.19
SDA-2.0	148	168	32	52	1552	0.185
SDA-2.5	148	168	32	52	1509	0.18
SDA-3.0	148	168	32	52	1560	0.1725
\TheName{}-0.5	191	133	67	9	1670	0.1875
\TheName{}-1.0	173	161	39	27	1820	0.1725
\TheName{}-1.5	159	164	36	41	1628	0.1725
\TheName{}-2.0	154	165	35	46	1673	0.19
\TheName{}-2.5	151	167	33	49	1623	0.1675
\TheName{}-3.0	151	167	33	49	1627	0.165
SVM	176	129	71	24	1	0.005
LR	0	200	0	200	0	0.0075
Ye-LDA	141	173	27	59	113	0.005
DTree-10	100	153	47	100	2	0.005
DTree-20	126	150	50	74	23	0.005
RFC-50	86	191	9	114	7	0.0075
RFC-100	89	190	10	111	29	0.0175
NLSVM-0.1	2	200	0	198	1	0.0275
NLSVM-1.0	29	168	32	171	0	0.0225
NLSVM-10	58	195	5	142	1	0.02
LDA	156	146	54	44	310	0.2925
SDA-0.5	120	184	16	80	1605	0.1725
SDA-1.0	120	184	16	80	1478	0.1675
SDA-1.5	120	184	16	80	1589	0.18
SDA-2.0	120	186	14	80	1567	0.18
SDA-2.5	120	186	14	80	1523	0.1725
SDA-3.0	120	186	14	80	1585	0.1725
\TheName{}-0.5	149	109	91	51	1660	0.175
\TheName{}-1.0	142	180	20	58	1720	0.1725
\TheName{}-1.5	130	179	21	70	1626	0.1775
\TheName{}-2.0	121	182	18	79	1784	0.17
\TheName{}-2.5	121	182	18	79	1588	0.175
\TheName{}-3.0	121	183	17	79	1690	0.18
SVM	165	159	41	35	1	0.0175
LR	0	200	0	200	4	0.04
Ye-LDA	108	183	17	92	124	0.0175
DTree-10	103	177	23	97	7	0.015
DTree-20	121	162	38	79	5	0.0175
RFC-50	89	185	15	111	7	0.0075
RFC-100	83	188	12	117	23	0.01
NLSVM-0.1	200	20	180	0	1	0.0275
NLSVM-1.0	6	198	2	194	0	0.0225
NLSVM-10	5	200	0	195	0	0.02
LDA	151	123	77	49	249	0.2525
SDA-0.5	96	159	41	104	1568	0.175
SDA-1.0	95	158	42	105	1596	0.17
SDA-1.5	95	156	44	105	1556	0.175
SDA-2.0	96	157	43	104	1661	0.17
SDA-2.5	96	157	43	104	1522	0.18
SDA-3.0	95	157	43	105	1579	0.19
\TheName{}-0.5	152	100	100	48	1585	0.165
\TheName{}-1.0	125	160	40	75	1777	0.1625
\TheName{}-1.5	109	160	40	91	1713	0.17
\TheName{}-2.0	106	158	42	94	1706	0.1975
\TheName{}-2.5	103	158	42	97	1612	0.17
\TheName{}-3.0	101	158	42	99	1619	0.185
SVM	165	125	75	35	2	0.0175
LR	0	200	0	200	0	0.0175
Ye-LDA	100	167	33	100	113	0.0
DTree-10	99	151	49	101	3	0.0025
DTree-20	121	125	75	79	3	0.0025
RFC-50	81	179	21	119	8	0.0075
RFC-100	77	178	22	123	14	0.015
NLSVM-0.1	2	200	0	198	1	0.0275
NLSVM-1.0	65	159	41	135	1	0.02
NLSVM-10	200	0	200	0	0	0.035
LDA	97	177	23	103	540	0.2775
SDA-0.5	114	173	27	86	1650	0.1625
SDA-1.0	112	172	28	88	1756	0.175
SDA-1.5	111	172	28	89	1723	0.1775
SDA-2.0	111	172	28	89	1543	0.185
SDA-2.5	110	172	28	90	1642	0.1675
SDA-3.0	110	172	28	90	1557	0.17
\TheName{}-0.5	166	82	118	34	1669	0.17
\TheName{}-1.0	128	169	31	72	1717	0.1725
\TheName{}-1.5	118	174	26	82	1689	0.1725
\TheName{}-2.0	116	174	26	84	1589	0.175
\TheName{}-2.5	114	175	25	86	1663	0.1775
\TheName{}-3.0	113	173	27	87	1600	0.1725
SVM	122	172	28	78	1	0.005
LR	0	200	0	200	0	0.005
Ye-LDA	118	164	36	82	114	0.0025
DTree-10	95	155	45	105	2	0.0025
DTree-20	95	155	45	105	2	0.005
RFC-50	93	167	33	107	13	0.0075
RFC-100	94	164	36	106	11	0.0125
NLSVM-0.1	0	200	0	200	1	0.0275
NLSVM-1.0	133	115	85	67	1	0.0225
NLSVM-10	155	127	73	45	0	0.02
LDA	156	162	38	44	302	0.3425
SDA-0.5	134	182	18	66	1571	0.185
SDA-1.0	134	183	17	66	1684	0.165
SDA-1.5	135	183	17	65	1554	0.165
SDA-2.0	135	183	17	65	1608	0.17
SDA-2.5	135	183	17	65	1614	0.1725
SDA-3.0	135	183	17	65	1541	0.165
\TheName{}-0.5	158	182	18	42	1599	0.1725
\TheName{}-1.0	143	184	16	57	1696	0.1725
\TheName{}-1.5	138	184	16	62	1656	0.1725
\TheName{}-2.0	138	181	19	62	1649	0.16
\TheName{}-2.5	136	182	18	64	1725	0.1625
\TheName{}-3.0	136	181	19	64	1662	0.1775
SVM	162	171	29	38	1	0.005
LR	0	200	0	200	1	0.0025
Ye-LDA	127	183	17	73	117	0.0025
DTree-10	103	156	44	97	2	0.005
DTree-20	117	152	48	83	2	0.01
RFC-50	92	183	17	108	6	0.0075
RFC-100	92	185	15	108	26	0.0225
NLSVM-0.1	65	164	36	135	1	0.0275
NLSVM-1.0	194	42	158	6	1	0.02
NLSVM-10	199	81	119	1	1	0.02
LDA	131	153	47	69	280	0.255
SDA-0.5	153	160	40	47	1627	0.1675
SDA-1.0	150	160	40	50	1702	0.1725
SDA-1.5	150	160	40	50	1632	0.18
SDA-2.0	150	160	40	50	1695	0.175
SDA-2.5	150	160	40	50	1665	0.1725
SDA-3.0	150	159	41	50	1546	0.165
\TheName{}-0.5	165	100	100	35	1781	0.1725
\TheName{}-1.0	183	145	55	17	1705	0.1725
\TheName{}-1.5	173	154	46	27	1759	0.1725
\TheName{}-2.0	169	157	43	31	1727	0.24
\TheName{}-2.5	164	158	42	36	1823	0.175
\TheName{}-3.0	160	158	42	40	1739	0.1725
SVM	142	151	49	58	1	0.0075
LR	0	200	0	200	0	0.0025
Ye-LDA	165	165	35	35	110	0.005
DTree-10	107	165	35	93	2	0.005
DTree-20	111	163	37	89	3	0.0025
RFC-50	87	183	17	113	7	0.0075
RFC-100	88	183	17	112	28	0.0175
NLSVM-0.1	200	16	184	0	1	0.035
NLSVM-1.0	184	58	142	16	1	0.02
NLSVM-10	23	200	0	177	1	0.0275
LDA	152	168	32	48	388	0.315
SDA-0.5	115	174	26	85	1609	0.1775
SDA-1.0	114	174	26	86	1677	0.175
SDA-1.5	114	174	26	86	1649	0.165
SDA-2.0	114	174	26	86	1584	0.1725
SDA-2.5	114	174	26	86	1646	0.175
SDA-3.0	114	174	26	86	1669	0.17
\TheName{}-0.5	121	88	112	79	1630	0.1625
\TheName{}-1.0	145	171	29	55	1619	0.1725
\TheName{}-1.5	137	173	27	63	1744	0.2075
\TheName{}-2.0	132	173	27	68	1724	0.175
\TheName{}-2.5	128	174	26	72	1731	0.185
\TheName{}-3.0	124	174	26	76	1714	0.165
SVM	150	165	35	50	1	0.005
LR	0	200	0	200	1	0.01
Ye-LDA	130	171	29	70	114	0.005
DTree-10	115	160	40	85	2	0.005
DTree-20	115	160	40	85	8	0.0025
RFC-50	98	179	21	102	6	0.0075
RFC-100	99	178	22	101	26	0.015
NLSVM-0.1	200	12	188	0	1	0.0275
NLSVM-1.0	157	98	102	43	0	0.0225
NLSVM-10	23	199	1	177	0	0.0225
LDA	170	144	56	30	286	0.2175
SDA-0.5	181	156	44	19	1781	0.175
SDA-1.0	180	156	44	20	1672	0.1625
SDA-1.5	180	155	45	20	1657	0.1725
SDA-2.0	180	154	46	20	1600	0.175
SDA-2.5	180	154	46	20	1562	0.1625
SDA-3.0	180	154	46	20	1568	0.17
\TheName{}-0.5	179	164	36	21	1742	0.2025
\TheName{}-1.0	181	157	43	19	1639	0.1825
\TheName{}-1.5	180	155	45	20	1772	0.175
\TheName{}-2.0	180	155	45	20	1691	0.165
\TheName{}-2.5	180	155	45	20	1694	0.1625
\TheName{}-3.0	180	155	45	20	1792	0.1725
SVM	185	140	60	15	2	0.005
LR	0	200	0	200	0	0.005
Ye-LDA	150	152	48	50	110	0.0075
DTree-10	111	153	47	89	2	0.005
DTree-20	117	148	52	83	2	0.005
RFC-50	101	173	27	99	14	0.005
RFC-100	90	176	24	110	12	0.015
NLSVM-0.1	200	12	188	0	1	0.035
NLSVM-1.0	21	192	8	179	1	0.0225
NLSVM-10	200	0	200	0	1	0.025
LDA	131	138	62	69	237	0.4
SDA-0.5	113	185	15	87	1642	0.1725
SDA-1.0	114	184	16	86	1657	0.175
SDA-1.5	114	184	16	86	1523	0.16
SDA-2.0	113	185	15	87	1579	0.17
SDA-2.5	112	186	14	88	1607	0.1675
SDA-3.0	112	186	14	88	1663	0.165
\TheName{}-0.5	134	93	107	66	1739	0.19
\TheName{}-1.0	151	176	24	49	1561	0.1625
\TheName{}-1.5	126	181	19	74	1680	0.1775
\TheName{}-2.0	123	181	19	77	1461	0.175
\TheName{}-2.5	120	181	19	80	1577	0.1625
\TheName{}-3.0	117	182	18	83	1623	0.1725
SVM	166	148	52	34	1	0.005
LR	0	200	0	200	0	0.005
Ye-LDA	100	176	24	100	113	0.005
DTree-10	106	163	37	94	2	0.005
DTree-20	125	153	47	75	3	0.005
RFC-50	63	191	9	137	14	0.0075
RFC-100	67	190	10	133	29	0.0225
NLSVM-0.1	1	200	0	199	1	0.0275
NLSVM-1.0	200	25	175	0	1	0.0225
NLSVM-10	200	0	200	0	0	0.0225
LDA	143	160	40	57	277	0.31
SDA-0.5	189	129	71	11	1671	0.17
SDA-1.0	186	134	66	14	1663	0.1725
SDA-1.5	185	134	66	15	1566	0.18
SDA-2.0	185	134	66	15	1634	0.1625
SDA-2.5	185	134	66	15	1575	0.185
SDA-3.0	185	134	66	15	1617	0.175
\TheName{}-0.5	114	165	35	86	1752	0.1675
\TheName{}-1.0	171	158	42	29	1763	0.2025
\TheName{}-1.5	176	143	57	24	1671	0.1725
\TheName{}-2.0	178	139	61	22	1699	0.175
\TheName{}-2.5	182	139	61	18	1741	0.175
\TheName{}-3.0	182	138	62	18	1747	0.16
SVM	155	159	41	45	1	0.0075
LR	0	200	0	200	0	0.0025
Ye-LDA	168	155	45	32	112	0.005
DTree-10	98	165	35	102	2	0.0025
DTree-20	116	151	49	84	3	0.005
RFC-50	87	181	19	113	6	0.0075
RFC-100	99	175	25	101	26	0.015
NLSVM-0.1	200	21	179	0	1	0.0275
NLSVM-1.0	186	56	144	14	1	0.02
NLSVM-10	171	152	48	29	1	0.02
LDA	157	129	71	43	361	0.2425
SDA-0.5	143	165	35	57	1504	0.1775
SDA-1.0	141	164	36	59	1557	0.165
SDA-1.5	140	164	36	60	1607	0.1775
SDA-2.0	140	164	36	60	1510	0.165
SDA-2.5	140	164	36	60	1495	0.17
SDA-3.0	140	164	36	60	1561	0.2025
\TheName{}-0.5	183	130	70	17	1599	0.165
\TheName{}-1.0	177	158	42	23	1541	0.1875
\TheName{}-1.5	159	165	35	41	1603	0.1725
\TheName{}-2.0	152	164	36	48	1617	0.165
\TheName{}-2.5	152	164	36	48	1678	0.175
\TheName{}-3.0	145	164	36	55	1610	0.1725
SVM	170	132	68	30	2	0.005
LR	0	200	0	200	0	0.005
Ye-LDA	122	160	40	78	110	0.0025
DTree-10	93	166	34	107	3	0.0025
DTree-20	112	149	51	88	4	0.005
RFC-50	70	183	17	130	14	0.0075
RFC-100	75	180	20	125	28	0.0175
NLSVM-0.1	199	9	191	1	0	0.0275
NLSVM-1.0	31	178	22	169	1	0.0225
NLSVM-10	76	192	8	124	0	0.0225
LDA	168	148	52	32	448	0.2925
SDA-0.5	126	187	13	74	1566	0.1725
SDA-1.0	126	187	13	74	1523	0.225
SDA-1.5	125	187	13	75	1769	0.2125
SDA-2.0	125	187	13	75	1535	0.1625
SDA-2.5	125	187	13	75	1562	0.16
SDA-3.0	125	187	13	75	1672	0.1725
\TheName{}-0.5	175	156	44	25	1720	0.1625
\TheName{}-1.0	145	182	18	55	1601	0.1725
\TheName{}-1.5	138	185	15	62	1632	0.175
\TheName{}-2.0	137	185	15	63	1587	0.165
\TheName{}-2.5	134	186	14	66	1705	0.185
\TheName{}-3.0	134	187	13	66	1681	0.1725
SVM	174	153	47	26	2	0.005
LR	0	200	0	200	0	0.005
Ye-LDA	113	181	19	87	115	0.005
DTree-10	102	164	36	98	2	0.005
DTree-20	123	155	45	77	3	0.005
RFC-50	77	193	7	123	7	0.0075
RFC-100	105	190	10	95	33	0.0175
NLSVM-0.1	4	198	2	196	1	0.0275
NLSVM-1.0	198	24	176	2	0	0.0225
NLSVM-10	0	200	0	200	1	0.02
