LDA	159	144	56	41	367	0.4225
SDA-0.5	155	174	26	45	1610	0.1775
SDA-1.0	154	173	27	46	1660	0.175
SDA-1.5	154	173	27	46	1649	0.1675
SDA-2.0	154	173	27	46	1664	0.1775
SDA-2.5	154	173	27	46	1731	0.1725
SDA-3.0	153	173	27	47	1678	0.17
\TheName{}-0.5	180	124	76	20	1817	0.235
\TheName{}-1.0	182	164	36	18	1717	0.1725
\TheName{}-1.5	171	174	26	29	1679	0.1625
\TheName{}-2.0	163	173	27	37	1693	0.195
\TheName{}-2.5	162	172	28	38	1663	0.1725
\TheName{}-3.0	161	172	28	39	1733	0.1725
SVM	167	153	47	33	3	0.005
LR	0	200	0	200	1	0.0025
Ye-LDA	149	167	33	51	130	0.0025
DTree-10	84	176	24	116	3	0.0025
DTree-20	115	158	42	85	21	0.005
RFC-50	83	185	15	117	7	0.0075
RFC-100	85	183	17	115	33	0.015
NLSVM-0.1	1	200	0	199	2	0.04
NLSVM-1.0	100	157	43	100	1	0.0325
NLSVM-10	200	0	200	0	1	0.03
LDA	160	147	53	40	315	0.2375
SDA-0.5	124	189	11	76	1651	0.175
SDA-1.0	124	189	11	76	1559	0.1625
SDA-1.5	124	189	11	76	1609	0.18
SDA-2.0	124	189	11	76	1601	0.165
SDA-2.5	124	189	11	76	1581	0.2025
SDA-3.0	124	189	11	76	1729	0.1775
\TheName{}-0.5	163	162	38	37	1712	0.17
\TheName{}-1.0	142	184	16	58	1699	0.1825
\TheName{}-1.5	135	185	15	65	1701	0.1725
\TheName{}-2.0	133	188	12	67	1694	0.1625
\TheName{}-2.5	130	188	12	70	1697	0.1725
\TheName{}-3.0	128	188	12	72	1700	0.18
SVM	169	164	36	31	2	0.005
LR	0	200	0	200	1	0.0025
Ye-LDA	110	185	15	90	143	0.0025
DTree-10	90	167	33	110	5	0.005
DTree-20	113	157	43	87	16	0.005
RFC-50	92	187	13	108	23	0.01
RFC-100	84	190	10	116	46	0.02
NLSVM-0.1	0	200	0	200	2	0.0425
NLSVM-1.0	190	69	131	10	2	0.035
NLSVM-10	200	21	179	0	1	0.035
LDA	167	130	70	33	321	0.265
SDA-0.5	119	174	26	81	1608	0.1925
SDA-1.0	117	173	27	83	1675	0.165
SDA-1.5	117	173	27	83	1662	0.1725
SDA-2.0	117	172	28	83	1559	0.1625
SDA-2.5	116	172	28	84	1587	0.1725
SDA-3.0	116	172	28	84	1726	0.1725
\TheName{}-0.5	172	135	65	28	1765	0.1625
\TheName{}-1.0	139	177	23	61	1792	0.1725
\TheName{}-1.5	131	174	26	69	1718	0.17
\TheName{}-2.0	128	175	25	72	1723	0.1725
\TheName{}-2.5	126	173	27	74	1672	0.1825
\TheName{}-3.0	124	173	27	76	1778	0.18
SVM	186	137	63	14	3	0.005
LR	0	200	0	200	1	0.0025
Ye-LDA	117	173	27	83	146	0.005
DTree-10	87	170	30	113	13	0.005
DTree-20	119	151	49	81	10	0.0025
RFC-50	86	182	18	114	28	0.005
RFC-100	87	183	17	113	52	0.0225
NLSVM-0.1	200	13	187	0	2	0.04
NLSVM-1.0	200	32	168	0	2	0.035
NLSVM-10	200	0	200	0	1	0.035
LDA	137	149	51	63	340	0.2625
SDA-0.5	137	170	30	63	1733	0.1725
SDA-1.0	135	170	30	65	1613	0.1725
SDA-1.5	133	171	29	67	1622	0.1725
SDA-2.0	133	171	29	67	1645	0.175
SDA-2.5	133	170	30	67	1585	0.16
SDA-3.0	133	170	30	67	1636	0.19
\TheName{}-0.5	164	175	25	36	1647	0.1625
\TheName{}-1.0	145	174	26	55	1727	0.1975
\TheName{}-1.5	143	175	25	57	1665	0.1825
\TheName{}-2.0	140	173	27	60	1742	0.1725
\TheName{}-2.5	139	173	27	61	1613	0.1625
\TheName{}-3.0	139	172	28	61	1778	0.175
SVM	150	160	40	50	3	0.005
LR	200	0	200	0	1	0.0025
Ye-LDA	173	165	35	27	126	0.005
DTree-10	122	163	37	78	2	0.005
DTree-20	152	136	64	48	4	0.0025
RFC-50	100	167	33	100	9	0.0075
RFC-100	100	165	35	100	16	0.015
NLSVM-0.1	200	12	188	0	2	0.045
NLSVM-1.0	162	94	106	38	2	0.035
NLSVM-10	200	0	200	0	4	0.03
LDA	162	128	72	38	362	0.335
SDA-0.5	161	165	35	39	1772	0.1825
SDA-1.0	160	165	35	40	1620	0.1775
SDA-1.5	160	165	35	40	1579	0.1675
SDA-2.0	160	165	35	40	1693	0.175
SDA-2.5	160	165	35	40	1678	0.1625
SDA-3.0	160	165	35	40	1596	0.1625
\TheName{}-0.5	165	144	56	35	1798	0.175
\TheName{}-1.0	172	163	37	28	1740	0.17
\TheName{}-1.5	169	166	34	31	1720	0.17
\TheName{}-2.0	168	167	33	32	1812	0.175
\TheName{}-2.5	165	166	34	35	1695	0.1725
\TheName{}-3.0	165	166	34	35	1780	0.165
SVM	163	144	56	37	2	0.0075
LR	200	0	200	0	1	0.0025
Ye-LDA	173	128	72	27	127	0.0025
DTree-10	95	178	22	105	3	0.005
DTree-20	129	159	41	71	4	0.005
RFC-50	99	176	24	101	7	0.0075
RFC-100	88	184	16	112	37	0.0175
NLSVM-0.1	5	200	0	195	2	0.04
NLSVM-1.0	44	167	33	156	1	0.0325
NLSVM-10	200	0	200	0	2	0.035
LDA	163	144	56	37	310	0.21
SDA-0.5	143	173	27	57	1697	0.1675
SDA-1.0	140	173	27	60	1608	0.1675
SDA-1.5	140	173	27	60	1652	0.1775
SDA-2.0	140	173	27	60	1589	0.1625
SDA-2.5	140	173	27	60	1569	0.1725
SDA-3.0	140	173	27	60	1689	0.1675
\TheName{}-0.5	151	107	93	49	1905	0.175
\TheName{}-1.0	165	166	34	35	1814	0.1625
\TheName{}-1.5	152	168	32	48	1785	0.1725
\TheName{}-2.0	145	172	28	55	1673	0.1725
\TheName{}-2.5	145	173	27	55	1608	0.165
\TheName{}-3.0	144	173	27	56	1781	0.1725
SVM	170	156	44	30	3	0.005
LR	0	200	0	200	0	0.005
Ye-LDA	132	164	36	68	131	0.0025
DTree-10	78	168	32	122	6	0.005
DTree-20	116	155	45	84	4	0.005
RFC-50	101	175	25	99	20	0.0075
RFC-100	98	178	22	102	37	0.02
NLSVM-0.1	200	27	173	0	2	0.0375
NLSVM-1.0	185	73	127	15	2	0.03
NLSVM-10	20	200	0	180	2	0.0275
LDA	147	158	42	53	336	0.3325
SDA-0.5	144	171	29	56	1614	0.175
SDA-1.0	142	171	29	58	1683	0.1675
SDA-1.5	142	171	29	58	1615	0.1825
SDA-2.0	142	171	29	58	1660	0.1725
SDA-2.5	142	171	29	58	1663	0.16
SDA-3.0	142	171	29	58	1684	0.1825
\TheName{}-0.5	158	175	25	42	1675	0.165
\TheName{}-1.0	148	175	25	52	1730	0.175
\TheName{}-1.5	145	173	27	55	1774	0.19
\TheName{}-2.0	144	173	27	56	1668	0.1625
\TheName{}-2.5	144	172	28	56	1751	0.1725
\TheName{}-3.0	144	172	28	56	1740	0.165
SVM	160	157	43	40	3	0.0075
LR	0	200	0	200	0	0.005
Ye-LDA	130	173	27	70	130	0.005
DTree-10	114	169	31	86	3	0.005
DTree-20	114	163	37	86	4	0.005
RFC-50	101	173	27	99	25	0.01
RFC-100	102	167	33	98	45	0.0225
NLSVM-0.1	200	12	188	0	2	0.0375
NLSVM-1.0	173	62	138	27	2	0.03
NLSVM-10	77	198	2	123	2	0.0275
LDA	152	145	55	48	339	0.1775
SDA-0.5	134	184	16	66	1579	0.1725
SDA-1.0	134	184	16	66	1658	0.1675
SDA-1.5	133	184	16	67	1551	0.17
SDA-2.0	133	184	16	67	1680	0.1625
SDA-2.5	133	184	16	67	1827	0.1725
SDA-3.0	133	184	16	67	1585	0.1625
\TheName{}-0.5	166	139	61	34	1815	0.1825
\TheName{}-1.0	162	181	19	38	1760	0.1625
\TheName{}-1.5	146	184	16	54	1757	0.17
\TheName{}-2.0	144	185	15	56	1653	0.1825
\TheName{}-2.5	144	185	15	56	1729	0.165
\TheName{}-3.0	144	185	15	56	1745	0.1725
SVM	164	159	41	36	3	0.005
LR	0	200	0	200	0	0.005
Ye-LDA	123	170	30	77	134	0.0025
DTree-10	87	185	15	113	3	0.0025
DTree-20	107	167	33	93	4	0.005
RFC-50	90	186	14	110	40	0.015
RFC-100	89	189	11	111	54	0.0175
NLSVM-0.1	0	200	0	200	2	0.0425
NLSVM-1.0	196	46	154	4	1	0.035
NLSVM-10	200	33	167	0	2	0.04
LDA	142	123	77	58	337	0.325
SDA-0.5	179	142	58	21	1705	0.1775
SDA-1.0	175	142	58	25	1656	0.165
SDA-1.5	173	143	57	27	1658	0.175
SDA-2.0	172	142	58	28	1607	0.1625
SDA-2.5	172	142	58	28	1782	0.1725
SDA-3.0	172	143	57	28	1654	0.1775
\TheName{}-0.5	186	123	77	14	1802	0.1825
\TheName{}-1.0	187	127	73	13	1636	0.17
\TheName{}-1.5	187	134	66	13	1705	0.1625
\TheName{}-2.0	185	140	60	15	1719	0.175
\TheName{}-2.5	183	141	59	17	1674	0.175
\TheName{}-3.0	181	141	59	19	1810	0.1625
SVM	166	139	61	34	2	0.0075
LR	0	200	0	200	0	0.005
Ye-LDA	166	141	59	34	132	0.005
DTree-10	178	81	119	22	23	0.0025
DTree-20	114	166	34	86	5	0.0025
RFC-50	109	178	22	91	22	0.01
RFC-100	92	181	19	108	73	0.0325
NLSVM-0.1	0	200	0	200	2	0.0625
NLSVM-1.0	197	38	162	3	4	0.045
NLSVM-10	85	189	11	115	2	0.03
LDA	155	147	53	45	423	0.225
SDA-0.5	140	182	18	60	1702	0.1625
SDA-1.0	137	180	20	63	1623	0.1775
SDA-1.5	136	180	20	64	1734	0.165
SDA-2.0	137	180	20	63	1616	0.1725
SDA-2.5	137	180	20	63	1657	0.1675
SDA-3.0	137	180	20	63	1772	0.195
\TheName{}-0.5	158	182	18	42	1688	0.165
\TheName{}-1.0	144	180	20	56	1826	0.175
\TheName{}-1.5	143	180	20	57	1722	0.1725
\TheName{}-2.0	141	180	20	59	1720	0.165
\TheName{}-2.5	139	180	20	61	1652	0.1725
\TheName{}-3.0	138	180	20	62	1760	0.1775
SVM	165	161	39	35	3	0.005
LR	0	200	0	200	1	0.0025
Ye-LDA	120	184	16	80	140	0.0025
DTree-10	87	174	26	113	3	0.005
DTree-20	120	159	41	80	4	0.005
RFC-50	82	188	12	118	9	0.0075
RFC-100	82	189	11	118	51	0.0175
NLSVM-0.1	140	123	77	60	2	0.04
NLSVM-1.0	198	69	131	2	2	0.03
NLSVM-10	93	189	11	107	2	0.03
LDA	173	148	52	27	325	0.465
SDA-0.5	168	161	39	32	1654	0.16
SDA-1.0	166	161	39	34	1644	0.17
SDA-1.5	166	162	38	34	1665	0.175
SDA-2.0	165	162	38	35	1587	0.1775
SDA-2.5	165	162	38	35	1561	0.165
SDA-3.0	165	162	38	35	1855	0.1675
\TheName{}-0.5	186	159	41	14	1741	0.1725
\TheName{}-1.0	175	165	35	25	1774	0.1625
\TheName{}-1.5	174	166	34	26	1875	0.175
\TheName{}-2.0	170	165	35	30	1778	0.2
\TheName{}-2.5	168	163	37	32	1994	0.1725
\TheName{}-3.0	168	162	38	32	1703	0.1775
SVM	175	157	43	25	2	0.0075
LR	200	0	200	0	0	0.005
Ye-LDA	183	134	66	17	130	0.005
DTree-10	105	166	34	95	5	0.0025
DTree-20	131	142	58	69	5	0.005
RFC-50	111	168	32	89	9	0.0075
RFC-100	108	174	26	92	52	0.045
NLSVM-0.1	200	10	190	0	2	0.04
NLSVM-1.0	78	187	13	122	2	0.0375
NLSVM-10	16	199	1	184	1	0.0325
LDA	141	136	64	59	312	0.26
SDA-0.5	141	171	29	59	1613	0.1725
SDA-1.0	138	173	27	62	1620	0.165
SDA-1.5	137	173	27	63	1583	0.1725
SDA-2.0	137	172	28	63	1574	0.1625
SDA-2.5	137	172	28	63	1537	0.1725
SDA-3.0	137	172	28	63	1799	0.1625
\TheName{}-0.5	166	128	72	34	1705	0.1725
\TheName{}-1.0	170	166	34	30	1710	0.1625
\TheName{}-1.5	158	170	30	42	1663	0.1825
\TheName{}-2.0	148	171	29	52	1731	0.16
\TheName{}-2.5	145	170	30	55	1745	0.1725
\TheName{}-3.0	144	171	29	56	1688	0.17
SVM	168	150	50	32	3	0.005
LR	0	200	0	200	0	0.005
Ye-LDA	140	162	38	60	135	0.0025
DTree-10	80	182	18	120	2	0.005
DTree-20	108	164	36	92	4	0.0075
RFC-50	76	186	14	124	23	0.015
RFC-100	75	183	17	125	43	0.02
NLSVM-0.1	1	199	1	199	2	0.04
NLSVM-1.0	191	47	153	9	2	0.03
NLSVM-10	200	3	197	0	2	0.03
LDA	126	142	58	74	365	0.26
SDA-0.5	143	163	37	57	1749	0.1625
SDA-1.0	142	163	37	58	1677	0.185
SDA-1.5	142	161	39	58	1601	0.165
SDA-2.0	142	161	39	58	1631	0.17
SDA-2.5	143	161	39	57	1615	0.1625
SDA-3.0	143	161	39	57	1653	0.17
\TheName{}-0.5	132	125	75	68	1691	0.175
\TheName{}-1.0	170	161	39	30	1648	0.1775
\TheName{}-1.5	162	162	38	38	1736	0.175
\TheName{}-2.0	154	162	38	46	1683	0.1625
\TheName{}-2.5	150	159	41	50	1744	0.175
\TheName{}-3.0	147	159	41	53	1746	0.17
SVM	158	147	53	42	3	0.005
LR	0	200	0	200	0	0.005
Ye-LDA	135	175	25	65	141	0.0025
DTree-10	97	169	31	103	12	0.0075
DTree-20	131	147	53	69	4	0.0025
RFC-50	86	185	15	114	19	0.0075
RFC-100	89	185	15	111	40	0.015
NLSVM-0.1	199	19	181	1	5	0.065
NLSVM-1.0	169	70	130	31	2	0.0325
NLSVM-10	200	0	200	0	2	0.0275
LDA	177	135	65	23	323	0.305
SDA-0.5	169	152	48	31	1597	0.1625
SDA-1.0	166	152	48	34	1630	0.175
SDA-1.5	166	152	48	34	1669	0.1625
SDA-2.0	166	151	49	34	1612	0.1725
SDA-2.5	166	151	49	34	1661	0.165
SDA-3.0	166	151	49	34	1579	0.1625
\TheName{}-0.5	173	151	49	27	1708	0.17
\TheName{}-1.0	174	153	47	26	1771	0.18
\TheName{}-1.5	171	151	49	29	1676	0.1625
\TheName{}-2.0	170	150	50	30	1756	0.175
\TheName{}-2.5	169	149	51	31	1784	0.195
\TheName{}-3.0	169	150	50	31	1690	0.175
SVM	178	155	45	22	2	0.005
LR	0	200	0	200	1	0.0025
Ye-LDA	164	158	42	36	136	0.005
DTree-10	74	171	29	126	13	0.005
DTree-20	92	165	35	108	21	0.005
RFC-50	90	171	29	110	8	0.01
RFC-100	90	172	28	110	42	0.0275
NLSVM-0.1	200	15	185	0	2	0.0675
NLSVM-1.0	198	53	147	2	2	0.0425
NLSVM-10	200	2	198	0	3	0.0325
LDA	129	150	50	71	301	0.235
SDA-0.5	130	181	19	70	1645	0.1725
SDA-1.0	128	181	19	72	1657	0.1675
SDA-1.5	128	181	19	72	1653	0.19
SDA-2.0	127	181	19	73	1667	0.1625
SDA-2.5	127	181	19	73	1660	0.1775
SDA-3.0	127	181	19	73	1695	0.165
\TheName{}-0.5	166	175	25	34	1748	0.1775
\TheName{}-1.0	140	185	15	60	1807	0.1775
\TheName{}-1.5	134	183	17	66	1751	0.175
\TheName{}-2.0	132	182	18	68	1816	0.1925
\TheName{}-2.5	131	182	18	69	1785	0.1625
\TheName{}-3.0	131	181	19	69	1787	0.1775
SVM	133	171	29	67	3	0.005
LR	0	200	0	200	0	0.005
Ye-LDA	131	184	16	69	145	0.005
DTree-10	93	176	24	107	7	0.0025
DTree-20	119	161	39	81	44	0.0075
RFC-50	86	180	20	114	19	0.0075
RFC-100	87	179	21	113	46	0.03
NLSVM-0.1	199	17	183	1	2	0.0425
NLSVM-1.0	187	54	146	13	2	0.0875
NLSVM-10	186	137	63	14	1	0.045
LDA	145	153	47	55	330	0.2075
SDA-0.5	130	182	18	70	1804	0.175
SDA-1.0	130	182	18	70	1612	0.1625
SDA-1.5	130	182	18	70	1737	0.1825
SDA-2.0	130	182	18	70	1595	0.165
SDA-2.5	130	182	18	70	1649	0.19
SDA-3.0	130	182	18	70	1659	0.165
\TheName{}-0.5	145	111	89	55	1720	0.1675
\TheName{}-1.0	154	183	17	46	1765	0.1675
\TheName{}-1.5	145	181	19	55	1757	0.1725
\TheName{}-2.0	136	183	17	64	1818	0.1625
\TheName{}-2.5	134	184	16	66	1691	0.1825
\TheName{}-3.0	132	184	16	68	1888	0.165
SVM	164	164	36	36	3	0.005
LR	0	200	0	200	1	0.0025
Ye-LDA	136	178	22	64	131	0.0025
DTree-10	91	176	24	109	2	0.005
DTree-20	112	169	31	88	7	0.0025
RFC-50	102	180	20	98	9	0.01
RFC-100	95	181	19	105	47	0.0175
NLSVM-0.1	200	18	182	0	2	0.045
NLSVM-1.0	27	193	7	173	1	0.035
NLSVM-10	200	0	200	0	4	0.0525
LDA	172	122	78	28	303	0.2625
SDA-0.5	133	174	26	67	1570	0.1625
SDA-1.0	130	173	27	70	1615	0.1625
SDA-1.5	128	173	27	72	1527	0.1725
SDA-2.0	128	173	27	72	1671	0.1625
SDA-2.5	128	173	27	72	1595	0.1725
SDA-3.0	128	173	27	72	1595	0.1775
\TheName{}-0.5	172	163	37	28	1833	0.18
\TheName{}-1.0	146	172	28	54	1637	0.165
\TheName{}-1.5	140	174	26	60	1673	0.175
\TheName{}-2.0	137	175	25	63	1705	0.1625
\TheName{}-2.5	135	175	25	65	1605	0.1725
\TheName{}-3.0	132	175	25	68	1723	0.255
SVM	166	154	46	34	5	0.005
LR	0	200	0	200	0	0.005
Ye-LDA	121	171	29	79	131	0.005
DTree-10	115	146	54	85	3	0.005
DTree-20	122	143	57	78	21	0.0025
RFC-50	80	181	19	120	9	0.0075
RFC-100	79	176	24	121	17	0.015
NLSVM-0.1	200	14	186	0	3	0.04
NLSVM-1.0	18	196	4	182	2	0.045
NLSVM-10	200	0	200	0	1	0.035
LDA	118	139	61	82	284	0.23
SDA-0.5	142	168	32	58	1720	0.175
SDA-1.0	139	167	33	61	1636	0.1625
SDA-1.5	137	167	33	63	1607	0.17
SDA-2.0	137	167	33	63	1704	0.1675
SDA-2.5	137	167	33	63	1626	0.1725
SDA-3.0	137	167	33	63	1673	0.165
\TheName{}-0.5	157	109	91	43	1729	0.175
\TheName{}-1.0	174	166	34	26	1730	0.1925
\TheName{}-1.5	152	168	32	48	1722	0.175
\TheName{}-2.0	150	169	31	50	1646	0.1625
\TheName{}-2.5	147	169	31	53	1807	0.1775
\TheName{}-3.0	145	169	31	55	1682	0.165
SVM	179	140	60	21	2	0.005
LR	0	200	0	200	0	0.005
Ye-LDA	143	162	38	57	132	0.005
DTree-10	105	154	46	95	3	0.005
DTree-20	125	134	66	75	3	0.005
RFC-50	104	175	25	96	21	0.01
RFC-100	107	175	25	93	16	0.015
NLSVM-0.1	200	13	187	0	2	0.04
NLSVM-1.0	181	63	137	19	2	0.0325
NLSVM-10	4	200	0	196	1	0.03
LDA	138	131	69	62	325	0.2325
SDA-0.5	115	174	26	85	1659	0.165
SDA-1.0	114	172	28	86	1705	0.1875
SDA-1.5	114	173	27	86	1580	0.1625
SDA-2.0	114	173	27	86	1794	0.165
SDA-2.5	114	173	27	86	1609	0.165
SDA-3.0	114	173	27	86	1593	0.1625
\TheName{}-0.5	158	124	76	42	1764	0.18
\TheName{}-1.0	148	172	28	52	1763	0.165
\TheName{}-1.5	123	174	26	77	1706	0.205
\TheName{}-2.0	121	175	25	79	1714	0.1725
\TheName{}-2.5	119	175	25	81	1866	0.175
\TheName{}-3.0	118	173	27	82	1889	0.1625
SVM	156	147	53	44	3	0.005
LR	0	200	0	200	1	0.0025
Ye-LDA	148	169	31	52	132	0.005
DTree-10	69	183	17	131	3	0.0025
DTree-20	105	175	25	95	5	0.005
RFC-50	76	188	12	124	23	0.0075
RFC-100	85	184	16	115	39	0.0175
NLSVM-0.1	2	200	0	198	2	0.0425
NLSVM-1.0	193	51	149	7	1	0.0325
NLSVM-10	24	198	2	176	2	0.03
LDA	167	144	56	33	333	0.21
SDA-0.5	119	182	18	81	1607	0.1625
SDA-1.0	115	181	19	85	1616	0.1725
SDA-1.5	115	181	19	85	1512	0.165
SDA-2.0	115	181	19	85	1606	0.21
SDA-2.5	115	181	19	85	1554	0.175
SDA-3.0	115	181	19	85	1582	0.1625
\TheName{}-0.5	135	60	140	65	1701	0.2025
\TheName{}-1.0	192	153	47	8	1767	0.1775
\TheName{}-1.5	155	178	22	45	1654	0.1725
\TheName{}-2.0	130	181	19	70	1663	0.17
\TheName{}-2.5	127	182	18	73	1652	0.175
\TheName{}-3.0	125	183	17	75	1632	0.1625
SVM	184	151	49	16	2	0.005
LR	200	0	200	0	1	0.0025
Ye-LDA	187	152	48	13	127	0.0025
DTree-10	101	158	42	99	3	0.005
DTree-20	125	149	51	75	4	0.005
RFC-50	94	178	22	106	8	0.0075
RFC-100	94	181	19	106	36	0.0175
NLSVM-0.1	200	31	169	0	2	0.04
NLSVM-1.0	187	78	122	13	1	0.0325
NLSVM-10	200	0	200	0	1	0.0275
LDA	152	148	52	48	422	0.2675
SDA-0.5	131	183	17	69	1577	0.1875
SDA-1.0	130	183	17	70	1674	0.245
SDA-1.5	129	183	17	71	1816	0.18
SDA-2.0	129	183	17	71	1578	0.1625
SDA-2.5	129	183	17	71	1611	0.165
SDA-3.0	129	183	17	71	1665	0.17
\TheName{}-0.5	176	139	61	24	1630	0.165
\TheName{}-1.0	158	176	24	42	1716	0.1725
\TheName{}-1.5	145	180	20	55	1736	0.175
\TheName{}-2.0	144	185	15	56	1604	0.175
\TheName{}-2.5	141	186	14	59	1657	0.1625
\TheName{}-3.0	136	185	15	64	1605	0.165
SVM	162	166	34	38	3	0.005
LR	0	200	0	200	1	0.0025
Ye-LDA	112	182	18	88	131	0.0025
DTree-10	76	179	21	124	14	0.005
DTree-20	101	165	35	99	4	0.005
RFC-50	78	188	12	122	21	0.0075
RFC-100	75	189	11	125	15	0.02
NLSVM-0.1	2	200	0	198	2	0.0425
NLSVM-1.0	184	49	151	16	1	0.055
NLSVM-10	7	200	0	193	1	0.0375
LDA	158	153	47	42	356	0.2
SDA-0.5	129	164	36	71	1751	0.165
SDA-1.0	129	161	39	71	1624	0.1825
SDA-1.5	128	161	39	72	1720	0.165
SDA-2.0	128	160	40	72	1687	0.1825
SDA-2.5	128	160	40	72	1678	0.1625
SDA-3.0	128	160	40	72	1659	0.165
\TheName{}-0.5	158	128	72	42	1742	0.17
\TheName{}-1.0	162	172	28	38	1790	0.1625
\TheName{}-1.5	146	168	32	54	1803	0.175
\TheName{}-2.0	138	164	36	62	1831	0.17
\TheName{}-2.5	137	161	39	63	1773	0.2525
\TheName{}-3.0	136	160	40	64	1645	0.175
SVM	170	160	40	30	3	0.0075
LR	200	0	200	0	0	0.005
Ye-LDA	156	168	32	44	135	0.005
DTree-10	94	159	41	106	2	0.005
DTree-20	98	162	38	102	15	0.005
RFC-50	84	179	21	116	20	0.0075
RFC-100	76	177	23	124	17	0.0175
NLSVM-0.1	89	171	29	111	2	0.04
NLSVM-1.0	73	178	22	127	2	0.035
NLSVM-10	0	200	0	200	1	0.0275
LDA	135	147	53	65	398	0.3425
SDA-0.5	100	181	19	100	1657	0.165
SDA-1.0	99	180	20	101	1642	0.1775
SDA-1.5	99	180	20	101	1660	0.1675
SDA-2.0	99	180	20	101	1581	0.185
SDA-2.5	99	180	20	101	1559	0.1625
SDA-3.0	99	180	20	101	1670	0.165
\TheName{}-0.5	158	123	77	42	1635	0.175
\TheName{}-1.0	129	181	19	71	1770	0.1625
\TheName{}-1.5	110	183	17	90	1844	0.1725
\TheName{}-2.0	105	182	18	95	1774	0.1825
\TheName{}-2.5	103	182	18	97	1686	0.175
\TheName{}-3.0	101	182	18	99	1621	0.1625
SVM	146	163	37	54	2	0.0075
LR	0	200	0	200	0	0.005
Ye-LDA	102	174	26	98	131	0.005
DTree-10	81	148	52	119	12	0.005
DTree-20	121	123	77	79	4	0.005
RFC-50	72	177	23	128	20	0.01
RFC-100	75	169	31	125	41	0.0275
NLSVM-0.1	200	13	187	0	2	0.0425
NLSVM-1.0	163	80	120	37	1	0.0325
NLSVM-10	134	158	42	66	1	0.03
LDA	98	163	37	102	348	0.2225
SDA-0.5	100	185	15	100	1582	0.1625
SDA-1.0	101	184	16	99	1622	0.19
SDA-1.5	101	183	17	99	1615	0.1725
SDA-2.0	101	183	17	99	1512	0.1625
SDA-2.5	101	183	17	99	1568	0.18
SDA-3.0	101	183	17	99	1599	0.17
\TheName{}-0.5	171	131	69	29	1580	0.1625
\TheName{}-1.0	118	185	15	82	1719	0.1825
\TheName{}-1.5	104	185	15	96	1627	0.165
\TheName{}-2.0	103	186	14	97	1659	0.1725
\TheName{}-2.5	103	184	16	97	1614	0.1625
\TheName{}-3.0	103	184	16	97	1629	0.1625
SVM	156	169	31	44	3	0.005
LR	0	200	0	200	0	0.005
Ye-LDA	119	177	23	81	128	0.005
DTree-10	60	165	35	140	3	0.0025
DTree-20	94	158	42	106	25	0.005
RFC-50	73	184	16	127	11	0.0075
RFC-100	65	184	16	135	42	0.02
NLSVM-0.1	200	16	184	0	2	0.04
NLSVM-1.0	175	77	123	25	1	0.0325
NLSVM-10	152	146	54	48	2	0.03
LDA	142	142	58	58	303	0.425
SDA-0.5	131	180	20	69	1763	0.17
SDA-1.0	126	180	20	74	1645	0.1675
SDA-1.5	125	180	20	75	1652	0.16
SDA-2.0	125	180	20	75	1683	0.1625
SDA-2.5	125	179	21	75	1668	0.1625
SDA-3.0	125	179	21	75	1600	0.18
\TheName{}-0.5	184	128	72	16	1769	0.175
\TheName{}-1.0	177	176	24	23	1683	0.1625
\TheName{}-1.5	151	181	19	49	1794	0.1725
\TheName{}-2.0	148	181	19	52	1733	0.1675
\TheName{}-2.5	138	181	19	62	1775	0.1725
\TheName{}-3.0	134	181	19	66	1749	0.165
SVM	171	155	45	29	3	0.005
LR	0	200	0	200	1	0.005
Ye-LDA	138	177	23	62	131	0.0075
DTree-10	88	179	21	112	13	0.005
DTree-20	137	157	43	63	5	0.005
RFC-50	84	179	21	116	22	0.01
RFC-100	81	183	17	119	44	0.0175
NLSVM-0.1	200	11	189	0	2	0.045
NLSVM-1.0	197	34	166	3	1	0.0375
NLSVM-10	199	81	119	1	2	0.03
LDA	144	134	66	56	326	0.26
SDA-0.5	151	174	26	49	1650	0.16
SDA-1.0	147	174	26	53	1691	0.175
SDA-1.5	146	175	25	54	1587	0.1625
SDA-2.0	146	174	26	54	1625	0.1675
SDA-2.5	146	174	26	54	1671	0.1725
SDA-3.0	145	173	27	55	1636	0.165
\TheName{}-0.5	155	99	101	45	1752	0.1725
\TheName{}-1.0	181	153	47	19	1624	0.1725
\TheName{}-1.5	170	163	37	30	1802	0.18
\TheName{}-2.0	164	166	34	36	1807	0.1625
\TheName{}-2.5	157	167	33	43	1695	0.1775
\TheName{}-3.0	156	169	31	44	1656	0.165
SVM	160	155	45	40	2	0.005
LR	0	200	0	200	0	0.005
Ye-LDA	147	166	34	53	140	0.005
DTree-10	79	183	17	121	2	0.005
DTree-20	119	161	39	81	4	0.005
RFC-50	83	189	11	117	20	0.0075
RFC-100	80	192	8	120	40	0.02
NLSVM-0.1	200	11	189	0	2	0.04
NLSVM-1.0	194	52	148	6	2	0.0325
NLSVM-10	198	33	167	2	1	0.03
LDA	123	170	30	77	478	0.2975
SDA-0.5	134	171	29	66	1621	0.1725
SDA-1.0	131	169	31	69	1640	0.17
SDA-1.5	131	168	32	69	1616	0.18
SDA-2.0	129	168	32	71	1595	0.1675
SDA-2.5	129	168	32	71	1707	0.1675
SDA-3.0	129	168	32	71	1715	0.1775
\TheName{}-0.5	175	163	37	25	1753	0.1725
\TheName{}-1.0	148	174	26	52	1773	0.17
\TheName{}-1.5	143	173	27	57	1727	0.1625
\TheName{}-2.0	140	170	30	60	1723	0.1725
\TheName{}-2.5	139	168	32	61	1673	0.1675
\TheName{}-3.0	136	169	31	64	1703	0.175
SVM	152	172	28	48	2	0.0075
LR	0	200	0	200	0	0.005
Ye-LDA	137	167	33	63	151	0.005
DTree-10	109	157	43	91	2	0.0075
DTree-20	115	151	49	85	4	0.005
RFC-50	105	177	23	95	40	0.02
RFC-100	106	181	19	94	45	0.03
NLSVM-0.1	1	200	0	199	2	0.0725
NLSVM-1.0	160	90	110	40	1	0.06
NLSVM-10	198	53	147	2	1	0.055
LDA	140	133	67	60	317	0.3
SDA-0.5	170	177	23	30	1695	0.165
SDA-1.0	169	177	23	31	1631	0.1725
SDA-1.5	169	177	23	31	1649	0.16
SDA-2.0	169	177	23	31	1704	0.1725
SDA-2.5	169	177	23	31	1622	0.16
SDA-3.0	169	177	23	31	1714	0.175
\TheName{}-0.5	180	156	44	20	1780	0.1625
\TheName{}-1.0	175	169	31	25	1793	0.1725
\TheName{}-1.5	174	176	24	26	1870	0.1625
\TheName{}-2.0	174	176	24	26	1839	0.185
\TheName{}-2.5	173	176	24	27	1789	0.1625
\TheName{}-3.0	170	176	24	30	1769	0.1725
SVM	167	153	47	33	3	0.005
LR	0	200	0	200	0	0.005
Ye-LDA	138	170	30	62	132	0.0025
DTree-10	167	60	140	33	3	0.0025
DTree-20	74	184	16	126	5	0.0025
RFC-50	82	187	13	118	22	0.0075
RFC-100	81	185	15	119	48	0.0175
NLSVM-0.1	1	200	0	199	2	0.0575
NLSVM-1.0	86	140	60	114	2	0.055
NLSVM-10	200	0	200	0	2	0.0675
LDA	165	159	41	35	339	0.29
SDA-0.5	114	184	16	86	1730	0.175
SDA-1.0	114	183	17	86	1692	0.1675
SDA-1.5	114	183	17	86	1706	0.1625
SDA-2.0	114	183	17	86	1604	0.17
SDA-2.5	116	183	17	84	1686	0.1675
SDA-3.0	116	183	17	84	1593	0.1825
\TheName{}-0.5	133	103	97	67	1764	0.1725
\TheName{}-1.0	150	186	14	50	1658	0.1725
\TheName{}-1.5	130	187	13	70	1792	0.185
\TheName{}-2.0	127	184	16	73	1855	0.24
\TheName{}-2.5	123	185	15	77	1711	0.165
\TheName{}-3.0	123	186	14	77	1769	0.175
SVM	164	175	25	36	3	0.005
LR	0	200	0	200	0	0.005
Ye-LDA	108	180	20	92	136	0.0025
DTree-10	83	172	28	117	3	0.0025
DTree-20	115	153	47	85	4	0.005
RFC-50	89	184	16	111	23	0.0075
RFC-100	82	185	15	118	53	0.055
NLSVM-0.1	1	200	0	199	2	0.045
NLSVM-1.0	183	98	102	17	2	0.0325
NLSVM-10	197	85	115	3	1	0.035
LDA	147	134	66	53	339	0.2675
SDA-0.5	178	166	34	22	1653	0.1625
SDA-1.0	177	165	35	23	1618	0.1725
SDA-1.5	177	165	35	23	1509	0.16
SDA-2.0	177	164	36	23	1686	0.1625
SDA-2.5	177	164	36	23	1632	0.175
SDA-3.0	177	164	36	23	1698	0.165
\TheName{}-0.5	170	154	46	30	1633	0.1725
\TheName{}-1.0	180	163	37	20	1740	0.17
\TheName{}-1.5	178	167	33	22	1724	0.17
\TheName{}-2.0	178	167	33	22	1775	0.1925
\TheName{}-2.5	179	165	35	21	1714	0.18
\TheName{}-3.0	179	163	37	21	1751	0.165
SVM	175	149	51	25	2	0.005
LR	0	200	0	200	1	0.0025
Ye-LDA	138	173	27	62	131	0.0025
DTree-10	88	181	19	112	2	0.005
DTree-20	123	151	49	77	8	0.005
RFC-50	93	190	10	107	21	0.01
RFC-100	101	190	10	99	42	0.0225
NLSVM-0.1	199	15	185	1	1	0.04
NLSVM-1.0	4	198	2	196	2	0.03
NLSVM-10	200	4	196	0	2	0.0275
LDA	155	158	42	45	287	0.2725
SDA-0.5	148	165	35	52	1557	0.1725
SDA-1.0	142	167	33	58	1570	0.165
SDA-1.5	142	167	33	58	1619	0.165
SDA-2.0	142	167	33	58	1514	0.1625
SDA-2.5	142	167	33	58	1630	0.1625
SDA-3.0	142	167	33	58	1623	0.1775
\TheName{}-0.5	155	170	30	45	1721	0.165
\TheName{}-1.0	152	168	32	48	1679	0.1625
\TheName{}-1.5	147	165	35	53	1716	0.165
\TheName{}-2.0	146	165	35	54	1674	0.1625
\TheName{}-2.5	144	166	34	56	1651	0.1775
\TheName{}-3.0	144	168	32	56	1677	0.1625
SVM	154	174	26	46	4	0.005
LR	0	200	0	200	1	0.0025
Ye-LDA	140	174	26	60	133	0.005
DTree-10	87	184	16	113	2	0.005
DTree-20	108	179	21	92	4	0.0025
RFC-50	90	185	15	110	23	0.0075
RFC-100	82	186	14	118	43	0.025
NLSVM-0.1	200	11	189	0	2	0.04
NLSVM-1.0	6	199	1	194	3	0.0325
NLSVM-10	200	10	190	0	1	0.035
LDA	122	147	53	78	380	0.26
SDA-0.5	107	173	27	93	1554	0.1625
SDA-1.0	105	173	27	95	1582	0.1625
SDA-1.5	105	172	28	95	1638	0.175
SDA-2.0	105	172	28	95	1614	0.1625
SDA-2.5	105	172	28	95	1616	0.1675
SDA-3.0	105	172	28	95	1633	0.18
\TheName{}-0.5	146	67	133	54	1698	0.1725
\TheName{}-1.0	138	174	26	62	1737	0.165
\TheName{}-1.5	118	174	26	82	1564	0.1725
\TheName{}-2.0	113	174	26	87	1737	0.1675
\TheName{}-2.5	111	174	26	89	1729	0.165
\TheName{}-3.0	109	172	28	91	1625	0.1625
SVM	138	161	39	62	3	0.005
LR	0	200	0	200	0	0.005
Ye-LDA	129	179	21	71	138	0.005
DTree-10	105	172	28	95	2	0.005
DTree-20	128	156	44	72	4	0.005
RFC-50	86	181	19	114	20	0.0075
RFC-100	93	180	20	107	41	0.02
NLSVM-0.1	200	14	186	0	2	0.0425
NLSVM-1.0	174	64	136	26	2	0.035
NLSVM-10	82	182	18	118	2	0.0325
LDA	171	144	56	29	288	0.2925
SDA-0.5	184	161	39	16	1645	0.1975
SDA-1.0	180	160	40	20	1571	0.1625
SDA-1.5	180	159	41	20	1570	0.16
SDA-2.0	180	159	41	20	1670	0.18
SDA-2.5	180	159	41	20	1589	0.165
SDA-3.0	180	159	41	20	1565	0.1675
\TheName{}-0.5	185	135	65	15	1681	0.1725
\TheName{}-1.0	187	147	53	13	1708	0.1625
\TheName{}-1.5	186	150	50	14	1722	0.1875
\TheName{}-2.0	186	157	43	14	1698	0.1625
\TheName{}-2.5	184	159	41	16	1810	0.18
\TheName{}-3.0	184	161	39	16	1687	0.1625
SVM	174	152	48	26	3	0.005
LR	0	200	0	200	0	0.005
Ye-LDA	179	140	60	21	129	0.005
DTree-10	185	73	127	15	3	0.0025
DTree-20	125	156	44	75	5	0.005
RFC-50	98	180	20	102	21	0.01
RFC-100	101	181	19	99	37	0.03
NLSVM-0.1	200	19	181	0	2	0.0575
NLSVM-1.0	85	155	45	115	2	0.03
NLSVM-10	191	104	96	9	1	0.0275
LDA	155	126	74	45	359	0.2775
SDA-0.5	130	177	23	70	1616	0.1725
SDA-1.0	128	177	23	72	1625	0.165
SDA-1.5	128	177	23	72	1628	0.1625
SDA-2.0	127	177	23	73	1601	0.1725
SDA-2.5	127	177	23	73	1556	0.17
SDA-3.0	127	177	23	73	1650	0.165
\TheName{}-0.5	132	61	139	68	1617	0.2075
\TheName{}-1.0	158	172	28	42	1678	0.165
\TheName{}-1.5	142	178	22	58	1765	0.1725
\TheName{}-2.0	136	177	23	64	1645	0.165
\TheName{}-2.5	131	177	23	69	1767	0.185
\TheName{}-3.0	129	177	23	71	1531	0.175
SVM	176	157	43	24	2	0.0075
LR	0	200	0	200	0	0.005
Ye-LDA	128	175	25	72	131	0.0025
DTree-10	70	171	29	130	13	0.005
DTree-20	110	140	60	90	5	0.005
RFC-50	106	170	30	94	9	0.0075
RFC-100	113	161	39	87	43	0.0175
NLSVM-0.1	200	16	184	0	2	0.045
NLSVM-1.0	200	35	165	0	2	0.0325
NLSVM-10	39	198	2	161	2	0.0375
LDA	139	165	35	61	341	0.2625
SDA-0.5	137	180	20	63	1778	0.1875
SDA-1.0	136	179	21	64	1668	0.17
SDA-1.5	134	179	21	66	1574	0.1625
SDA-2.0	134	179	21	66	1655	0.1775
SDA-2.5	134	179	21	66	1642	0.1675
SDA-3.0	134	179	21	66	1693	0.165
\TheName{}-0.5	152	151	49	48	1744	0.1725
\TheName{}-1.0	152	183	17	48	1776	0.165
\TheName{}-1.5	142	183	17	58	1762	0.2375
\TheName{}-2.0	140	182	18	60	1717	0.18
\TheName{}-2.5	140	181	19	60	1838	0.1625
\TheName{}-3.0	139	180	20	61	1677	0.1625
SVM	154	168	32	46	3	0.005
LR	0	200	0	200	0	0.005
Ye-LDA	117	185	15	83	140	0.005
DTree-10	69	179	21	131	3	0.0025
DTree-20	94	157	43	106	4	0.005
RFC-50	80	178	22	120	22	0.0075
RFC-100	79	183	17	121	40	0.02
NLSVM-0.1	200	22	178	0	2	0.04
NLSVM-1.0	183	63	137	17	2	0.03
NLSVM-10	7	200	0	193	2	0.0275
LDA	103	165	35	97	312	0.2475
SDA-0.5	108	177	23	92	1669	0.17
SDA-1.0	106	177	23	94	1798	0.1625
SDA-1.5	106	177	23	94	1657	0.1625
SDA-2.0	106	177	23	94	1628	0.1825
SDA-2.5	106	177	23	94	1721	0.1625
SDA-3.0	106	177	23	94	1673	0.1725
\TheName{}-0.5	149	147	53	51	1818	0.1675
\TheName{}-1.0	123	182	18	77	1703	0.175
\TheName{}-1.5	114	181	19	86	1715	0.165
\TheName{}-2.0	111	180	20	89	1722	0.175
\TheName{}-2.5	109	179	21	91	1770	0.1775
\TheName{}-3.0	107	179	21	93	1718	0.1625
SVM	136	169	31	64	3	0.005
LR	0	200	0	200	0	0.005
Ye-LDA	97	185	15	103	151	0.0125
DTree-10	102	164	36	98	12	0.005
DTree-20	124	147	53	76	4	0.005
RFC-50	83	180	20	117	22	0.0175
RFC-100	80	178	22	120	39	0.025
NLSVM-0.1	0	200	0	200	2	0.0425
NLSVM-1.0	151	86	114	49	1	0.04
NLSVM-10	200	31	169	0	1	0.03
LDA	105	140	60	95	299	0.2325
SDA-0.5	128	176	24	72	1626	0.1675
SDA-1.0	126	176	24	74	1601	0.1625
SDA-1.5	126	176	24	74	1719	0.1625
SDA-2.0	126	176	24	74	1605	0.165
SDA-2.5	126	176	24	74	1597	0.175
SDA-3.0	126	176	24	74	1561	0.1625
\TheName{}-0.5	147	118	82	53	1651	0.1625
\TheName{}-1.0	171	181	19	29	1689	0.175
\TheName{}-1.5	153	178	22	47	1722	0.165
\TheName{}-2.0	143	179	21	57	1656	0.175
\TheName{}-2.5	137	178	22	63	1678	0.17
\TheName{}-3.0	133	178	22	67	1793	0.17
SVM	165	164	36	35	4	0.0075
LR	0	200	0	200	0	0.005
Ye-LDA	135	175	25	65	150	0.0025
DTree-10	66	176	24	134	3	0.0025
DTree-20	96	157	43	104	4	0.005
RFC-50	108	177	23	92	26	0.01
RFC-100	107	182	18	93	95	0.02
NLSVM-0.1	199	18	182	1	2	0.04
NLSVM-1.0	179	107	93	21	1	0.0325
NLSVM-10	197	89	111	3	2	0.03
LDA	151	150	50	49	306	0.2125
SDA-0.5	187	159	41	13	1611	0.1725
SDA-1.0	185	159	41	15	1726	0.1625
SDA-1.5	184	159	41	16	1647	0.1775
SDA-2.0	184	159	41	16	1688	0.1625
SDA-2.5	184	159	41	16	1566	0.175
SDA-3.0	184	159	41	16	1612	0.1625
\TheName{}-0.5	181	176	24	19	1688	0.1625
\TheName{}-1.0	185	170	30	15	1795	0.1625
\TheName{}-1.5	185	166	34	15	1705	0.1675
\TheName{}-2.0	184	166	34	16	1645	0.1725
\TheName{}-2.5	183	166	34	17	1686	0.1625
\TheName{}-3.0	183	166	34	17	1710	0.175
SVM	179	151	49	21	3	0.0025
LR	0	200	0	200	1	0.0025
Ye-LDA	164	174	26	36	130	0.0075
DTree-10	73	178	22	127	2	0.005
DTree-20	114	172	28	86	4	0.005
RFC-50	95	174	26	105	10	0.01
RFC-100	95	177	23	105	18	0.02
NLSVM-0.1	200	13	187	0	2	0.04
NLSVM-1.0	13	198	2	187	1	0.0325
NLSVM-10	3	200	0	197	1	0.03
LDA	162	128	72	38	324	0.2475
SDA-0.5	134	171	29	66	1795	0.165
SDA-1.0	133	171	29	67	1513	0.1725
SDA-1.5	132	171	29	68	1604	0.165
SDA-2.0	132	170	30	68	1548	0.1725
SDA-2.5	131	170	30	69	1700	0.245
SDA-3.0	131	170	30	69	1569	0.1675
\TheName{}-0.5	170	99	101	30	1585	0.17
\TheName{}-1.0	165	166	34	35	1692	0.185
\TheName{}-1.5	142	169	31	58	1683	0.1875
\TheName{}-2.0	138	169	31	62	1649	0.17
\TheName{}-2.5	136	169	31	64	1731	0.17
\TheName{}-3.0	135	169	31	65	1653	0.16
SVM	177	146	54	23	4	0.005
LR	0	200	0	200	0	0.005
Ye-LDA	123	168	32	77	143	0.025
DTree-10	96	172	28	104	3	0.0075
DTree-20	120	169	31	80	5	0.005
RFC-50	86	179	21	114	21	0.0075
RFC-100	85	182	18	115	55	0.0375
NLSVM-0.1	200	6	194	0	2	0.0875
NLSVM-1.0	200	32	168	0	2	0.175
NLSVM-10	200	1	199	0	2	0.03
LDA	159	163	37	41	306	0.2625
SDA-0.5	142	182	18	58	1613	0.16
SDA-1.0	141	182	18	59	1550	0.1625
SDA-1.5	141	182	18	59	1604	0.1625
SDA-2.0	141	182	18	59	1625	0.175
SDA-2.5	141	182	18	59	1600	0.1625
SDA-3.0	141	182	18	59	1572	0.1625
\TheName{}-0.5	174	149	51	26	1705	0.1725
\TheName{}-1.0	155	180	20	45	1631	0.1675
\TheName{}-1.5	149	183	17	51	1649	0.1775
\TheName{}-2.0	148	183	17	52	1754	0.165
\TheName{}-2.5	146	181	19	54	1647	0.185
\TheName{}-3.0	145	181	19	55	1705	0.175
SVM	163	178	22	37	3	0.005
LR	0	200	0	200	0	0.005
Ye-LDA	120	171	29	80	129	0.005
DTree-10	103	168	32	97	12	0.005
DTree-20	127	161	39	73	4	0.0025
RFC-50	92	182	18	108	9	0.0075
RFC-100	98	178	22	102	18	0.0175
NLSVM-0.1	200	18	182	0	2	0.04
NLSVM-1.0	174	84	116	26	2	0.0425
NLSVM-10	200	2	198	0	4	0.03
LDA	137	140	60	63	297	0.27
SDA-0.5	119	176	24	81	1713	0.165
SDA-1.0	119	174	26	81	1622	0.18
SDA-1.5	119	174	26	81	1790	0.165
SDA-2.0	119	175	25	81	1613	0.1625
SDA-2.5	119	175	25	81	1713	0.1725
SDA-3.0	119	175	25	81	1734	0.1675
\TheName{}-0.5	142	187	13	58	1770	0.17
\TheName{}-1.0	125	179	21	75	1849	0.18
\TheName{}-1.5	124	176	24	76	1767	0.1675
\TheName{}-2.0	123	175	25	77	1879	0.18
\TheName{}-2.5	122	175	25	78	1688	0.1725
\TheName{}-3.0	122	175	25	78	1733	0.2325
SVM	141	164	36	59	3	0.005
LR	0	200	0	200	0	0.005
Ye-LDA	108	177	23	92	145	0.0025
DTree-10	80	175	25	120	2	0.005
DTree-20	99	159	41	101	4	0.005
RFC-50	96	175	25	104	24	0.0075
RFC-100	76	181	19	124	41	0.0175
NLSVM-0.1	71	165	35	129	2	0.04
NLSVM-1.0	181	70	130	19	2	0.03
NLSVM-10	200	0	200	0	2	0.0275
LDA	158	147	53	42	299	0.2775
SDA-0.5	180	169	31	20	1653	0.165
SDA-1.0	178	168	32	22	1612	0.1625
SDA-1.5	179	167	33	21	1628	0.1725
SDA-2.0	179	167	33	21	1773	0.1625
SDA-2.5	179	166	34	21	1638	0.16
SDA-3.0	179	166	34	21	1739	0.1725
\TheName{}-0.5	184	164	36	16	1684	0.1625
\TheName{}-1.0	184	168	32	16	1751	0.175
\TheName{}-1.5	183	168	32	17	1707	0.185
\TheName{}-2.0	182	168	32	18	1697	0.165
\TheName{}-2.5	180	168	32	20	1680	0.185
\TheName{}-3.0	180	167	33	20	1696	0.1625
SVM	162	161	39	38	3	0.005
LR	0	200	0	200	1	0.005
Ye-LDA	141	168	32	59	133	0.005
DTree-10	58	174	26	142	8	0.005
DTree-20	97	150	50	103	15	0.0025
RFC-50	80	189	11	120	28	0.0275
RFC-100	72	189	11	128	18	0.0475
NLSVM-0.1	1	200	0	199	2	0.0625
NLSVM-1.0	200	41	159	0	1	0.0375
NLSVM-10	0	200	0	200	1	0.08
LDA	171	125	75	29	293	0.2525
SDA-0.5	136	179	21	64	1652	0.1725
SDA-1.0	133	179	21	67	1577	0.1625
SDA-1.5	133	180	20	67	1634	0.165
SDA-2.0	133	180	20	67	1672	0.1775
SDA-2.5	133	180	20	67	1620	0.16
SDA-3.0	133	179	21	67	1587	0.175
\TheName{}-0.5	164	134	66	36	1751	0.1725
\TheName{}-1.0	151	180	20	49	1711	0.16
\TheName{}-1.5	141	177	23	59	1693	0.175
\TheName{}-2.0	138	177	23	62	1666	0.1625
\TheName{}-2.5	137	177	23	63	1711	0.165
\TheName{}-3.0	136	177	23	64	1623	0.1875
SVM	178	158	42	22	2	0.005
LR	0	200	0	200	1	0.005
Ye-LDA	115	173	27	85	134	0.005
DTree-10	66	185	15	134	70	0.005
DTree-20	111	166	34	89	4	0.005
RFC-50	89	184	16	111	19	0.01
RFC-100	98	188	12	102	40	0.0175
NLSVM-0.1	199	17	183	1	2	0.04
NLSVM-1.0	196	63	137	4	2	0.03
NLSVM-10	195	108	92	5	2	0.03
LDA	154	143	57	46	383	0.255
SDA-0.5	150	181	19	50	1627	0.2475
SDA-1.0	148	181	19	52	1862	0.1825
SDA-1.5	148	181	19	52	1698	0.1675
SDA-2.0	148	181	19	52	1600	0.1675
SDA-2.5	148	181	19	52	1710	0.21
SDA-3.0	148	181	19	52	1720	0.1625
\TheName{}-0.5	176	180	20	24	1722	0.1775
\TheName{}-1.0	155	182	18	45	1714	0.165
\TheName{}-1.5	153	181	19	47	1680	0.165
\TheName{}-2.0	153	181	19	47	1806	0.1775
\TheName{}-2.5	153	181	19	47	1690	0.1725
\TheName{}-3.0	151	181	19	49	1647	0.1775
SVM	169	167	33	31	3	0.005
LR	0	200	0	200	0	0.0075
Ye-LDA	126	176	24	74	132	0.0075
DTree-10	63	172	28	137	2	0.0025
DTree-20	120	160	40	80	5	0.0025
RFC-50	96	184	16	104	23	0.01
RFC-100	90	185	15	110	40	0.02
NLSVM-0.1	0	199	1	200	2	0.04
NLSVM-1.0	199	60	140	1	1	0.0325
NLSVM-10	200	0	200	0	2	0.035
LDA	128	147	53	72	327	0.2425
SDA-0.5	128	183	17	72	1620	0.16
SDA-1.0	127	182	18	73	1659	0.1725
SDA-1.5	127	182	18	73	1658	0.16
SDA-2.0	126	182	18	74	1586	0.165
SDA-2.5	126	182	18	74	1688	0.1725
SDA-3.0	126	182	18	74	1519	0.1625
\TheName{}-0.5	148	105	95	52	1768	0.16
\TheName{}-1.0	170	174	26	30	1686	0.2125
\TheName{}-1.5	150	180	20	50	1594	0.165
\TheName{}-2.0	142	180	20	58	1671	0.1625
\TheName{}-2.5	138	181	19	62	1761	0.1725
\TheName{}-3.0	134	181	19	66	1683	0.17
SVM	161	156	44	39	3	0.005
LR	0	200	0	200	0	0.005
Ye-LDA	127	180	20	73	135	0.015
DTree-10	176	79	121	24	3	0.015
DTree-20	117	162	38	83	5	0.015
RFC-50	78	183	17	122	23	0.0125
RFC-100	78	184	16	122	45	0.02
NLSVM-0.1	71	186	14	129	2	0.04
NLSVM-1.0	192	63	137	8	1	0.0325
NLSVM-10	16	198	2	184	1	0.0275
LDA	157	143	57	43	299	0.255
SDA-0.5	129	174	26	71	1692	0.17
SDA-1.0	129	174	26	71	1578	0.17
SDA-1.5	128	175	25	72	1654	0.165
SDA-2.0	128	175	25	72	1543	0.17
SDA-2.5	128	175	25	72	1708	0.17
SDA-3.0	127	175	25	73	1584	0.165
\TheName{}-0.5	174	143	57	26	1657	0.17
\TheName{}-1.0	153	177	23	47	1797	0.165
\TheName{}-1.5	144	177	23	56	1679	0.1625
\TheName{}-2.0	138	176	24	62	1688	0.17
\TheName{}-2.5	137	176	24	63	1726	0.1625
\TheName{}-3.0	135	174	26	65	1761	0.1725
SVM	166	149	51	34	2	0.005
LR	0	200	0	200	1	0.0025
Ye-LDA	147	175	25	53	130	0.005
DTree-10	78	183	17	122	2	0.005
DTree-20	114	175	25	86	4	0.005
RFC-50	100	187	13	100	22	0.0075
RFC-100	98	181	19	102	41	0.02
NLSVM-0.1	200	23	177	0	2	0.04
NLSVM-1.0	50	182	18	150	1	0.0325
NLSVM-10	7	200	0	193	2	0.03
LDA	90	160	40	110	340	0.3375
SDA-0.5	99	182	18	101	1634	0.255
SDA-1.0	99	182	18	101	1675	0.1775
SDA-1.5	99	180	20	101	1641	0.1625
SDA-2.0	99	180	20	101	1608	0.1625
SDA-2.5	98	180	20	102	1710	0.185
SDA-3.0	98	180	20	102	1722	0.1675
\TheName{}-0.5	133	93	107	67	1719	0.1675
\TheName{}-1.0	126	184	16	74	1805	0.1625
\TheName{}-1.5	113	184	16	87	1714	0.175
\TheName{}-2.0	109	183	17	91	1791	0.1775
\TheName{}-2.5	106	183	17	94	1723	0.165
\TheName{}-3.0	104	182	18	96	1757	0.17
SVM	131	170	30	69	2	0.0075
LR	0	200	0	200	0	0.005
Ye-LDA	96	185	15	104	137	0.0075
DTree-10	60	180	20	140	3	0.01
DTree-20	92	173	27	108	6	0.005
RFC-50	75	190	10	125	25	0.01
RFC-100	73	189	11	127	92	0.0275
NLSVM-0.1	198	13	187	2	2	0.055
NLSVM-1.0	153	86	114	47	2	0.175
NLSVM-10	15	198	2	185	2	0.06
LDA	129	150	50	71	316	0.2625
SDA-0.5	111	182	18	89	1717	0.1725
SDA-1.0	110	180	20	90	1652	0.1725
SDA-1.5	110	180	20	90	1590	0.1775
SDA-2.0	110	180	20	90	1680	0.1625
SDA-2.5	110	180	20	90	1620	0.1725
SDA-3.0	111	180	20	89	1615	0.1625
\TheName{}-0.5	168	139	61	32	1728	0.1625
\TheName{}-1.0	119	179	21	81	1664	0.17
\TheName{}-1.5	116	181	19	84	1723	0.1625
\TheName{}-2.0	113	181	19	87	1732	0.175
\TheName{}-2.5	113	181	19	87	1769	0.18
\TheName{}-3.0	112	181	19	88	1659	0.1625
SVM	147	164	36	53	3	0.005
LR	0	200	0	200	0	0.005
Ye-LDA	107	177	23	93	132	0.005
DTree-10	84	177	23	116	2	0.005
DTree-20	102	167	33	98	10	0.0025
RFC-50	78	183	17	122	8	0.0075
RFC-100	76	184	16	124	15	0.015
NLSVM-0.1	200	11	189	0	2	0.04
NLSVM-1.0	172	61	139	28	2	0.03
NLSVM-10	58	194	6	142	1	0.03
LDA	154	133	67	46	305	0.2825
SDA-0.5	148	163	37	52	1660	0.1725
SDA-1.0	145	162	38	55	1753	0.165
SDA-1.5	145	162	38	55	1649	0.17
SDA-2.0	145	162	38	55	1731	0.1775
SDA-2.5	145	162	38	55	1713	0.1625
SDA-3.0	145	162	38	55	1620	0.17
\TheName{}-0.5	169	125	75	31	1754	0.1725
\TheName{}-1.0	168	162	38	32	1726	0.16
\TheName{}-1.5	160	166	34	40	1823	0.175
\TheName{}-2.0	159	165	35	41	1579	0.1625
\TheName{}-2.5	152	163	37	48	1753	0.165
\TheName{}-3.0	152	164	36	48	1655	0.1675
SVM	160	147	53	40	1	0.005
LR	0	200	0	200	1	0.005
Ye-LDA	141	175	25	59	131	0.0025
DTree-10	104	172	28	96	2	0.005
DTree-20	119	161	39	81	6	0.005
RFC-50	97	171	29	103	18	0.0075
RFC-100	106	169	31	94	39	0.0175
NLSVM-0.1	97	137	63	103	1	0.0425
NLSVM-1.0	199	42	158	1	1	0.0325
NLSVM-10	200	0	200	0	1	0.03
LDA	128	148	52	72	451	0.2675
SDA-0.5	153	163	37	47	1574	0.165
SDA-1.0	153	161	39	47	1681	0.165
SDA-1.5	153	161	39	47	1616	0.1625
SDA-2.0	153	161	39	47	1600	0.17
SDA-2.5	154	161	39	46	1724	0.1625
SDA-3.0	154	161	39	46	1593	0.165
\TheName{}-0.5	162	145	55	38	1698	0.185
\TheName{}-1.0	172	170	30	28	1819	0.165
\TheName{}-1.5	163	166	34	37	1672	0.1625
\TheName{}-2.0	162	165	35	38	1806	0.175
\TheName{}-2.5	160	163	37	40	1683	0.165
\TheName{}-3.0	157	162	38	43	1797	0.1875
SVM	149	158	42	51	2	0.0075
LR	0	200	0	200	0	0.005
Ye-LDA	129	170	30	71	132	0.0025
DTree-10	78	168	32	122	2	0.005
DTree-20	109	152	48	91	24	0.005
RFC-50	97	171	29	103	22	0.0075
RFC-100	109	166	34	91	43	0.0225
NLSVM-0.1	199	20	180	1	2	0.0375
NLSVM-1.0	169	90	110	31	2	0.0325
NLSVM-10	200	37	163	0	1	0.0325
LDA	161	135	65	39	290	0.2175
SDA-0.5	169	171	29	31	1684	0.1625
SDA-1.0	167	170	30	33	1588	0.1625
SDA-1.5	166	170	30	34	1694	0.1675
SDA-2.0	166	170	30	34	1669	0.1825
SDA-2.5	166	170	30	34	1772	0.1775
SDA-3.0	166	170	30	34	1826	0.1775
\TheName{}-0.5	177	160	40	23	1729	0.17
\TheName{}-1.0	179	166	34	21	1689	0.1825
\TheName{}-1.5	173	171	29	27	1742	0.1625
\TheName{}-2.0	171	171	29	29	1826	0.1625
\TheName{}-2.5	170	170	30	30	1705	0.1725
\TheName{}-3.0	169	170	30	31	1764	0.1625
SVM	165	159	41	35	3	0.005
LR	0	200	0	200	0	0.005
Ye-LDA	127	176	24	73	148	0.0025
DTree-10	97	177	23	103	12	0.005
DTree-20	130	159	41	70	4	0.005
RFC-50	89	179	21	111	8	0.0075
RFC-100	87	182	18	113	16	0.0175
NLSVM-0.1	3	200	0	197	2	0.04
NLSVM-1.0	200	49	151	0	1	0.0325
NLSVM-10	7	198	2	193	1	0.03
LDA	145	135	65	55	299	0.245
SDA-0.5	137	173	27	63	1722	0.1725
SDA-1.0	137	171	29	63	1550	0.1675
SDA-1.5	138	171	29	62	1641	0.165
SDA-2.0	138	171	29	62	1628	0.1825
SDA-2.5	138	171	29	62	1616	0.1675
SDA-3.0	138	171	29	62	1622	0.1625
\TheName{}-0.5	134	178	22	66	1820	0.185
\TheName{}-1.0	136	175	25	64	1687	0.1625
\TheName{}-1.5	135	174	26	65	1669	0.1875
\TheName{}-2.0	135	172	28	65	1679	0.1725
\TheName{}-2.5	135	172	28	65	1683	0.165
\TheName{}-3.0	135	172	28	65	1709	0.165
SVM	148	155	45	52	4	0.0025
LR	0	200	0	200	0	0.005
Ye-LDA	109	170	30	91	143	0.01
DTree-10	79	159	41	121	13	0.005
DTree-20	109	136	64	91	4	0.005
RFC-50	83	178	22	117	8	0.01
RFC-100	82	187	13	118	36	0.02
NLSVM-0.1	200	21	179	0	2	0.04
NLSVM-1.0	194	58	142	6	1	0.0325
NLSVM-10	1	200	0	199	1	0.0325
LDA	133	150	50	67	297	0.235
SDA-0.5	129	162	38	71	1715	0.1625
SDA-1.0	127	162	38	73	1622	0.1625
SDA-1.5	127	162	38	73	1646	0.17
SDA-2.0	128	162	38	72	1697	0.165
SDA-2.5	128	162	38	72	1645	0.1625
SDA-3.0	128	162	38	72	1675	0.17
\TheName{}-0.5	166	164	36	34	1708	0.165
\TheName{}-1.0	141	163	37	59	1806	0.1725
\TheName{}-1.5	133	163	37	67	1729	0.175
\TheName{}-2.0	131	163	37	69	1703	0.1625
\TheName{}-2.5	130	163	37	70	1805	0.1775
\TheName{}-3.0	129	163	37	71	1693	0.165
SVM	156	150	50	44	2	0.0075
LR	0	200	0	200	0	0.005
Ye-LDA	125	166	34	75	128	0.005
DTree-10	73	173	27	127	2	0.005
DTree-20	109	166	34	91	4	0.005
RFC-50	90	183	17	110	21	0.0075
RFC-100	90	181	19	110	16	0.02
NLSVM-0.1	198	16	184	2	2	0.04
NLSVM-1.0	179	76	124	21	1	0.0325
NLSVM-10	148	152	48	52	1	0.0325
LDA	134	167	33	66	338	0.3275
SDA-0.5	154	169	31	46	1527	0.1725
SDA-1.0	153	169	31	47	1647	0.1625
SDA-1.5	151	169	31	49	1753	0.165
SDA-2.0	151	169	31	49	1629	0.1775
SDA-2.5	151	169	31	49	1668	0.1675
SDA-3.0	151	169	31	49	1662	0.165
\TheName{}-0.5	161	166	34	39	1704	0.175
\TheName{}-1.0	160	170	30	40	1686	0.1625
\TheName{}-1.5	157	169	31	43	1718	0.1725
\TheName{}-2.0	154	168	32	46	1721	0.165
\TheName{}-2.5	154	168	32	46	1719	0.17
\TheName{}-3.0	154	169	31	46	1692	0.175
SVM	150	167	33	50	4	0.005
LR	0	200	0	200	0	0.005
Ye-LDA	139	160	40	61	133	0.0025
DTree-10	85	159	41	115	2	0.005
DTree-20	120	149	51	80	4	0.005
RFC-50	102	185	15	98	23	0.01
RFC-100	99	184	16	101	43	0.02
NLSVM-0.1	200	13	187	0	2	0.04
NLSVM-1.0	172	48	152	28	1	0.0325
NLSVM-10	2	200	0	198	1	0.03
LDA	131	147	53	69	350	0.265
SDA-0.5	127	180	20	73	1603	0.1625
SDA-1.0	126	179	21	74	1712	0.175
SDA-1.5	126	179	21	74	1730	0.2
SDA-2.0	126	179	21	74	1748	0.165
SDA-2.5	126	178	22	74	1611	0.1625
SDA-3.0	126	178	22	74	1663	0.175
\TheName{}-0.5	147	185	15	53	1719	0.1625
\TheName{}-1.0	138	184	16	62	1676	0.165
\TheName{}-1.5	130	181	19	70	1645	0.175
\TheName{}-2.0	128	181	19	72	1693	0.1775
\TheName{}-2.5	129	179	21	71	1663	0.17
\TheName{}-3.0	129	179	21	71	1758	0.175
SVM	145	178	22	55	1	0.005
LR	0	200	0	200	0	0.005
Ye-LDA	112	178	22	88	134	0.005
DTree-10	85	175	25	115	2	0.005
DTree-20	116	147	53	84	4	0.005
RFC-50	85	187	13	115	20	0.0075
RFC-100	85	188	12	115	39	0.015
NLSVM-0.1	200	20	180	0	2	0.0425
NLSVM-1.0	10	193	7	190	1	0.03
NLSVM-10	200	66	134	0	2	0.0375
LDA	114	155	45	86	297	0.245
SDA-0.5	185	148	52	15	1653	0.165
SDA-1.0	185	143	57	15	1600	0.1725
SDA-1.5	185	143	57	15	1683	0.1625
SDA-2.0	185	143	57	15	1649	0.1625
SDA-2.5	185	143	57	15	1722	0.17
SDA-3.0	185	143	57	15	1636	0.165
\TheName{}-0.5	164	149	51	36	1680	0.1625
\TheName{}-1.0	180	152	48	20	1789	0.175
\TheName{}-1.5	183	146	54	17	1799	0.1675
\TheName{}-2.0	184	145	55	16	1851	0.17
\TheName{}-2.5	184	144	56	16	1815	0.1725
\TheName{}-3.0	184	144	56	16	1898	0.165
SVM	174	158	42	26	3	0.005
LR	200	0	200	0	0	0.005
Ye-LDA	147	112	88	53	141	0.005
DTree-10	172	64	136	28	12	0.005
DTree-20	95	170	30	105	5	0.005
RFC-50	95	183	17	105	9	0.0075
RFC-100	102	184	16	98	42	0.02
NLSVM-0.1	130	129	71	70	2	0.04
NLSVM-1.0	200	38	162	0	2	0.03
NLSVM-10	200	0	200	0	1	0.0325
LDA	143	137	63	57	327	0.3775
SDA-0.5	140	164	36	60	1581	0.175
SDA-1.0	136	162	38	64	1637	0.16
SDA-1.5	135	161	39	65	1757	0.1825
SDA-2.0	133	161	39	67	1606	0.17
SDA-2.5	133	161	39	67	1619	0.1625
SDA-3.0	133	161	39	67	1682	0.1625
\TheName{}-0.5	182	146	54	18	1638	0.17
\TheName{}-1.0	147	164	36	53	1734	0.165
\TheName{}-1.5	143	163	37	57	1889	0.165
\TheName{}-2.0	142	163	37	58	1909	0.175
\TheName{}-2.5	137	163	37	63	1733	0.16
\TheName{}-3.0	135	163	37	65	1717	0.165
SVM	148	152	48	52	2	0.005
LR	0	200	0	200	1	0.005
Ye-LDA	139	163	37	61	137	0.005
DTree-10	92	165	35	108	2	0.005
DTree-20	127	145	55	73	5	0.005
RFC-50	106	174	26	94	8	0.01
RFC-100	108	173	27	92	69	0.02
NLSVM-0.1	200	18	182	0	2	0.0475
NLSVM-1.0	168	85	115	32	2	0.0625
NLSVM-10	200	1	199	0	2	0.085
LDA	159	153	47	41	360	0.2
SDA-0.5	126	175	25	74	1656	0.165
SDA-1.0	125	175	25	75	1678	0.165
SDA-1.5	125	174	26	75	1725	0.175
SDA-2.0	125	173	27	75	1649	0.1625
SDA-2.5	125	173	27	75	1624	0.1625
SDA-3.0	125	173	27	75	1727	0.1825
\TheName{}-0.5	129	78	122	71	1763	0.165
\TheName{}-1.0	175	161	39	25	1812	0.17
\TheName{}-1.5	155	176	24	45	1800	0.165
\TheName{}-2.0	142	173	27	58	1972	0.1725
\TheName{}-2.5	133	174	26	67	1810	0.175
\TheName{}-3.0	127	174	26	73	1882	0.1825
SVM	170	163	37	30	3	0.005
LR	0	200	0	200	0	0.005
Ye-LDA	110	168	32	90	144	0.005
DTree-10	71	170	30	129	4	0.0025
DTree-20	111	152	48	89	4	0.0225
RFC-50	96	173	27	104	28	0.0325
RFC-100	87	175	25	113	80	0.05
NLSVM-0.1	1	200	0	199	3	0.14
NLSVM-1.0	194	62	138	6	2	0.0425
NLSVM-10	16	200	0	184	2	0.095
LDA	180	97	103	20	379	0.245
SDA-0.5	132	168	32	68	1716	0.1625
SDA-1.0	131	168	32	69	1676	0.165
SDA-1.5	131	168	32	69	1694	0.175
SDA-2.0	131	168	32	69	1601	0.1625
SDA-2.5	131	168	32	69	1664	0.1625
SDA-3.0	131	168	32	69	1735	0.1675
\TheName{}-0.5	175	107	93	25	1816	0.1825
\TheName{}-1.0	164	169	31	36	1788	0.1625
\TheName{}-1.5	149	169	31	51	1907	0.1725
\TheName{}-2.0	141	169	31	59	1750	0.1725
\TheName{}-2.5	139	168	32	61	1795	0.1725
\TheName{}-3.0	136	166	34	64	1848	0.16
SVM	180	134	66	20	2	0.005
LR	0	200	0	200	1	0.005
Ye-LDA	128	170	30	72	140	0.005
DTree-10	130	148	52	70	13	0.0025
DTree-20	142	150	50	58	14	0.005
RFC-50	108	174	26	92	9	0.01
RFC-100	104	175	25	96	39	0.0175
NLSVM-0.1	199	15	185	1	3	0.04
NLSVM-1.0	183	78	122	17	2	0.03
NLSVM-10	11	200	0	189	2	0.0275
LDA	132	147	53	68	318	0.2225
SDA-0.5	122	183	17	78	1638	0.185
SDA-1.0	122	183	17	78	1650	0.1625
SDA-1.5	121	183	17	79	1725	0.1625
SDA-2.0	121	183	17	79	1562	0.1625
SDA-2.5	121	183	17	79	1673	0.165
SDA-3.0	121	183	17	79	1613	0.16
\TheName{}-0.5	172	132	68	28	1772	0.1725
\TheName{}-1.0	143	183	17	57	1660	0.1825
\TheName{}-1.5	134	184	16	66	1779	0.1625
\TheName{}-2.0	128	183	17	72	1678	0.1725
\TheName{}-2.5	127	183	17	73	1821	0.1625
\TheName{}-3.0	127	183	17	73	1730	0.1625
SVM	153	159	41	47	11	0.005
LR	0	200	0	200	0	0.005
Ye-LDA	114	181	19	86	152	0.005
DTree-10	97	165	35	103	3	0.0075
DTree-20	114	150	50	86	4	0.0025
RFC-50	98	185	15	102	30	0.01
RFC-100	85	187	13	115	117	0.04
NLSVM-0.1	200	25	175	0	2	0.0425
NLSVM-1.0	177	83	117	23	1	0.0325
NLSVM-10	197	66	134	3	2	0.03
LDA	164	109	91	36	282	0.2875
SDA-0.5	188	116	84	12	1632	0.165
SDA-1.0	188	113	87	12	1599	0.1775
SDA-1.5	188	114	86	12	1681	0.1825
SDA-2.0	189	112	88	11	1585	0.1625
SDA-2.5	189	112	88	11	1590	0.17
SDA-3.0	189	112	88	11	1548	0.165
\TheName{}-0.5	187	123	77	13	1741	0.1725
\TheName{}-1.0	188	118	82	12	1673	0.1675
\TheName{}-1.5	188	115	85	12	1742	0.175
\TheName{}-2.0	189	114	86	11	1657	0.17
\TheName{}-2.5	189	115	85	11	1662	0.165
\TheName{}-3.0	189	116	84	11	1653	0.165
SVM	185	130	70	15	4	0.005
LR	200	0	200	0	0	0.005
Ye-LDA	187	113	87	13	129	0.005
DTree-10	166	60	140	34	13	0.0025
DTree-20	108	140	60	92	4	0.005
RFC-50	82	181	19	118	11	0.0075
RFC-100	86	184	16	114	40	0.0175
NLSVM-0.1	200	17	183	0	2	0.04
NLSVM-1.0	63	168	32	137	2	0.03
NLSVM-10	1	200	0	199	2	0.03
LDA	136	133	67	64	366	0.27
SDA-0.5	120	187	13	80	1589	0.165
SDA-1.0	120	186	14	80	1531	0.1625
SDA-1.5	120	186	14	80	1678	0.1625
SDA-2.0	119	186	14	81	1536	0.1725
SDA-2.5	119	185	15	81	1700	0.1675
SDA-3.0	119	185	15	81	1664	0.18
\TheName{}-0.5	160	89	111	40	1754	0.1725
\TheName{}-1.0	162	179	21	38	1726	0.165
\TheName{}-1.5	138	184	16	62	1694	0.1625
\TheName{}-2.0	132	186	14	68	1734	0.17
\TheName{}-2.5	128	186	14	72	1758	0.17
\TheName{}-3.0	126	187	13	74	1646	0.1625
SVM	158	153	47	42	2	0.005
LR	0	200	0	200	1	0.0025
Ye-LDA	141	182	18	59	129	0.0025
DTree-10	92	154	46	108	3	0.005
DTree-20	113	149	51	87	10	0.005
RFC-50	90	185	15	110	10	0.0075
RFC-100	99	185	15	101	47	0.0375
NLSVM-0.1	200	22	178	0	2	0.05
NLSVM-1.0	21	191	9	179	1	0.0325
NLSVM-10	25	200	0	175	1	0.035
LDA	153	138	62	47	334	0.2625
SDA-0.5	112	174	26	88	1545	0.1625
SDA-1.0	111	172	28	89	1595	0.165
SDA-1.5	111	172	28	89	1665	0.17
SDA-2.0	111	172	28	89	1627	0.1625
SDA-2.5	110	172	28	90	1684	0.1625
SDA-3.0	110	172	28	90	1553	0.1625
\TheName{}-0.5	176	122	78	24	1707	0.1725
\TheName{}-1.0	124	172	28	76	1624	0.165
\TheName{}-1.5	118	174	26	82	1733	0.165
\TheName{}-2.0	115	174	26	85	1636	0.1875
\TheName{}-2.5	112	174	26	88	1663	0.1625
\TheName{}-3.0	111	174	26	89	1755	0.175
SVM	177	141	59	23	2	0.01
LR	0	200	0	200	0	0.005
Ye-LDA	108	167	33	92	129	0.005
DTree-10	61	168	32	139	3	0.0025
DTree-20	103	154	46	97	5	0.0025
RFC-50	78	182	18	122	19	0.0075
RFC-100	71	177	23	129	16	0.0125
NLSVM-0.1	2	200	0	198	2	0.04
NLSVM-1.0	31	175	25	169	1	0.0375
NLSVM-10	165	123	77	35	2	0.0425
LDA	128	155	45	72	301	0.2775
SDA-0.5	142	177	23	58	1690	0.1675
SDA-1.0	139	177	23	61	1644	0.165
SDA-1.5	139	177	23	61	1658	0.1725
SDA-2.0	139	177	23	61	1696	0.17
SDA-2.5	140	177	23	60	1585	0.165
SDA-3.0	141	177	23	59	1683	0.17
\TheName{}-0.5	171	151	49	29	1633	0.17
\TheName{}-1.0	151	168	32	49	1911	0.1625
\TheName{}-1.5	147	175	25	53	1756	0.1725
\TheName{}-2.0	147	176	24	53	1791	0.1625
\TheName{}-2.5	146	175	25	54	1695	0.165
\TheName{}-3.0	144	175	25	56	1624	0.18
SVM	152	177	23	48	3	0.005
LR	0	200	0	200	1	0.005
Ye-LDA	134	174	26	66	154	0.0025
DTree-10	88	165	35	112	4	0.0025
DTree-20	112	155	45	88	4	0.0125
RFC-50	94	178	22	106	20	0.0075
RFC-100	91	185	15	109	39	0.02
NLSVM-0.1	200	6	194	0	2	0.04
NLSVM-1.0	167	69	131	33	2	0.0325
NLSVM-10	197	79	121	3	1	0.04
LDA	92	179	21	108	265	0.2375
SDA-0.5	143	171	29	57	1707	0.1625
SDA-1.0	142	171	29	58	1550	0.1625
SDA-1.5	140	172	28	60	1597	0.175
SDA-2.0	140	172	28	60	1629	0.1625
SDA-2.5	140	172	28	60	1641	0.165
SDA-3.0	140	172	28	60	1630	0.1825
\TheName{}-0.5	168	127	73	32	1694	0.1625
\TheName{}-1.0	167	157	43	33	1729	0.1725
\TheName{}-1.5	159	168	32	41	1679	0.1725
\TheName{}-2.0	157	170	30	43	1722	0.1625
\TheName{}-2.5	155	170	30	45	1705	0.1725
\TheName{}-3.0	152	169	31	48	1778	0.1725
SVM	149	157	43	51	3	0.005
LR	0	200	0	200	1	0.0025
Ye-LDA	155	143	57	45	143	0.015
DTree-10	95	170	30	105	3	0.015
DTree-20	123	158	42	77	4	0.015
RFC-50	87	186	14	113	21	0.0125
RFC-100	84	186	14	116	39	0.0275
NLSVM-0.1	0	200	0	200	2	0.05
NLSVM-1.0	188	60	140	12	2	0.03
NLSVM-10	9	200	0	191	1	0.03
LDA	146	155	45	54	307	0.28
SDA-0.5	164	159	41	36	1631	0.1625
SDA-1.0	164	156	44	36	1654	0.1625
SDA-1.5	163	157	43	37	1717	0.175
SDA-2.0	162	156	44	38	1750	0.1675
SDA-2.5	162	156	44	38	1533	0.1625
SDA-3.0	162	156	44	38	1622	0.1725
\TheName{}-0.5	186	154	46	14	1716	0.165
\TheName{}-1.0	178	160	40	22	1731	0.165
\TheName{}-1.5	171	161	39	29	1694	0.1975
\TheName{}-2.0	169	159	41	31	1749	0.1625
\TheName{}-2.5	169	157	43	31	1795	0.17
\TheName{}-3.0	166	157	43	34	1606	0.175
SVM	172	146	54	28	4	0.005
LR	200	0	200	0	0	0.005
Ye-LDA	186	123	77	14	127	0.0025
DTree-10	74	183	17	126	3	0.0025
DTree-20	106	157	43	94	4	0.005
RFC-50	83	181	19	117	20	0.0075
RFC-100	89	178	22	111	42	0.0175
NLSVM-0.1	199	8	192	1	2	0.0425
NLSVM-1.0	32	184	16	168	1	0.0325
NLSVM-10	200	15	185	0	1	0.03
LDA	163	128	72	37	383	0.2325
SDA-0.5	126	177	23	74	1702	0.165
SDA-1.0	125	176	24	75	1511	0.1825
SDA-1.5	125	176	24	75	1655	0.1775
SDA-2.0	125	176	24	75	1583	0.1625
SDA-2.5	125	176	24	75	1756	0.1725
SDA-3.0	124	176	24	76	1609	0.165
\TheName{}-0.5	171	148	52	29	1651	0.165
\TheName{}-1.0	143	174	26	57	1669	0.175
\TheName{}-1.5	134	176	24	66	1730	0.165
\TheName{}-2.0	129	173	27	71	1716	0.17
\TheName{}-2.5	128	175	25	72	1801	0.1725
\TheName{}-3.0	128	175	25	72	1647	0.165
SVM	161	152	48	39	2	0.0075
LR	0	200	0	200	0	0.005
Ye-LDA	145	169	31	55	131	0.005
DTree-10	76	178	22	124	14	0.005
DTree-20	106	167	33	94	5	0.005
RFC-50	90	181	19	110	9	0.0075
RFC-100	87	182	18	113	47	0.0175
NLSVM-0.1	3	198	2	197	2	0.0475
NLSVM-1.0	194	89	111	6	2	0.0325
NLSVM-10	39	199	1	161	1	0.0325
LDA	141	110	90	59	293	0.23
SDA-0.5	101	178	22	99	1727	0.1625
SDA-1.0	97	178	22	103	1619	0.1625
SDA-1.5	96	179	21	104	1600	0.1625
SDA-2.0	96	179	21	104	1649	0.1625
SDA-2.5	96	179	21	104	1748	0.175
SDA-3.0	95	179	21	105	1587	0.165
\TheName{}-0.5	130	87	113	70	1757	0.1625
\TheName{}-1.0	121	189	11	79	1642	0.1725
\TheName{}-1.5	113	186	14	87	1726	0.16
\TheName{}-2.0	109	183	17	91	1675	0.1625
\TheName{}-2.5	106	183	17	94	1751	0.18
\TheName{}-3.0	104	180	20	96	1800	0.1625
SVM	129	172	28	71	2	0.005
LR	0	200	0	200	1	0.0025
Ye-LDA	105	177	23	95	149	0.0175
DTree-10	87	159	41	113	2	0.0125
DTree-20	99	150	50	101	4	0.0175
RFC-50	90	176	24	110	8	0.025
RFC-100	90	182	18	110	17	0.0175
NLSVM-0.1	200	16	184	0	2	0.0475
NLSVM-1.0	175	70	130	25	1	0.0475
NLSVM-10	28	198	2	172	2	0.03
LDA	145	148	52	55	220	0.2475
SDA-0.5	112	173	27	88	1608	0.1725
SDA-1.0	109	173	27	91	1512	0.18
SDA-1.5	108	174	26	92	1533	0.1625
SDA-2.0	107	174	26	93	1439	0.1625
SDA-2.5	107	174	26	93	1712	0.1625
SDA-3.0	107	174	26	93	1574	0.1775
\TheName{}-0.5	131	37	163	69	1675	0.1625
\TheName{}-1.0	177	110	90	23	1736	0.165
\TheName{}-1.5	145	163	37	55	1615	0.1625
\TheName{}-2.0	128	173	27	72	1655	0.1725
\TheName{}-2.5	122	174	26	78	1724	0.165
\TheName{}-3.0	121	175	25	79	1604	0.1625
SVM	166	159	41	34	2	0.005
LR	0	200	0	200	1	0.0025
Ye-LDA	112	172	28	88	129	0.0025
DTree-10	61	171	29	139	3	0.0025
DTree-20	91	158	42	109	6	0.005
RFC-50	72	176	24	128	20	0.005
RFC-100	65	177	23	135	15	0.0175
NLSVM-0.1	200	15	185	0	2	0.0825
NLSVM-1.0	12	197	3	188	2	0.0475
NLSVM-10	21	198	2	179	1	0.0625
LDA	104	155	45	96	427	0.42
SDA-0.5	165	169	31	35	1679	0.1725
SDA-1.0	164	169	31	36	1628	0.185
SDA-1.5	164	169	31	36	1670	0.1625
SDA-2.0	164	169	31	36	1644	0.1725
SDA-2.5	164	169	31	36	1633	0.165
SDA-3.0	164	169	31	36	1750	0.1625
\TheName{}-0.5	166	141	59	34	1710	0.185
\TheName{}-1.0	172	164	36	28	1621	0.1675
\TheName{}-1.5	171	166	34	29	1795	0.1625
\TheName{}-2.0	169	166	34	31	1719	0.1725
\TheName{}-2.5	169	168	32	31	1704	0.1625
\TheName{}-3.0	169	168	32	31	1688	0.165
SVM	147	165	35	53	1	0.005
LR	0	200	0	200	1	0.0025
Ye-LDA	168	128	72	32	128	0.0025
DTree-10	104	141	59	96	3	0.005
DTree-20	115	135	65	85	4	0.0025
RFC-50	89	161	39	111	19	0.0075
RFC-100	85	165	35	115	15	0.0175
NLSVM-0.1	199	10	190	1	2	0.04
NLSVM-1.0	30	190	10	170	1	0.0325
NLSVM-10	191	116	84	9	2	0.0275
LDA	146	123	77	54	389	0.285
SDA-0.5	154	166	34	46	1723	0.1925
SDA-1.0	150	167	33	50	1836	0.165
SDA-1.5	150	167	33	50	1660	0.22
SDA-2.0	150	166	34	50	1791	0.1775
SDA-2.5	149	166	34	51	1742	0.1725
SDA-3.0	147	166	34	53	1717	0.16
\TheName{}-0.5	169	160	40	31	1765	0.175
\TheName{}-1.0	157	166	34	43	1790	0.175
\TheName{}-1.5	156	165	35	44	1773	0.1625
\TheName{}-2.0	155	165	35	45	1731	0.1725
\TheName{}-2.5	150	165	35	50	1711	0.1625
\TheName{}-3.0	148	165	35	52	1800	0.165
SVM	152	144	56	48	3	0.005
LR	0	200	0	200	1	0.005
Ye-LDA	138	159	41	62	130	0.0025
DTree-10	76	152	48	124	2	0.005
DTree-20	106	140	60	94	5	0.005
RFC-50	108	168	32	92	22	0.0075
RFC-100	106	172	28	94	47	0.0225
NLSVM-0.1	3	199	1	197	2	0.0375
NLSVM-1.0	181	75	125	19	2	0.03
NLSVM-10	200	2	198	0	2	0.03
LDA	146	166	34	54	359	0.205
SDA-0.5	113	176	24	87	1708	0.1825
SDA-1.0	112	175	25	88	1695	0.175
SDA-1.5	112	175	25	88	1742	0.1925
SDA-2.0	113	175	25	87	1680	0.1925
SDA-2.5	113	175	25	87	1738	0.18
SDA-3.0	113	174	26	87	1756	0.165
\TheName{}-0.5	148	136	64	52	1702	0.175
\TheName{}-1.0	133	185	15	67	1771	0.1625
\TheName{}-1.5	121	181	19	79	1662	0.17
\TheName{}-2.0	116	179	21	84	1766	0.165
\TheName{}-2.5	115	179	21	85	1672	0.1675
\TheName{}-3.0	113	178	22	87	1842	0.175
SVM	162	172	28	38	2	0.005
LR	0	200	0	200	1	0.0025
Ye-LDA	119	175	25	81	140	0.005
DTree-10	93	157	43	107	2	0.005
DTree-20	123	139	61	77	5	0.005
RFC-50	93	172	28	107	22	0.01
RFC-100	86	177	23	114	42	0.02
NLSVM-0.1	0	200	0	200	2	0.04
NLSVM-1.0	135	132	68	65	2	0.0325
NLSVM-10	17	200	0	183	1	0.03
LDA	149	126	74	51	325	0.2875
SDA-0.5	126	177	23	74	1658	0.1675
SDA-1.0	125	175	25	75	1657	0.1625
SDA-1.5	125	175	25	75	1641	0.1725
SDA-2.0	124	175	25	76	1625	0.17
SDA-2.5	124	174	26	76	1701	0.1625
SDA-3.0	124	174	26	76	1612	0.1625
\TheName{}-0.5	137	52	148	63	1746	0.17
\TheName{}-1.0	174	119	81	26	1670	0.1625
\TheName{}-1.5	174	166	34	26	1697	0.16
\TheName{}-2.0	154	174	26	46	1726	0.17
\TheName{}-2.5	151	175	25	49	1863	0.175
\TheName{}-3.0	142	174	26	58	1817	0.16
SVM	140	159	41	60	3	0.005
LR	0	200	0	200	1	0.0025
Ye-LDA	147	162	38	53	145	0.015
DTree-10	68	189	11	132	3	0.0125
DTree-20	104	161	39	96	14	0.01
RFC-50	77	187	13	123	30	0.01
RFC-100	80	192	8	120	149	0.04
NLSVM-0.1	115	131	69	85	5	0.055
NLSVM-1.0	199	39	161	1	4	0.07
NLSVM-10	11	200	0	189	1	0.0575
LDA	121	156	44	79	311	0.22
SDA-0.5	94	184	16	106	1651	0.1675
SDA-1.0	93	185	15	107	1618	0.165
SDA-1.5	92	185	15	108	1581	0.1625
SDA-2.0	92	185	15	108	1710	0.175
SDA-2.5	92	185	15	108	1778	0.16
SDA-3.0	92	185	15	108	1650	0.1625
\TheName{}-0.5	140	72	128	60	1745	0.1975
\TheName{}-1.0	116	186	14	84	1697	0.17
\TheName{}-1.5	102	184	16	98	1764	0.165
\TheName{}-2.0	100	184	16	100	1693	0.165
\TheName{}-2.5	97	185	15	103	1796	0.1625
\TheName{}-3.0	95	185	15	105	1765	0.1825
SVM	135	169	31	65	2	0.005
LR	0	200	0	200	1	0.0025
Ye-LDA	86	187	13	114	194	0.02
DTree-10	85	182	18	115	3	0.0025
DTree-20	104	170	30	96	62	0.0125
RFC-50	75	182	18	125	38	0.025
RFC-100	71	188	12	129	41	0.0175
NLSVM-0.1	1	200	0	199	2	0.0825
NLSVM-1.0	131	146	54	69	2	0.04
NLSVM-10	169	139	61	31	2	0.0375
LDA	112	145	55	88	297	0.2725
SDA-0.5	98	180	20	102	1578	0.1825
SDA-1.0	96	177	23	104	1586	0.1625
SDA-1.5	95	177	23	105	1563	0.1625
SDA-2.0	96	177	23	104	1614	0.1675
SDA-2.5	95	176	24	105	1662	0.175
SDA-3.0	95	175	25	105	1597	0.1625
\TheName{}-0.5	143	71	129	57	1832	0.2175
\TheName{}-1.0	149	181	19	51	1661	0.1875
\TheName{}-1.5	123	185	15	77	1660	0.165
\TheName{}-2.0	113	181	19	87	1637	0.1625
\TheName{}-2.5	110	180	20	90	1650	0.17
\TheName{}-3.0	109	179	21	91	1603	0.1625
SVM	149	167	33	51	3	0.005
LR	0	200	0	200	0	0.005
Ye-LDA	109	183	17	91	133	0.005
DTree-10	98	131	69	102	2	0.005
DTree-20	126	122	78	74	3	0.005
RFC-50	100	178	22	100	20	0.0075
RFC-100	90	178	22	110	42	0.015
NLSVM-0.1	55	188	12	145	2	0.06
NLSVM-1.0	171	72	128	29	2	0.05
NLSVM-10	3	200	0	197	2	0.0325
LDA	168	144	56	32	435	0.29
SDA-0.5	164	170	30	36	1605	0.1675
SDA-1.0	165	170	30	35	1643	0.1725
SDA-1.5	164	170	30	36	1855	0.165
SDA-2.0	164	170	30	36	1572	0.17
SDA-2.5	164	170	30	36	1665	0.17
SDA-3.0	164	170	30	36	1725	0.175
\TheName{}-0.5	174	152	48	26	1719	0.165
\TheName{}-1.0	171	166	34	29	1825	0.1625
\TheName{}-1.5	164	169	31	36	1647	0.1725
\TheName{}-2.0	164	170	30	36	1664	0.165
\TheName{}-2.5	164	171	29	36	1707	0.1675
\TheName{}-3.0	164	170	30	36	1750	0.17
SVM	169	165	35	31	3	0.005
LR	0	200	0	200	0	0.005
Ye-LDA	155	170	30	45	134	0.005
DTree-10	88	181	19	112	3	0.0025
DTree-20	127	176	24	73	5	0.0025
RFC-50	94	188	12	106	10	0.0075
RFC-100	98	188	12	102	41	0.02
NLSVM-0.1	200	18	182	0	2	0.04
NLSVM-1.0	196	81	119	4	1	0.0325
NLSVM-10	136	186	14	64	1	0.03
LDA	101	138	62	99	393	0.27
SDA-0.5	126	171	29	74	1585	0.1625
SDA-1.0	123	171	29	77	1528	0.18
SDA-1.5	123	172	28	77	1595	0.18
SDA-2.0	123	173	27	77	1628	0.165
SDA-2.5	123	173	27	77	1579	0.1675
SDA-3.0	123	173	27	77	1604	0.17
\TheName{}-0.5	179	110	90	21	1749	0.1675
\TheName{}-1.0	146	169	31	54	1708	0.23
\TheName{}-1.5	137	170	30	63	1609	0.1775
\TheName{}-2.0	134	170	30	66	1708	0.175
\TheName{}-2.5	131	170	30	69	1636	0.1625
\TheName{}-3.0	129	170	30	71	1630	0.1625
SVM	173	145	55	27	3	0.005
LR	0	200	0	200	1	0.0025
Ye-LDA	131	169	31	69	133	0.0025
DTree-10	85	171	29	115	3	0.0025
DTree-20	120	157	43	80	15	0.005
RFC-50	97	166	34	103	10	0.0075
RFC-100	91	167	33	109	40	0.0175
NLSVM-0.1	116	133	67	84	2	0.04
NLSVM-1.0	55	170	30	145	1	0.0325
NLSVM-10	43	198	2	157	1	0.03
LDA	147	146	54	53	322	0.265
SDA-0.5	151	187	13	49	1765	0.18
SDA-1.0	152	186	14	48	1630	0.1625
SDA-1.5	151	186	14	49	1578	0.1625
SDA-2.0	151	186	14	49	1699	0.1875
SDA-2.5	150	186	14	50	1717	0.1625
SDA-3.0	150	186	14	50	1585	0.17
\TheName{}-0.5	159	131	69	41	1685	0.1675
\TheName{}-1.0	171	176	24	29	1601	0.18
\TheName{}-1.5	163	181	19	37	1640	0.1625
\TheName{}-2.0	159	184	16	41	1644	0.165
\TheName{}-2.5	157	186	14	43	1533	0.175
\TheName{}-3.0	156	187	13	44	1617	0.1675
SVM	164	147	53	36	3	0.005
LR	0	200	0	200	1	0.0025
Ye-LDA	140	177	23	60	135	0.0025
DTree-10	79	180	20	121	2	0.005
DTree-20	126	167	33	74	4	0.005
RFC-50	84	190	10	116	8	0.0075
RFC-100	93	188	12	107	39	0.0175
NLSVM-0.1	200	7	193	0	2	0.0425
NLSVM-1.0	55	159	41	145	1	0.0375
NLSVM-10	200	6	194	0	1	0.04
LDA	117	152	48	83	330	0.245
SDA-0.5	116	187	13	84	1756	0.1725
SDA-1.0	115	187	13	85	1696	0.1825
SDA-1.5	112	187	13	88	1626	0.17
SDA-2.0	111	187	13	89	1629	0.165
SDA-2.5	111	187	13	89	1649	0.1775
SDA-3.0	111	187	13	89	1559	0.165
\TheName{}-0.5	163	103	97	37	1744	0.165
\TheName{}-1.0	151	183	17	49	1658	0.175
\TheName{}-1.5	133	186	14	67	1729	0.1625
\TheName{}-2.0	125	186	14	75	1719	0.165
\TheName{}-2.5	123	187	13	77	1740	0.17
\TheName{}-3.0	121	187	13	79	1755	0.1625
SVM	146	158	42	54	2	0.0075
LR	0	200	0	200	0	0.005
Ye-LDA	125	183	17	75	132	0.005
DTree-10	112	168	32	88	2	0.005
DTree-20	131	158	42	69	3	0.005
RFC-50	88	184	16	112	10	0.0075
RFC-100	81	188	12	119	48	0.0175
NLSVM-0.1	199	15	185	1	2	0.04
NLSVM-1.0	178	64	136	22	1	0.0325
NLSVM-10	25	197	3	175	2	0.035
LDA	145	137	63	55	381	0.31
SDA-0.5	135	169	31	65	1655	0.1625
SDA-1.0	134	167	33	66	1560	0.1725
SDA-1.5	134	167	33	66	1684	0.17
SDA-2.0	134	167	33	66	1708	0.1625
SDA-2.5	134	167	33	66	1653	0.205
SDA-3.0	134	167	33	66	1651	0.165
\TheName{}-0.5	162	167	33	38	1736	0.1725
\TheName{}-1.0	148	171	29	52	1758	0.18
\TheName{}-1.5	141	171	29	59	1698	0.1625
\TheName{}-2.0	140	170	30	60	1683	0.1625
\TheName{}-2.5	140	170	30	60	1697	0.1725
\TheName{}-3.0	139	170	30	61	1710	0.165
SVM	168	159	41	32	2	0.005
LR	0	200	0	200	1	0.0025
Ye-LDA	121	174	26	79	131	0.0025
DTree-10	134	122	78	66	3	0.005
DTree-20	143	133	67	57	4	0.005
RFC-50	109	180	20	91	23	0.01
RFC-100	105	180	20	95	44	0.02
NLSVM-0.1	2	200	0	198	1	0.0425
NLSVM-1.0	199	44	156	1	1	0.0325
NLSVM-10	200	2	198	0	1	0.03
LDA	160	115	85	40	308	0.1975
SDA-0.5	107	181	19	93	1726	0.1775
SDA-1.0	107	180	20	93	1590	0.1725
SDA-1.5	107	179	21	93	1679	0.1825
SDA-2.0	107	179	21	93	1614	0.1625
SDA-2.5	107	179	21	93	1639	0.2
SDA-3.0	106	179	21	94	1659	0.1725
\TheName{}-0.5	143	72	128	57	1593	0.1625
\TheName{}-1.0	174	158	42	26	1849	0.165
\TheName{}-1.5	144	176	24	56	1721	0.175
\TheName{}-2.0	128	179	21	72	1760	0.1625
\TheName{}-2.5	120	181	19	80	1742	0.1625
\TheName{}-3.0	113	183	17	87	1710	0.1625
SVM	166	135	65	34	3	0.005
LR	0	200	0	200	1	0.005
Ye-LDA	98	159	41	102	134	0.005
DTree-10	77	180	20	123	2	0.0025
DTree-20	106	172	28	94	5	0.0025
RFC-50	82	189	11	118	33	0.01
RFC-100	83	189	11	117	53	0.025
NLSVM-0.1	200	25	175	0	2	0.0575
NLSVM-1.0	200	47	153	0	2	0.0425
NLSVM-10	200	0	200	0	8	0.0425
LDA	154	136	64	46	326	0.26
SDA-0.5	134	172	28	66	1643	0.1675
SDA-1.0	130	171	29	70	1635	0.1625
SDA-1.5	130	171	29	70	1608	0.1625
SDA-2.0	130	171	29	70	1681	0.1775
SDA-2.5	130	171	29	70	1664	0.1625
SDA-3.0	130	171	29	70	1633	0.165
\TheName{}-0.5	184	143	57	16	1711	0.175
\TheName{}-1.0	151	167	33	49	1659	0.165
\TheName{}-1.5	142	170	30	58	1652	0.17
\TheName{}-2.0	140	171	29	60	1767	0.1625
\TheName{}-2.5	137	171	29	63	1666	0.17
\TheName{}-3.0	136	171	29	64	1706	0.1625
SVM	171	156	44	29	4	0.005
LR	0	200	0	200	0	0.005
Ye-LDA	145	161	39	55	127	0.005
DTree-10	72	180	20	128	2	0.005
DTree-20	122	157	43	78	4	0.005
RFC-50	97	168	32	103	21	0.01
RFC-100	102	169	31	98	41	0.02
NLSVM-0.1	199	7	193	1	2	0.04
NLSVM-1.0	149	134	66	51	1	0.0325
NLSVM-10	0	200	0	200	1	0.03
LDA	156	107	93	44	458	0.295
SDA-0.5	162	166	34	38	1591	0.1775
SDA-1.0	162	166	34	38	1668	0.1725
SDA-1.5	161	166	34	39	1765	0.185
SDA-2.0	160	166	34	40	1549	0.165
SDA-2.5	160	166	34	40	1678	0.175
SDA-3.0	160	166	34	40	1641	0.165
\TheName{}-0.5	187	145	55	13	1759	0.1725
\TheName{}-1.0	174	166	34	26	1714	0.1775
\TheName{}-1.5	170	164	36	30	1694	0.18
\TheName{}-2.0	168	165	35	32	1751	0.165
\TheName{}-2.5	167	165	35	33	1794	0.1725
\TheName{}-3.0	166	165	35	34	1689	0.1625
SVM	171	127	73	29	2	0.005
LR	0	200	0	200	1	0.0025
Ye-LDA	157	175	25	43	132	0.005
DTree-10	78	177	23	122	3	0.0025
DTree-20	107	166	34	93	4	0.005
RFC-50	88	180	20	112	20	0.0075
RFC-100	91	179	21	109	49	0.015
NLSVM-0.1	200	2	198	0	2	0.0625
NLSVM-1.0	23	184	16	177	3	0.0325
NLSVM-10	200	0	200	0	2	0.03
LDA	144	156	44	56	381	0.3425
SDA-0.5	121	166	34	79	1633	0.165
SDA-1.0	118	168	32	82	1598	0.1725
SDA-1.5	120	168	32	80	1726	0.1625
SDA-2.0	120	168	32	80	1636	0.165
SDA-2.5	119	168	32	81	1588	0.1625
SDA-3.0	119	168	32	81	1659	0.175
\TheName{}-0.5	181	159	41	19	1647	0.1625
\TheName{}-1.0	132	174	26	68	1671	0.1625
\TheName{}-1.5	125	171	29	75	1832	0.1625
\TheName{}-2.0	123	169	31	77	1673	0.1775
\TheName{}-2.5	123	169	31	77	2124	0.165
\TheName{}-3.0	123	167	33	77	1705	0.165
SVM	173	146	54	27	2	0.0075
LR	200	0	200	0	0	0.005
Ye-LDA	131	174	26	69	124	0.0025
DTree-10	115	160	40	85	3	0.0025
DTree-20	140	147	53	60	5	0.0025
RFC-50	94	170	30	106	22	0.0075
RFC-100	99	166	34	101	18	0.02
NLSVM-0.1	197	14	186	3	2	0.04
NLSVM-1.0	191	37	163	9	2	0.03
NLSVM-10	194	97	103	6	2	0.0275
LDA	159	132	68	41	321	0.2325
SDA-0.5	132	174	26	68	1626	0.1625
SDA-1.0	132	174	26	68	1606	0.1625
SDA-1.5	132	174	26	68	1574	0.1675
SDA-2.0	132	174	26	68	1656	0.1725
SDA-2.5	132	174	26	68	1565	0.1775
SDA-3.0	132	174	26	68	1644	0.16
\TheName{}-0.5	143	74	126	57	1747	0.1725
\TheName{}-1.0	184	170	30	16	1594	0.17
\TheName{}-1.5	157	174	26	43	1767	0.1675
\TheName{}-2.0	145	174	26	55	1659	0.1625
\TheName{}-2.5	141	174	26	59	1722	0.175
\TheName{}-3.0	137	173	27	63	1732	0.165
SVM	182	145	55	18	3	0.0025
LR	0	200	0	200	1	0.0025
Ye-LDA	163	167	33	37	136	0.01
DTree-10	98	163	37	102	14	0.005
DTree-20	123	138	62	77	7	0.0025
RFC-50	91	180	20	109	24	0.01
RFC-100	97	184	16	103	49	0.035
NLSVM-0.1	200	19	181	0	2	0.0425
NLSVM-1.0	199	75	125	1	2	0.0325
NLSVM-10	200	0	200	0	1	0.03
LDA	170	138	62	30	298	0.2575
SDA-0.5	171	153	47	29	1682	0.1625
SDA-1.0	171	153	47	29	1541	0.1725
SDA-1.5	171	153	47	29	1646	0.1775
SDA-2.0	170	152	48	30	1674	0.165
SDA-2.5	170	152	48	30	1736	0.16
SDA-3.0	170	152	48	30	1577	0.1725
\TheName{}-0.5	179	148	52	21	1891	0.165
\TheName{}-1.0	174	150	50	26	1708	0.1625
\TheName{}-1.5	173	149	51	27	1765	0.195
\TheName{}-2.0	171	152	48	29	1718	0.1725
\TheName{}-2.5	171	153	47	29	1775	0.1625
\TheName{}-3.0	171	153	47	29	1707	0.17
SVM	180	137	63	20	3	0.005
LR	0	200	0	200	1	0.005
Ye-LDA	151	149	51	49	131	0.005
DTree-10	62	168	32	138	2	0.005
DTree-20	94	162	38	106	4	0.005
RFC-50	89	184	16	111	23	0.01
RFC-100	86	188	12	114	18	0.02
NLSVM-0.1	200	22	178	0	2	0.04
NLSVM-1.0	200	44	156	0	2	0.03
NLSVM-10	200	0	200	0	2	0.03
LDA	127	149	51	73	288	0.355
SDA-0.5	117	176	24	83	1698	0.1625
SDA-1.0	116	175	25	84	1570	0.1625
SDA-1.5	116	175	25	84	1678	0.18
SDA-2.0	117	175	25	83	1647	0.165
SDA-2.5	117	175	25	83	1718	0.16
SDA-3.0	117	175	25	83	1582	0.1875
\TheName{}-0.5	160	126	74	40	1718	0.175
\TheName{}-1.0	141	184	16	59	1703	0.1625
\TheName{}-1.5	126	182	18	74	1658	0.165
\TheName{}-2.0	123	180	20	77	1731	0.175
\TheName{}-2.5	122	178	22	78	1746	0.165
\TheName{}-3.0	121	178	22	79	1718	0.1725
SVM	161	165	35	39	3	0.0075
LR	0	200	0	200	0	0.005
Ye-LDA	120	173	27	80	132	0.005
DTree-10	93	174	26	107	2	0.0025
DTree-20	116	171	29	84	5	0.005
RFC-50	85	178	22	115	23	0.01
RFC-100	92	178	22	108	44	0.02
NLSVM-0.1	200	15	185	0	2	0.04
NLSVM-1.0	200	41	159	0	1	0.0325
NLSVM-10	3	200	0	197	1	0.03
LDA	155	129	71	45	381	0.365
SDA-0.5	125	175	25	75	1639	0.1775
SDA-1.0	122	174	26	78	1652	0.1675
SDA-1.5	122	174	26	78	1688	0.1675
SDA-2.0	122	174	26	78	1633	0.1725
SDA-2.5	122	174	26	78	1622	0.16
SDA-3.0	122	174	26	78	1707	0.165
\TheName{}-0.5	171	138	62	29	1707	0.1825
\TheName{}-1.0	154	168	32	46	1802	0.175
\TheName{}-1.5	140	172	28	60	1724	0.1625
\TheName{}-2.0	136	173	27	64	1723	0.165
\TheName{}-2.5	134	172	28	66	1843	0.165
\TheName{}-3.0	132	173	27	68	1720	0.1675
SVM	146	150	50	54	4	0.005
LR	0	200	0	200	0	0.005
Ye-LDA	130	181	19	70	139	0.005
DTree-10	73	185	15	127	13	0.0075
DTree-20	94	177	23	106	4	0.005
RFC-50	70	185	15	130	9	0.0075
RFC-100	74	186	14	126	39	0.065
NLSVM-0.1	2	200	0	198	2	0.0425
NLSVM-1.0	187	56	144	13	1	0.035
NLSVM-10	200	58	142	0	2	0.055
LDA	163	138	62	37	324	0.3425
SDA-0.5	142	171	29	58	1661	0.1725
SDA-1.0	139	169	31	61	1539	0.16
SDA-1.5	138	169	31	62	1632	0.185
SDA-2.0	139	169	31	61	1605	0.1625
SDA-2.5	139	169	31	61	1670	0.18
SDA-3.0	139	169	31	61	1640	0.165
\TheName{}-0.5	175	173	27	25	1727	0.1625
\TheName{}-1.0	152	170	30	48	1585	0.17
\TheName{}-1.5	144	172	28	56	1777	0.165
\TheName{}-2.0	144	172	28	56	1697	0.1625
\TheName{}-2.5	142	171	29	58	1948	0.1625
\TheName{}-3.0	142	171	29	58	1712	0.175
SVM	161	163	37	39	2	0.005
LR	0	200	0	200	0	0.005
Ye-LDA	129	177	23	71	134	0.005
DTree-10	182	104	96	18	2	0.005
DTree-20	114	164	36	86	4	0.005
RFC-50	68	192	8	132	22	0.0075
RFC-100	76	187	13	124	43	0.02
NLSVM-0.1	200	12	188	0	2	0.0425
NLSVM-1.0	192	41	159	8	1	0.0325
NLSVM-10	200	0	200	0	1	0.0325
LDA	152	141	59	48	371	0.285
SDA-0.5	147	176	24	53	1707	0.175
SDA-1.0	148	175	25	52	1538	0.165
SDA-1.5	148	175	25	52	1677	0.1625
SDA-2.0	148	175	25	52	1636	0.1725
SDA-2.5	148	175	25	52	1621	0.17
SDA-3.0	148	175	25	52	1611	0.1675
\TheName{}-0.5	171	156	44	29	1866	0.1875
\TheName{}-1.0	158	178	22	42	1669	0.1625
\TheName{}-1.5	153	179	21	47	1725	0.1675
\TheName{}-2.0	154	177	23	46	1667	0.17
\TheName{}-2.5	151	177	23	49	1736	0.165
\TheName{}-3.0	151	176	24	49	1751	0.165
SVM	157	160	40	43	3	0.005
LR	0	200	0	200	0	0.005
Ye-LDA	133	176	24	67	129	0.005
DTree-10	74	178	22	126	2	0.005
DTree-20	127	160	40	73	4	0.005
RFC-50	90	186	14	110	20	0.005
RFC-100	97	183	17	103	38	0.0375
NLSVM-0.1	0	200	0	200	2	0.0475
NLSVM-1.0	190	49	151	10	1	0.0375
NLSVM-10	83	193	7	117	1	0.035
LDA	137	169	31	63	323	0.28
SDA-0.5	109	179	21	91	1574	0.17
SDA-1.0	107	178	22	93	1612	0.1625
SDA-1.5	107	179	21	93	1574	0.165
SDA-2.0	105	179	21	95	1608	0.1625
SDA-2.5	105	179	21	95	1760	0.1725
SDA-3.0	105	179	21	95	1688	0.165
\TheName{}-0.5	151	121	79	49	1637	0.1675
\TheName{}-1.0	132	180	20	68	1687	0.165
\TheName{}-1.5	121	181	19	79	1688	0.1725
\TheName{}-2.0	118	179	21	82	1728	0.175
\TheName{}-2.5	113	179	21	87	1718	0.1625
\TheName{}-3.0	111	179	21	89	1791	0.1825
SVM	158	178	22	42	3	0.01
LR	0	200	0	200	1	0.005
Ye-LDA	101	175	25	99	135	0.015
DTree-10	85	176	24	115	3	0.0225
DTree-20	118	154	46	82	4	0.0275
RFC-50	87	184	16	113	24	0.0175
RFC-100	79	181	19	121	70	0.0275
NLSVM-0.1	200	8	192	0	2	0.045
NLSVM-1.0	172	68	132	28	2	0.0325
NLSVM-10	3	200	0	197	2	0.0325
LDA	130	138	62	70	266	0.2625
SDA-0.5	156	156	44	44	1674	0.1625
SDA-1.0	152	156	44	48	1720	0.1625
SDA-1.5	152	156	44	48	1583	0.175
SDA-2.0	152	156	44	48	1674	0.17
SDA-2.5	152	156	44	48	1590	0.1625
SDA-3.0	152	156	44	48	1660	0.17
\TheName{}-0.5	172	117	83	28	1681	0.1725
\TheName{}-1.0	179	149	51	21	1754	0.165
\TheName{}-1.5	168	151	49	32	1840	0.165
\TheName{}-2.0	163	151	49	37	1775	0.175
\TheName{}-2.5	162	152	48	38	1753	0.165
\TheName{}-3.0	160	150	50	40	1705	0.1625
SVM	161	144	56	39	3	0.005
LR	0	200	0	200	0	0.005
Ye-LDA	157	157	43	43	128	0.0025
DTree-10	63	166	34	137	11	0.005
DTree-20	117	140	60	83	24	0.0025
RFC-50	110	166	34	90	22	0.0075
RFC-100	106	177	23	94	43	0.0125
NLSVM-0.1	200	28	172	0	2	0.05
NLSVM-1.0	198	49	151	2	3	0.09
NLSVM-10	199	37	163	1	2	0.0575
LDA	129	151	49	71	345	0.27
SDA-0.5	151	177	23	49	1556	0.1625
SDA-1.0	150	176	24	50	1588	0.1625
SDA-1.5	150	176	24	50	1527	0.1625
SDA-2.0	150	176	24	50	1668	0.1625
SDA-2.5	149	176	24	51	1581	0.1625
SDA-3.0	149	176	24	51	1640	0.1625
\TheName{}-0.5	138	121	79	62	1672	0.165
\TheName{}-1.0	176	171	29	24	1673	0.1625
\TheName{}-1.5	166	174	26	34	1613	0.1725
\TheName{}-2.0	159	177	23	41	1726	0.165
\TheName{}-2.5	158	177	23	42	1677	0.165
\TheName{}-3.0	156	175	25	44	1758	0.1675
SVM	146	163	37	54	3	0.005
LR	0	200	0	200	1	0.0025
Ye-LDA	144	173	27	56	137	0.0025
DTree-10	90	153	47	110	3	0.005
DTree-20	119	146	54	81	4	0.0025
RFC-50	85	176	24	115	10	0.015
RFC-100	94	173	27	106	43	0.02
NLSVM-0.1	0	200	0	200	3	0.05
NLSVM-1.0	186	50	150	14	2	0.0475
NLSVM-10	66	198	2	134	2	0.0425
LDA	145	146	54	55	362	0.2425
SDA-0.5	165	142	58	35	1473	0.1625
SDA-1.0	163	143	57	37	1696	0.185
SDA-1.5	163	143	57	37	1518	0.1625
SDA-2.0	163	143	57	37	1590	0.2025
SDA-2.5	163	143	57	37	1709	0.1625
SDA-3.0	163	143	57	37	1603	0.1625
\TheName{}-0.5	191	110	90	9	1697	0.165
\TheName{}-1.0	190	135	65	10	1784	0.2
\TheName{}-1.5	180	138	62	20	1733	0.165
\TheName{}-2.0	176	142	58	24	1574	0.1625
\TheName{}-2.5	174	142	58	26	1740	0.1625
\TheName{}-3.0	170	143	57	30	1617	0.175
SVM	172	143	57	28	2	0.0075
LR	0	200	0	200	0	0.005
Ye-LDA	186	126	74	14	133	0.005
DTree-10	190	64	136	10	2	0.005
DTree-20	117	151	49	83	4	0.005
RFC-50	101	170	30	99	23	0.0075
RFC-100	105	171	29	95	46	0.02
NLSVM-0.1	200	17	183	0	2	0.04
NLSVM-1.0	199	56	144	1	2	0.03
NLSVM-10	17	198	2	183	2	0.0275
LDA	166	103	97	34	325	0.3175
SDA-0.5	140	170	30	60	1621	0.17
SDA-1.0	139	170	30	61	1666	0.1675
SDA-1.5	138	169	31	62	1605	0.1875
SDA-2.0	137	169	31	63	1564	0.1625
SDA-2.5	136	169	31	64	1600	0.1625
SDA-3.0	136	169	31	64	1572	0.1625
\TheName{}-0.5	184	117	83	16	1639	0.1775
\TheName{}-1.0	178	141	59	22	1748	0.1625
\TheName{}-1.5	165	159	41	35	1753	0.1625
\TheName{}-2.0	157	163	37	43	1766	0.175
\TheName{}-2.5	154	166	34	46	1717	0.1725
\TheName{}-3.0	147	167	33	53	1714	0.1625
SVM	173	122	78	27	2	0.005
LR	0	200	0	200	0	0.005
Ye-LDA	126	171	29	74	130	0.005
DTree-10	91	157	43	109	3	0.0025
DTree-20	107	150	50	93	4	0.005
RFC-50	82	188	12	118	9	0.01
RFC-100	80	188	12	120	41	0.015
NLSVM-0.1	200	15	185	0	2	0.05
NLSVM-1.0	93	130	70	107	1	0.0425
NLSVM-10	198	52	148	2	2	0.03
LDA	147	117	83	53	392	0.27
SDA-0.5	146	158	42	54	1649	0.175
SDA-1.0	145	158	42	55	1568	0.1625
SDA-1.5	145	158	42	55	1639	0.165
SDA-2.0	145	158	42	55	1625	0.1625
SDA-2.5	145	158	42	55	1740	0.17
SDA-3.0	145	158	42	55	1627	0.165
\TheName{}-0.5	161	160	40	39	1808	0.165
\TheName{}-1.0	151	159	41	49	1623	0.165
\TheName{}-1.5	146	158	42	54	1713	0.1725
\TheName{}-2.0	146	158	42	54	1678	0.165
\TheName{}-2.5	146	158	42	54	1659	0.17
\TheName{}-3.0	145	158	42	55	1730	0.1725
SVM	152	152	48	48	2	0.005
LR	0	200	0	200	1	0.005
Ye-LDA	137	157	43	63	132	0.0075
DTree-10	111	153	47	89	2	0.005
DTree-20	118	132	68	82	3	0.005
RFC-50	116	155	45	84	20	0.0075
RFC-100	115	162	38	85	37	0.02
NLSVM-0.1	200	14	186	0	1	0.0425
NLSVM-1.0	162	78	122	38	2	0.04
NLSVM-10	200	4	196	0	2	0.03
LDA	124	160	40	76	302	0.175
SDA-0.5	154	176	24	46	1668	0.165
SDA-1.0	153	175	25	47	1626	0.165
SDA-1.5	153	175	25	47	1666	0.175
SDA-2.0	152	175	25	48	1656	0.1675
SDA-2.5	152	175	25	48	1605	0.1625
SDA-3.0	152	175	25	48	1633	0.1775
\TheName{}-0.5	172	150	50	28	1755	0.175
\TheName{}-1.0	162	178	22	38	1787	0.16
\TheName{}-1.5	159	177	23	41	1805	0.1675
\TheName{}-2.0	156	175	25	44	1776	0.165
\TheName{}-2.5	155	175	25	45	1814	0.1825
\TheName{}-3.0	154	175	25	46	1872	0.1675
SVM	153	173	27	47	3	0.005
LR	0	200	0	200	1	0.005
Ye-LDA	126	175	25	74	133	0.005
DTree-10	98	172	28	102	2	0.005
DTree-20	132	160	40	68	4	0.005
RFC-50	97	183	17	103	21	0.0175
RFC-100	96	181	19	104	23	0.0225
NLSVM-0.1	1	200	0	199	2	0.0625
NLSVM-1.0	171	116	84	29	2	0.0425
NLSVM-10	2	200	0	198	1	0.0375
LDA	123	122	78	77	295	0.235
SDA-0.5	138	165	35	62	1662	0.1675
SDA-1.0	137	164	36	63	1717	0.1725
SDA-1.5	137	164	36	63	1580	0.1625
SDA-2.0	137	164	36	63	1653	0.1875
SDA-2.5	137	164	36	63	1545	0.1675
SDA-3.0	137	164	36	63	1763	0.1675
\TheName{}-0.5	168	152	48	32	1767	0.17
\TheName{}-1.0	152	161	39	48	1664	0.1625
\TheName{}-1.5	143	162	38	57	1664	0.1625
\TheName{}-2.0	140	162	38	60	1665	0.1725
\TheName{}-2.5	139	162	38	61	1716	0.1625
\TheName{}-3.0	139	163	37	61	1741	0.165
SVM	152	140	60	48	2	0.005
LR	0	200	0	200	1	0.0025
Ye-LDA	124	165	35	76	134	0.0025
DTree-10	76	166	34	124	3	0.0025
DTree-20	103	141	59	97	4	0.005
RFC-50	77	165	35	123	20	0.0125
RFC-100	83	161	39	117	39	0.0175
NLSVM-0.1	200	10	190	0	2	0.0675
NLSVM-1.0	5	199	1	195	2	0.0375
NLSVM-10	16	198	2	184	1	0.035
LDA	130	170	30	70	323	0.2825
SDA-0.5	122	166	34	78	1729	0.17
SDA-1.0	120	165	35	80	1513	0.1625
SDA-1.5	120	165	35	80	1661	0.1675
SDA-2.0	120	165	35	80	1559	0.1625
SDA-2.5	120	165	35	80	1621	0.17
SDA-3.0	120	165	35	80	1646	0.165
\TheName{}-0.5	151	181	19	49	1787	0.16
\TheName{}-1.0	135	170	30	65	1722	0.1625
\TheName{}-1.5	131	166	34	69	1679	0.1725
\TheName{}-2.0	130	166	34	70	1653	0.165
\TheName{}-2.5	130	166	34	70	1749	0.1625
\TheName{}-3.0	127	166	34	73	1651	0.1725
SVM	141	171	29	59	2	0.005
LR	0	200	0	200	0	0.005
Ye-LDA	122	165	35	78	142	0.005
DTree-10	119	139	61	81	3	0.005
DTree-20	118	151	49	82	4	0.005
RFC-50	108	173	27	92	9	0.01
RFC-100	108	171	29	92	43	0.0175
NLSVM-0.1	196	10	190	4	2	0.0425
NLSVM-1.0	158	78	122	42	1	0.03
NLSVM-10	20	198	2	180	2	0.03
LDA	164	110	90	36	271	0.34
SDA-0.5	162	159	41	38	1685	0.17
SDA-1.0	162	158	42	38	1635	0.1625
SDA-1.5	164	158	42	36	1513	0.1625
SDA-2.0	164	158	42	36	1634	0.1775
SDA-2.5	164	158	42	36	1627	0.1725
SDA-3.0	164	158	42	36	1712	0.1625
\TheName{}-0.5	159	149	51	41	1603	0.1825
\TheName{}-1.0	169	164	36	31	1696	0.175
\TheName{}-1.5	165	161	39	35	1647	0.1625
\TheName{}-2.0	164	161	39	36	1823	0.165
\TheName{}-2.5	163	162	38	37	1638	0.17
\TheName{}-3.0	163	162	38	37	1758	0.175
SVM	166	148	52	34	2	0.005
LR	0	200	0	200	1	0.005
Ye-LDA	140	170	30	60	136	0.005
DTree-10	84	167	33	116	20	0.015
DTree-20	124	149	51	76	4	0.0175
RFC-50	87	183	17	113	11	0.01
RFC-100	85	178	22	115	43	0.0275
NLSVM-0.1	200	22	178	0	2	0.08
NLSVM-1.0	200	36	164	0	1	0.0325
NLSVM-10	200	0	200	0	2	0.0475
