LDA	91	152	48	109	351	0.3025
SDA-0.5	99	171	29	101	1462	0.18
SDA-1.0	100	171	29	100	1604	0.175
SDA-1.5	100	171	29	100	1700	0.17
SDA-2.0	99	171	29	101	1593	0.1725
SDA-2.5	99	171	29	101	1625	0.1725
SDA-3.0	99	171	29	101	1574	0.17
\TheName{}-0.5	148	109	91	52	1643	0.18
\TheName{}-1.0	124	171	29	76	1613	0.1825
\TheName{}-1.5	111	172	28	89	1622	0.1875
\TheName{}-2.0	103	172	28	97	1625	0.17
\TheName{}-2.5	103	172	28	97	1698	0.1775
\TheName{}-3.0	103	172	28	97	1606	0.1775
SVM	128	164	36	72	1	0.0075
LR	0	200	0	200	0	0.005
Ye-LDA	104	172	28	96	114	0.005
DTree-10	74	172	28	126	34	0.005
DTree-20	95	157	43	105	25	0.0025
RFC-50	92	168	32	108	16	0.0075
RFC-100	83	171	29	117	14	0.015
NLSVM-0.1	200	13	187	0	1	0.0325
NLSVM-1.0	165	71	129	35	1	0.025
NLSVM-10	22	199	1	178	1	0.0225
LDA	124	141	59	76	350	0.2425
SDA-0.5	158	161	39	42	1571	0.1725
SDA-1.0	157	162	38	43	1498	0.175
SDA-1.5	154	162	38	46	1558	0.1725
SDA-2.0	154	162	38	46	1599	0.1725
SDA-2.5	154	162	38	46	1529	0.175
SDA-3.0	154	162	38	46	1557	0.175
\TheName{}-0.5	156	171	29	44	1698	0.1925
\TheName{}-1.0	157	164	36	43	1617	0.1725
\TheName{}-1.5	156	165	35	44	1650	0.175
\TheName{}-2.0	157	164	36	43	1690	0.1725
\TheName{}-2.5	157	164	36	43	1649	0.175
\TheName{}-3.0	157	164	36	43	1659	0.1725
SVM	152	145	55	48	1	0.0075
LR	200	0	200	0	1	0.0075
Ye-LDA	155	132	68	45	112	0.0025
DTree-10	92	169	31	108	2	0.005
DTree-20	116	161	39	84	9	0.005
RFC-50	95	174	26	105	7	0.005
RFC-100	88	184	16	112	39	0.0175
NLSVM-0.1	2	200	0	198	1	0.0325
NLSVM-1.0	199	34	166	1	1	0.0225
NLSVM-10	0	200	0	200	1	0.0225
LDA	150	157	43	50	297	0.2525
SDA-0.5	131	167	33	69	1530	0.1725
SDA-1.0	131	167	33	69	1479	0.2125
SDA-1.5	130	168	32	70	1658	0.1725
SDA-2.0	130	166	34	70	1583	0.185
SDA-2.5	130	166	34	70	1635	0.1775
SDA-3.0	130	167	33	70	1706	0.2025
\TheName{}-0.5	162	169	31	38	1628	0.1775
\TheName{}-1.0	146	173	27	54	1667	0.175
\TheName{}-1.5	139	173	27	61	1807	0.2225
\TheName{}-2.0	136	172	28	64	1848	0.2175
\TheName{}-2.5	135	171	29	65	1570	0.175
\TheName{}-3.0	135	170	30	65	1699	0.175
SVM	154	167	33	46	2	0.005
LR	0	200	0	200	0	0.005
Ye-LDA	133	154	46	67	108	0.0025
DTree-10	99	166	34	101	2	0.005
DTree-20	115	149	51	85	14	0.0025
RFC-50	114	167	33	86	15	0.0075
RFC-100	111	170	30	89	29	0.0175
NLSVM-0.1	198	16	184	2	1	0.03
NLSVM-1.0	178	75	125	22	1	0.025
NLSVM-10	2	200	0	198	1	0.0225
LDA	125	142	58	75	462	0.2225
SDA-0.5	118	183	17	82	1598	0.1725
SDA-1.0	121	182	18	79	1640	0.175
SDA-1.5	121	182	18	79	1600	0.1725
SDA-2.0	121	183	17	79	1688	0.175
SDA-2.5	120	183	17	80	1594	0.175
SDA-3.0	120	183	17	80	1683	0.17
\TheName{}-0.5	136	55	145	64	1678	0.175
\TheName{}-1.0	184	131	69	16	1625	0.1725
\TheName{}-1.5	161	175	25	39	1759	0.175
\TheName{}-2.0	148	178	22	52	1706	0.1725
\TheName{}-2.5	141	181	19	59	1721	0.175
\TheName{}-3.0	140	182	18	60	1801	0.1725
SVM	154	151	49	46	2	0.005
LR	0	200	0	200	0	0.005
Ye-LDA	109	176	24	91	134	0.005
DTree-10	91	172	28	109	2	0.005
DTree-20	99	170	30	101	2	0.005
RFC-50	76	187	13	124	7	0.0075
RFC-100	74	185	15	126	46	0.0325
NLSVM-0.1	0	200	0	200	1	0.0325
NLSVM-1.0	7	198	2	193	1	0.025
NLSVM-10	0	200	0	200	1	0.0225
LDA	158	133	67	42	349	0.2375
SDA-0.5	126	174	26	74	1666	0.1725
SDA-1.0	126	174	26	74	1607	0.17
SDA-1.5	126	174	26	74	1617	0.175
SDA-2.0	126	175	25	74	1550	0.1725
SDA-2.5	126	175	25	74	1603	0.17
SDA-3.0	125	175	25	75	1643	0.1725
\TheName{}-0.5	150	132	68	50	1700	0.1725
\TheName{}-1.0	142	177	23	58	1661	0.17
\TheName{}-1.5	138	176	24	62	1784	0.1725
\TheName{}-2.0	133	176	24	67	1707	0.175
\TheName{}-2.5	129	176	24	71	1638	0.175
\TheName{}-3.0	128	176	24	72	1654	0.175
SVM	163	160	40	37	1	0.005
LR	0	200	0	200	1	0.0025
Ye-LDA	143	170	30	57	120	0.005
DTree-10	104	165	35	96	2	0.005
DTree-20	111	163	37	89	13	0.0025
RFC-50	90	183	17	110	8	0.005
RFC-100	94	184	16	106	16	0.0125
NLSVM-0.1	200	13	187	0	1	0.0325
NLSVM-1.0	190	53	147	10	1	0.0225
NLSVM-10	200	1	199	0	1	0.0225
LDA	150	120	80	50	368	0.24
SDA-0.5	106	179	21	94	1751	0.18
SDA-1.0	105	179	21	95	1776	0.21
SDA-1.5	104	178	22	96	1645	0.1825
SDA-2.0	102	178	22	98	1629	0.17
SDA-2.5	102	178	22	98	1783	0.1725
SDA-3.0	102	178	22	98	1561	0.17
\TheName{}-0.5	138	70	130	62	1824	0.1775
\TheName{}-1.0	141	182	18	59	1679	0.185
\TheName{}-1.5	121	182	18	79	1736	0.1725
\TheName{}-2.0	117	180	20	83	1649	0.175
\TheName{}-2.5	109	180	20	91	1709	0.1725
\TheName{}-3.0	108	179	21	92	1617	0.1725
SVM	139	154	46	61	2	0.005
LR	0	200	0	200	0	0.0075
Ye-LDA	100	186	14	100	114	0.005
DTree-10	67	177	23	133	2	0.005
DTree-20	100	159	41	100	5	0.005
RFC-50	69	180	20	131	7	0.0075
RFC-100	63	183	17	137	29	0.0175
NLSVM-0.1	1	200	0	199	1	0.0325
NLSVM-1.0	173	84	116	27	1	0.025
NLSVM-10	200	32	168	0	1	0.025
LDA	154	152	48	46	452	0.185
SDA-0.5	180	133	67	20	1652	0.2025
SDA-1.0	178	133	67	22	1568	0.1725
SDA-1.5	177	133	67	23	1637	0.2275
SDA-2.0	177	133	67	23	1610	0.18
SDA-2.5	177	133	67	23	1603	0.1775
SDA-3.0	177	133	67	23	1667	0.1775
\TheName{}-0.5	110	178	22	90	1669	0.1825
\TheName{}-1.0	158	158	42	42	1797	0.18
\TheName{}-1.5	167	147	53	33	1784	0.29
\TheName{}-2.0	169	145	55	31	1725	0.1725
\TheName{}-2.5	169	145	55	31	1714	0.1725
\TheName{}-3.0	169	145	55	31	1689	0.1725
SVM	163	156	44	37	2	0.005
LR	0	200	0	200	0	0.005
Ye-LDA	156	143	57	44	117	0.0025
DTree-10	88	176	24	112	2	0.005
DTree-20	119	164	36	81	3	0.0025
RFC-50	100	179	21	100	7	0.0075
RFC-100	101	179	21	99	32	0.035
NLSVM-0.1	1	200	0	199	1	0.045
NLSVM-1.0	167	84	116	33	1	0.0275
NLSVM-10	137	169	31	63	1	0.045
LDA	168	135	65	32	387	0.2625
SDA-0.5	126	179	21	74	1618	0.18
SDA-1.0	127	178	22	73	1571	0.175
SDA-1.5	126	176	24	74	1558	0.185
SDA-2.0	125	176	24	75	1631	0.175
SDA-2.5	125	176	24	75	1551	0.175
SDA-3.0	125	176	24	75	1694	0.175
\TheName{}-0.5	173	115	85	27	1629	0.175
\TheName{}-1.0	146	171	29	54	1643	0.17
\TheName{}-1.5	134	176	24	66	1578	0.1725
\TheName{}-2.0	130	176	24	70	1750	0.19
\TheName{}-2.5	128	177	23	72	1598	0.175
\TheName{}-3.0	128	177	23	72	1666	0.175
SVM	177	145	55	23	2	0.005
LR	200	0	200	0	1	0.0025
Ye-LDA	180	147	53	20	113	0.0025
DTree-10	86	179	21	114	2	0.005
DTree-20	104	170	30	96	10	0.005
RFC-50	81	189	11	119	6	0.0075
RFC-100	82	187	13	118	40	0.0125
NLSVM-0.1	1	200	0	199	1	0.0325
NLSVM-1.0	199	55	145	1	1	0.025
NLSVM-10	146	155	45	54	1	0.025
LDA	165	138	62	35	322	0.2675
SDA-0.5	112	175	25	88	1651	0.195
SDA-1.0	111	175	25	89	1592	0.1825
SDA-1.5	111	175	25	89	1587	0.1775
SDA-2.0	111	174	26	89	1730	0.195
SDA-2.5	110	174	26	90	1637	0.18
SDA-3.0	109	174	26	91	1609	0.1775
\TheName{}-0.5	143	128	72	57	1799	0.185
\TheName{}-1.0	137	177	23	63	1646	0.1775
\TheName{}-1.5	122	175	25	78	1728	0.185
\TheName{}-2.0	118	175	25	82	1604	0.1775
\TheName{}-2.5	115	175	25	85	1631	0.185
\TheName{}-3.0	114	174	26	86	1629	0.1725
SVM	167	141	59	33	2	0.005
LR	200	0	200	0	0	0.01
Ye-LDA	149	167	33	51	112	0.0025
DTree-10	76	176	24	124	2	0.005
DTree-20	93	172	28	107	22	0.0025
RFC-50	81	174	26	119	7	0.01
RFC-100	80	178	22	120	30	0.015
NLSVM-0.1	200	18	182	0	1	0.0325
NLSVM-1.0	197	45	155	3	1	0.025
NLSVM-10	6	199	1	194	1	0.025
LDA	132	125	75	68	322	0.28
SDA-0.5	135	180	20	65	1649	0.1775
SDA-1.0	134	180	20	66	1544	0.1775
SDA-1.5	134	180	20	66	1600	0.175
SDA-2.0	133	180	20	67	1526	0.1775
SDA-2.5	133	180	20	67	1620	0.18
SDA-3.0	133	180	20	67	1627	0.1775
\TheName{}-0.5	169	150	50	31	1682	0.1725
\TheName{}-1.0	155	172	28	45	1743	0.18
\TheName{}-1.5	141	175	25	59	1621	0.18
\TheName{}-2.0	137	175	25	63	1738	0.18
\TheName{}-2.5	137	179	21	63	1791	0.2725
\TheName{}-3.0	136	179	21	64	1755	0.1875
SVM	159	134	66	41	2	0.0175
LR	0	200	0	200	1	0.0175
Ye-LDA	96	175	25	104	172	0.0175
DTree-10	66	172	28	134	12	0.015
DTree-20	107	143	57	93	4	0.015
RFC-50	83	164	36	117	7	0.035
RFC-100	84	158	42	116	45	0.0325
NLSVM-0.1	193	35	165	7	1	0.0325
NLSVM-1.0	195	39	161	5	1	0.025
NLSVM-10	46	196	4	154	0	0.025
LDA	111	141	59	89	418	0.2525
SDA-0.5	167	154	46	33	1693	0.175
SDA-1.0	167	154	46	33	1574	0.17
SDA-1.5	167	154	46	33	1635	0.1725
SDA-2.0	162	154	46	38	1572	0.1775
SDA-2.5	162	154	46	38	1595	0.17
SDA-3.0	162	154	46	38	1668	0.1725
\TheName{}-0.5	172	155	45	28	1677	0.175
\TheName{}-1.0	167	157	43	33	1676	0.1725
\TheName{}-1.5	166	156	44	34	1693	0.1725
\TheName{}-2.0	167	155	45	33	1684	0.17
\TheName{}-2.5	167	155	45	33	1596	0.1725
\TheName{}-3.0	167	155	45	33	1706	0.1725
SVM	154	139	61	46	2	0.005
LR	200	0	200	0	0	0.005
Ye-LDA	173	128	72	27	105	0.01
DTree-10	70	174	26	130	5	0.0125
DTree-20	97	162	38	103	4	0.005
RFC-50	100	180	20	100	15	0.015
RFC-100	86	185	15	114	14	0.0175
NLSVM-0.1	198	16	184	2	1	0.0325
NLSVM-1.0	182	70	130	18	1	0.0225
NLSVM-10	200	0	200	0	1	0.025
LDA	143	157	43	57	331	0.3525
SDA-0.5	143	165	35	57	1631	0.18
SDA-1.0	140	164	36	60	1595	0.175
SDA-1.5	140	164	36	60	1611	0.17
SDA-2.0	140	163	37	60	1635	0.1725
SDA-2.5	139	163	37	61	1605	0.1725
SDA-3.0	139	162	38	61	1531	0.1725
\TheName{}-0.5	164	162	38	36	1722	0.175
\TheName{}-1.0	155	166	34	45	1604	0.175
\TheName{}-1.5	151	164	36	49	1702	0.175
\TheName{}-2.0	148	163	37	52	1737	0.1825
\TheName{}-2.5	145	163	37	55	1714	0.1725
\TheName{}-3.0	143	163	37	57	1648	0.1725
SVM	165	159	41	35	2	0.0075
LR	200	0	200	0	0	0.005
Ye-LDA	157	158	42	43	106	0.0025
DTree-10	72	175	25	128	2	0.005
DTree-20	100	156	44	100	3	0.005
RFC-50	93	171	29	107	8	0.0075
RFC-100	100	171	29	100	35	0.02
NLSVM-0.1	200	9	191	0	1	0.0325
NLSVM-1.0	174	63	137	26	1	0.0225
NLSVM-10	6	200	0	194	1	0.025
LDA	155	124	76	45	327	0.275
SDA-0.5	141	171	29	59	1631	0.1725
SDA-1.0	141	171	29	59	1757	0.175
SDA-1.5	141	171	29	59	1610	0.1725
SDA-2.0	141	171	29	59	1676	0.175
SDA-2.5	141	171	29	59	1744	0.1725
SDA-3.0	141	171	29	59	1599	0.1775
\TheName{}-0.5	120	107	93	80	1652	0.1725
\TheName{}-1.0	173	169	31	27	1787	0.175
\TheName{}-1.5	158	175	25	42	1618	0.175
\TheName{}-2.0	152	176	24	48	1766	0.1725
\TheName{}-2.5	151	173	27	49	1692	0.1725
\TheName{}-3.0	147	172	28	53	1674	0.17
SVM	158	143	57	42	2	0.005
LR	0	200	0	200	1	0.01
Ye-LDA	115	176	24	85	116	0.005
DTree-10	103	157	43	97	2	0.0025
DTree-20	122	142	58	78	3	0.0025
RFC-50	99	174	26	101	8	0.01
RFC-100	99	179	21	101	32	0.02
NLSVM-0.1	2	200	0	198	1	0.0325
NLSVM-1.0	193	65	135	7	1	0.025
NLSVM-10	78	194	6	122	1	0.0225
LDA	167	128	72	33	418	0.2175
SDA-0.5	146	161	39	54	1608	0.17
SDA-1.0	145	160	40	55	1673	0.1875
SDA-1.5	145	159	41	55	1597	0.1725
SDA-2.0	144	159	41	56	1579	0.1725
SDA-2.5	145	159	41	55	1623	0.175
SDA-3.0	145	159	41	55	1664	0.1725
\TheName{}-0.5	165	130	70	35	1678	0.175
\TheName{}-1.0	167	158	42	33	1753	0.175
\TheName{}-1.5	160	160	40	40	1693	0.2
\TheName{}-2.0	155	160	40	45	1774	0.175
\TheName{}-2.5	155	160	40	45	1834	0.18
\TheName{}-3.0	155	160	40	45	1848	0.175
SVM	174	144	56	26	1	0.005
LR	0	200	0	200	1	0.0075
Ye-LDA	139	161	39	61	114	0.005
DTree-10	109	153	47	91	2	0.005
DTree-20	125	141	59	75	11	0.005
RFC-50	81	174	26	119	6	0.0075
RFC-100	83	178	22	117	31	0.01
NLSVM-0.1	200	14	186	0	1	0.0325
NLSVM-1.0	200	46	154	0	1	0.0375
NLSVM-10	200	1	199	0	1	0.025
LDA	167	137	63	33	269	0.2675
SDA-0.5	171	161	39	29	1657	0.175
SDA-1.0	167	160	40	33	1645	0.1775
SDA-1.5	167	160	40	33	1725	0.1775
SDA-2.0	167	160	40	33	1670	0.1725
SDA-2.5	167	160	40	33	1666	0.175
SDA-3.0	167	160	40	33	1638	0.18
\TheName{}-0.5	187	126	74	13	1658	0.1725
\TheName{}-1.0	179	152	48	21	1830	0.175
\TheName{}-1.5	174	154	46	26	1767	0.1725
\TheName{}-2.0	173	155	45	27	1752	0.17
\TheName{}-2.5	171	154	46	29	1716	0.1725
\TheName{}-3.0	172	157	43	28	1815	0.175
SVM	179	137	63	21	2	0.005
LR	200	0	200	0	0	0.005
Ye-LDA	178	132	68	22	110	0.005
DTree-10	105	161	39	95	2	0.0025
DTree-20	125	149	51	75	4	0.005
RFC-50	97	179	21	103	8	0.01
RFC-100	97	179	21	103	35	0.02
NLSVM-0.1	200	8	192	0	2	0.0325
NLSVM-1.0	199	68	132	1	1	0.0225
NLSVM-10	200	0	200	0	1	0.025
LDA	140	172	28	60	343	0.2525
SDA-0.5	109	187	13	91	1604	0.18
SDA-1.0	109	188	12	91	1639	0.17
SDA-1.5	109	188	12	91	1536	0.18
SDA-2.0	109	188	12	91	1630	0.175
SDA-2.5	109	188	12	91	1621	0.1775
SDA-3.0	109	188	12	91	1698	0.1775
\TheName{}-0.5	136	75	125	64	1743	0.1875
\TheName{}-1.0	157	188	12	43	1725	0.1725
\TheName{}-1.5	123	189	11	77	1684	0.1725
\TheName{}-2.0	116	189	11	84	1682	0.1725
\TheName{}-2.5	115	189	11	85	1765	0.175
\TheName{}-3.0	113	187	13	87	1611	0.17
SVM	145	177	23	55	2	0.005
LR	0	200	0	200	1	0.0025
Ye-LDA	100	184	16	100	110	0.0025
DTree-10	89	185	15	111	3	0.0025
DTree-20	119	178	22	81	4	0.0025
RFC-50	81	187	13	119	8	0.0075
RFC-100	87	188	12	113	34	0.015
NLSVM-0.1	200	16	184	0	2	0.03
NLSVM-1.0	46	177	23	154	1	0.025
NLSVM-10	5	200	0	195	1	0.025
LDA	135	173	27	65	307	0.2325
SDA-0.5	164	177	23	36	1516	0.175
SDA-1.0	164	176	24	36	1664	0.18
SDA-1.5	164	175	25	36	1635	0.18
SDA-2.0	164	175	25	36	1588	0.19
SDA-2.5	164	175	25	36	1758	0.18
SDA-3.0	164	175	25	36	1701	0.1825
\TheName{}-0.5	175	177	23	25	1738	0.185
\TheName{}-1.0	171	178	22	29	1678	0.175
\TheName{}-1.5	173	177	23	27	1706	0.17
\TheName{}-2.0	169	176	24	31	1838	0.1725
\TheName{}-2.5	168	177	23	32	1700	0.1725
\TheName{}-3.0	164	178	22	36	1708	0.2175
SVM	157	179	21	43	1	0.015
LR	0	200	0	200	0	0.005
Ye-LDA	144	175	25	56	125	0.015
DTree-10	103	176	24	97	3	0.005
DTree-20	120	172	28	80	4	0.005
RFC-50	89	176	24	111	7	0.01
RFC-100	87	189	11	113	14	0.03
NLSVM-0.1	200	16	184	0	2	0.0375
NLSVM-1.0	10	199	1	190	1	0.0325
NLSVM-10	0	200	0	200	1	0.03
LDA	170	148	52	30	316	0.28
SDA-0.5	178	167	33	22	1575	0.2025
SDA-1.0	177	167	33	23	1546	0.1725
SDA-1.5	177	166	34	23	1630	0.175
SDA-2.0	177	166	34	23	1555	0.1725
SDA-2.5	177	166	34	23	1606	0.1725
SDA-3.0	177	166	34	23	1535	0.175
\TheName{}-0.5	180	155	45	20	1631	0.175
\TheName{}-1.0	180	163	37	20	1715	0.175
\TheName{}-1.5	178	163	37	22	1671	0.175
\TheName{}-2.0	178	164	36	22	1600	0.17
\TheName{}-2.5	178	166	34	22	1726	0.1775
\TheName{}-3.0	177	165	35	23	1704	0.1725
SVM	178	158	42	22	1	0.005
LR	200	0	200	0	0	0.0025
Ye-LDA	173	124	76	27	115	0.01
DTree-10	105	178	22	95	2	0.005
DTree-20	120	157	43	80	4	0.005
RFC-50	78	186	14	122	16	0.0075
RFC-100	71	187	13	129	31	0.0175
NLSVM-0.1	0	199	1	200	1	0.035
NLSVM-1.0	16	197	3	184	1	0.0225
NLSVM-10	0	200	0	200	1	0.025
LDA	171	128	72	29	383	0.265
SDA-0.5	94	186	14	106	1552	0.21
SDA-1.0	93	186	14	107	1526	0.1725
SDA-1.5	93	186	14	107	1647	0.1825
SDA-2.0	93	186	14	107	1564	0.175
SDA-2.5	93	186	14	107	1582	0.175
SDA-3.0	93	186	14	107	1490	0.175
\TheName{}-0.5	126	25	175	74	1764	0.175
\TheName{}-1.0	178	133	67	22	1706	0.1775
\TheName{}-1.5	142	184	16	58	1718	0.175
\TheName{}-2.0	107	190	10	93	1812	0.1775
\TheName{}-2.5	102	188	12	98	1657	0.175
\TheName{}-3.0	99	188	12	101	1638	0.185
SVM	160	168	32	40	2	0.005
LR	0	200	0	200	0	0.005
Ye-LDA	106	180	20	94	124	0.0175
DTree-10	59	193	7	141	4	0.0125
DTree-20	94	172	28	106	5	0.0025
RFC-50	61	197	3	139	8	0.0125
RFC-100	85	195	5	115	17	0.0225
NLSVM-0.1	200	16	184	0	2	0.04
NLSVM-1.0	46	188	12	154	1	0.0325
NLSVM-10	43	198	2	157	1	0.035
LDA	135	143	57	65	299	0.21
SDA-0.5	128	153	47	72	1634	0.1775
SDA-1.0	125	152	48	75	1626	0.175
SDA-1.5	125	152	48	75	1668	0.1725
SDA-2.0	125	152	48	75	1704	0.1725
SDA-2.5	125	152	48	75	1679	0.1725
SDA-3.0	125	151	49	75	1604	0.175
\TheName{}-0.5	175	119	81	25	1802	0.1825
\TheName{}-1.0	156	144	56	44	1834	0.1825
\TheName{}-1.5	141	151	49	59	1606	0.1725
\TheName{}-2.0	137	154	46	63	1733	0.175
\TheName{}-2.5	131	153	47	69	1618	0.18
\TheName{}-3.0	128	153	47	72	1636	0.1725
SVM	172	137	63	28	2	0.005
LR	0	200	0	200	0	0.0075
Ye-LDA	125	148	52	75	108	0.005
DTree-10	92	150	50	108	2	0.0025
DTree-20	122	140	60	78	4	0.0025
RFC-50	94	161	39	106	17	0.0075
RFC-100	82	164	36	118	41	0.015
NLSVM-0.1	200	15	185	0	1	0.03
NLSVM-1.0	195	65	135	5	1	0.025
NLSVM-10	0	200	0	200	1	0.0225
LDA	151	127	73	49	322	0.2725
SDA-0.5	161	174	26	39	1614	0.1725
SDA-1.0	161	175	25	39	1511	0.1825
SDA-1.5	161	173	27	39	1648	0.1725
SDA-2.0	158	173	27	42	1618	0.1725
SDA-2.5	158	173	27	42	1611	0.175
SDA-3.0	158	173	27	42	1717	0.1825
\TheName{}-0.5	160	162	38	40	1685	0.18
\TheName{}-1.0	165	171	29	35	1707	0.175
\TheName{}-1.5	161	174	26	39	1755	0.185
\TheName{}-2.0	162	174	26	38	1520	0.185
\TheName{}-2.5	162	175	25	38	1706	0.18
\TheName{}-3.0	162	174	26	38	1825	0.18
SVM	151	148	52	49	2	0.0075
LR	0	200	0	200	0	0.005
Ye-LDA	129	177	23	71	154	0.0025
DTree-10	91	171	29	109	2	0.005
DTree-20	118	149	51	82	4	0.005
RFC-50	90	180	20	110	9	0.0075
RFC-100	88	183	17	112	17	0.0175
NLSVM-0.1	0	199	1	200	1	0.0375
NLSVM-1.0	29	185	15	171	1	0.025
NLSVM-10	0	200	0	200	1	0.03
LDA	170	117	83	30	308	0.2775
SDA-0.5	190	164	36	10	1654	0.175
SDA-1.0	186	164	36	14	1588	0.1725
SDA-1.5	186	164	36	14	1735	0.1725
SDA-2.0	186	164	36	14	1619	0.1725
SDA-2.5	186	164	36	14	1651	0.1725
SDA-3.0	186	164	36	14	1638	0.175
\TheName{}-0.5	189	152	48	11	1811	0.175
\TheName{}-1.0	192	157	43	8	1844	0.1975
\TheName{}-1.5	191	161	39	9	1854	0.195
\TheName{}-2.0	190	164	36	10	1855	0.1775
\TheName{}-2.5	190	164	36	10	1753	0.1725
\TheName{}-3.0	190	164	36	10	1809	0.175
SVM	176	137	63	24	2	0.005
LR	200	0	200	0	1	0.0025
Ye-LDA	185	147	53	15	113	0.0025
DTree-10	86	142	58	114	5	0.005
DTree-20	106	126	74	94	3	0.005
RFC-50	94	174	26	106	18	0.0075
RFC-100	90	175	25	110	63	0.025
NLSVM-0.1	0	200	0	200	1	0.0325
NLSVM-1.0	200	37	163	0	1	0.025
NLSVM-10	200	0	200	0	2	0.025
LDA	134	154	46	66	355	0.32
SDA-0.5	149	176	24	51	1640	0.17
SDA-1.0	146	177	23	54	1624	0.1725
SDA-1.5	146	178	22	54	1754	0.18
SDA-2.0	146	179	21	54	1658	0.17
SDA-2.5	146	179	21	54	1679	0.17
SDA-3.0	146	179	21	54	1666	0.1725
\TheName{}-0.5	166	182	18	34	1717	0.1725
\TheName{}-1.0	157	180	20	43	1749	0.1725
\TheName{}-1.5	152	178	22	48	1752	0.175
\TheName{}-2.0	150	178	22	50	1761	0.1775
\TheName{}-2.5	150	178	22	50	1710	0.175
\TheName{}-3.0	150	178	22	50	1755	0.17
SVM	171	138	62	29	1	0.0075
LR	0	200	0	200	0	0.005
Ye-LDA	135	176	24	65	117	0.0125
DTree-10	88	167	33	112	2	0.005
DTree-20	121	144	56	79	3	0.005
RFC-50	100	177	23	100	18	0.0075
RFC-100	103	175	25	97	35	0.0375
NLSVM-0.1	1	200	0	199	2	0.035
NLSVM-1.0	22	198	2	178	1	0.025
NLSVM-10	173	155	45	27	1	0.025
LDA	133	159	41	67	327	0.24
SDA-0.5	114	169	31	86	1566	0.1725
SDA-1.0	111	169	31	89	1610	0.1725
SDA-1.5	111	169	31	89	1485	0.17
SDA-2.0	111	169	31	89	1602	0.185
SDA-2.5	111	169	31	89	1665	0.18
SDA-3.0	111	169	31	89	1598	0.1725
\TheName{}-0.5	158	165	35	42	1674	0.18
\TheName{}-1.0	134	165	35	66	1737	0.1875
\TheName{}-1.5	122	168	32	78	1681	0.1675
\TheName{}-2.0	118	168	32	82	1767	0.1825
\TheName{}-2.5	115	168	32	85	1704	0.2575
\TheName{}-3.0	111	168	32	89	1607	0.17
SVM	136	160	40	64	2	0.005
LR	0	200	0	200	0	0.005
Ye-LDA	132	165	35	68	131	0.0125
DTree-10	96	144	56	104	3	0.0125
DTree-20	117	140	60	83	23	0.0075
RFC-50	80	171	29	120	8	0.0075
RFC-100	77	173	27	123	136	0.0275
NLSVM-0.1	0	200	0	200	2	0.08
NLSVM-1.0	177	54	146	23	1	0.0375
NLSVM-10	200	13	187	0	1	0.0275
LDA	148	130	70	52	296	0.28
SDA-0.5	158	176	24	42	1667	0.1925
SDA-1.0	161	176	24	39	1693	0.1725
SDA-1.5	155	176	24	45	1622	0.1725
SDA-2.0	155	176	24	45	1683	0.1725
SDA-2.5	154	176	24	46	1778	0.1675
SDA-3.0	154	176	24	46	1769	0.18
\TheName{}-0.5	169	116	84	31	1732	0.1775
\TheName{}-1.0	178	158	42	22	1845	0.1825
\TheName{}-1.5	177	170	30	23	1776	0.1775
\TheName{}-2.0	170	172	28	30	1749	0.1775
\TheName{}-2.5	163	174	26	37	1728	0.185
\TheName{}-3.0	162	174	26	38	1746	0.1775
SVM	162	137	63	38	1	0.0075
LR	0	200	0	200	0	0.005
Ye-LDA	131	185	15	69	116	0.0075
DTree-10	80	175	25	120	2	0.0125
DTree-20	103	168	32	97	8	0.0125
RFC-50	82	180	20	118	6	0.0175
RFC-100	79	180	20	121	13	0.0225
NLSVM-0.1	199	11	189	1	1	0.03
NLSVM-1.0	72	145	55	128	1	0.025
NLSVM-10	200	14	186	0	1	0.0225
LDA	102	177	23	98	368	0.2075
SDA-0.5	118	180	20	82	1637	0.1725
SDA-1.0	116	177	23	84	1713	0.175
SDA-1.5	115	177	23	85	1580	0.1725
SDA-2.0	115	177	23	85	1643	0.1675
SDA-2.5	115	177	23	85	1788	0.175
SDA-3.0	115	177	23	85	1527	0.1725
\TheName{}-0.5	122	65	135	78	1735	0.1775
\TheName{}-1.0	174	174	26	26	1692	0.175
\TheName{}-1.5	142	182	18	58	1736	0.1775
\TheName{}-2.0	134	180	20	66	1675	0.1925
\TheName{}-2.5	123	180	20	77	1707	0.1775
\TheName{}-3.0	121	180	20	79	1672	0.175
SVM	173	174	26	27	2	0.015
LR	0	200	0	200	1	0.0325
Ye-LDA	143	172	28	57	120	0.0025
DTree-10	110	158	42	90	3	0.0025
DTree-20	117	157	43	83	4	0.0025
RFC-50	88	187	13	112	7	0.0075
RFC-100	84	185	15	116	14	0.0175
NLSVM-0.1	200	16	184	0	1	0.035
NLSVM-1.0	160	104	96	40	1	0.0325
NLSVM-10	2	200	0	198	1	0.025
LDA	133	172	28	67	328	0.22
SDA-0.5	112	176	24	88	1577	0.175
SDA-1.0	111	176	24	89	1643	0.1725
SDA-1.5	111	176	24	89	1556	0.1725
SDA-2.0	111	176	24	89	1690	0.1725
SDA-2.5	111	175	25	89	1550	0.175
SDA-3.0	111	175	25	89	1606	0.1775
\TheName{}-0.5	127	70	130	73	1697	0.1825
\TheName{}-1.0	145	177	23	55	1766	0.1725
\TheName{}-1.5	126	179	21	74	1724	0.17
\TheName{}-2.0	118	178	22	82	1722	0.1725
\TheName{}-2.5	114	178	22	86	1787	0.1725
\TheName{}-3.0	114	177	23	86	1724	0.1825
SVM	142	171	29	58	2	0.015
LR	0	200	0	200	0	0.015
Ye-LDA	106	174	26	94	117	0.0025
DTree-10	94	151	49	106	2	0.005
DTree-20	101	147	53	99	2	0.005
RFC-50	65	188	12	135	7	0.0075
RFC-100	77	184	16	123	29	0.0175
NLSVM-0.1	200	15	185	0	1	0.0325
NLSVM-1.0	174	77	123	26	1	0.025
NLSVM-10	1	200	0	199	1	0.025
LDA	114	143	57	86	365	0.25
SDA-0.5	127	172	28	73	1595	0.175
SDA-1.0	125	171	29	75	1464	0.1725
SDA-1.5	125	171	29	75	1829	0.1725
SDA-2.0	122	171	29	78	1555	0.17
SDA-2.5	122	171	29	78	1549	0.1725
SDA-3.0	122	171	29	78	1587	0.1725
\TheName{}-0.5	122	68	132	78	1726	0.17
\TheName{}-1.0	183	119	81	17	1718	0.185
\TheName{}-1.5	162	158	42	38	1860	0.1825
\TheName{}-2.0	145	170	30	55	1781	0.1725
\TheName{}-2.5	137	172	28	63	1789	0.185
\TheName{}-3.0	137	172	28	63	1921	0.1775
SVM	166	137	63	34	1	0.005
LR	0	200	0	200	1	0.005
Ye-LDA	117	173	27	83	118	0.005
DTree-10	78	183	17	122	25	0.005
DTree-20	120	149	51	80	6	0.005
RFC-50	79	184	16	121	7	0.0075
RFC-100	72	189	11	128	12	0.015
NLSVM-0.1	198	18	182	2	1	0.0325
NLSVM-1.0	178	57	143	22	1	0.0225
NLSVM-10	200	0	200	0	1	0.025
LDA	105	151	49	95	339	0.285
SDA-0.5	142	165	35	58	1557	0.1825
SDA-1.0	141	166	34	59	1566	0.1875
SDA-1.5	140	166	34	60	1661	0.1825
SDA-2.0	140	166	34	60	1535	0.1775
SDA-2.5	140	166	34	60	1547	0.1725
SDA-3.0	140	166	34	60	1584	0.1725
\TheName{}-0.5	181	143	57	19	1715	0.1725
\TheName{}-1.0	160	165	35	40	1688	0.1725
\TheName{}-1.5	151	165	35	49	1626	0.1825
\TheName{}-2.0	147	164	36	53	1614	0.1725
\TheName{}-2.5	144	165	35	56	1704	0.1725
\TheName{}-3.0	144	165	35	56	1711	0.18
SVM	180	141	59	20	2	0.005
LR	200	0	200	0	0	0.005
Ye-LDA	180	118	82	20	108	0.005
DTree-10	102	152	48	98	2	0.0025
DTree-20	123	149	51	77	4	0.0025
RFC-50	91	169	31	109	9	0.005
RFC-100	99	160	40	101	30	0.0175
NLSVM-0.1	200	5	195	0	1	0.03
NLSVM-1.0	189	50	150	11	2	0.0225
NLSVM-10	200	0	200	0	1	0.025
LDA	174	116	84	26	308	0.295
SDA-0.5	191	150	50	9	1751	0.22
SDA-1.0	191	149	51	9	1601	0.1725
SDA-1.5	191	149	51	9	1623	0.1675
SDA-2.0	191	149	51	9	1793	0.175
SDA-2.5	191	150	50	9	1597	0.1775
SDA-3.0	191	150	50	9	1595	0.1825
\TheName{}-0.5	181	160	40	19	1644	0.2025
\TheName{}-1.0	188	152	48	12	1697	0.1725
\TheName{}-1.5	189	150	50	11	1680	0.1725
\TheName{}-2.0	191	150	50	9	1622	0.185
\TheName{}-2.5	191	150	50	9	1652	0.1825
\TheName{}-3.0	191	150	50	9	1635	0.17
SVM	176	117	83	24	2	0.0075
LR	200	0	200	0	0	0.005
Ye-LDA	174	105	95	26	110	0.0025
DTree-10	82	167	33	118	2	0.005
DTree-20	117	152	48	83	4	0.005
RFC-50	72	182	18	128	8	0.005
RFC-100	86	176	24	114	35	0.015
NLSVM-0.1	200	10	190	0	2	0.0325
NLSVM-1.0	55	154	46	145	1	0.03
NLSVM-10	192	134	66	8	1	0.0275
LDA	150	136	64	50	369	0.315
SDA-0.5	113	171	29	87	1655	0.1875
SDA-1.0	111	171	29	89	1754	0.1775
SDA-1.5	109	171	29	91	1603	0.1725
SDA-2.0	108	171	29	92	1574	0.1725
SDA-2.5	108	171	29	92	1615	0.18
SDA-3.0	108	171	29	92	1564	0.175
\TheName{}-0.5	158	163	37	42	1694	0.175
\TheName{}-1.0	138	177	23	62	1724	0.18
\TheName{}-1.5	127	173	27	73	1748	0.18
\TheName{}-2.0	120	173	27	80	1811	0.1775
\TheName{}-2.5	117	172	28	83	1677	0.18
\TheName{}-3.0	115	172	28	85	1769	0.1825
SVM	160	155	45	40	1	0.005
LR	0	200	0	200	1	0.005
Ye-LDA	123	171	29	77	111	0.005
DTree-10	102	153	47	98	12	0.005
DTree-20	125	139	61	75	3	0.005
RFC-50	79	172	28	121	7	0.0075
RFC-100	79	171	29	121	13	0.0175
NLSVM-0.1	1	199	1	199	2	0.0325
NLSVM-1.0	18	196	4	182	1	0.025
NLSVM-10	1	200	0	199	1	0.0225
LDA	134	135	65	66	381	0.29
SDA-0.5	154	159	41	46	1630	0.175
SDA-1.0	153	159	41	47	1609	0.175
SDA-1.5	153	158	42	47	1573	0.1775
SDA-2.0	150	158	42	50	1689	0.1775
SDA-2.5	149	158	42	51	1678	0.175
SDA-3.0	149	158	42	51	1589	0.175
\TheName{}-0.5	172	151	49	28	1785	0.175
\TheName{}-1.0	159	157	43	41	1590	0.175
\TheName{}-1.5	155	157	43	45	1775	0.18
\TheName{}-2.0	155	157	43	45	1629	0.175
\TheName{}-2.5	154	156	44	46	1696	0.175
\TheName{}-3.0	153	156	44	47	1678	0.18
SVM	143	163	37	57	1	0.005
LR	0	200	0	200	1	0.0025
Ye-LDA	151	155	45	49	111	0.0025
DTree-10	98	163	37	102	2	0.005
DTree-20	129	142	58	71	15	0.0225
RFC-50	94	165	35	106	9	0.025
RFC-100	85	169	31	115	13	0.0175
NLSVM-0.1	0	200	0	200	1	0.0325
NLSVM-1.0	171	62	138	29	1	0.025
NLSVM-10	4	200	0	196	1	0.0225
LDA	161	156	44	39	306	0.2975
SDA-0.5	135	183	17	65	1649	0.1725
SDA-1.0	137	183	17	63	1579	0.1725
SDA-1.5	137	183	17	63	1592	0.185
SDA-2.0	136	183	17	64	1595	0.17
SDA-2.5	136	182	18	64	1620	0.17
SDA-3.0	136	182	18	64	1649	0.1725
\TheName{}-0.5	171	140	60	29	1797	0.17
\TheName{}-1.0	159	183	17	41	1656	0.17
\TheName{}-1.5	149	183	17	51	1812	0.1775
\TheName{}-2.0	146	182	18	54	1725	0.1825
\TheName{}-2.5	144	183	17	56	1778	0.175
\TheName{}-3.0	142	183	17	58	1669	0.175
SVM	178	152	48	22	2	0.005
LR	0	200	0	200	0	0.005
Ye-LDA	133	185	15	67	112	0.0025
DTree-10	87	183	17	113	2	0.005
DTree-20	127	171	29	73	5	0.005
RFC-50	79	189	11	121	8	0.0075
RFC-100	92	188	12	108	15	0.0175
NLSVM-0.1	1	200	0	199	1	0.0325
NLSVM-1.0	93	161	39	107	1	0.025
NLSVM-10	6	200	0	194	1	0.0225
LDA	140	135	65	60	387	0.24
SDA-0.5	138	159	41	62	1595	0.17
SDA-1.0	137	157	43	63	1699	0.175
SDA-1.5	137	157	43	63	1606	0.1775
SDA-2.0	135	157	43	65	1610	0.175
SDA-2.5	135	157	43	65	1571	0.175
SDA-3.0	135	157	43	65	1693	0.175
\TheName{}-0.5	169	116	84	31	1590	0.1925
\TheName{}-1.0	173	146	54	27	1561	0.175
\TheName{}-1.5	162	150	50	38	1775	0.1775
\TheName{}-2.0	156	151	49	44	1734	0.175
\TheName{}-2.5	152	151	49	48	1590	0.17
\TheName{}-3.0	150	151	49	50	1728	0.175
SVM	146	140	60	54	2	0.005
LR	0	200	0	200	0	0.005
Ye-LDA	137	153	47	63	110	0.0025
DTree-10	67	154	46	133	13	0.005
DTree-20	95	145	55	105	4	0.005
RFC-50	84	174	26	116	8	0.0075
RFC-100	78	185	15	122	16	0.0175
NLSVM-0.1	1	198	2	199	1	0.03
NLSVM-1.0	35	179	21	165	1	0.025
NLSVM-10	190	105	95	10	1	0.0225
LDA	155	145	55	45	266	0.21
SDA-0.5	147	161	39	53	1704	0.1725
SDA-1.0	145	161	39	55	1522	0.18
SDA-1.5	145	160	40	55	1688	0.175
SDA-2.0	145	160	40	55	1678	0.18
SDA-2.5	146	160	40	54	1658	0.1775
SDA-3.0	146	160	40	54	1597	0.1825
\TheName{}-0.5	178	147	53	22	1776	0.2025
\TheName{}-1.0	161	161	39	39	1685	0.175
\TheName{}-1.5	156	165	35	44	1672	0.1725
\TheName{}-2.0	150	164	36	50	1599	0.1825
\TheName{}-2.5	150	164	36	50	1700	0.175
\TheName{}-3.0	149	164	36	51	1570	0.175
SVM	162	147	53	38	2	0.0075
LR	200	0	200	0	0	0.005
Ye-LDA	158	160	40	42	109	0.005
DTree-10	103	149	51	97	2	0.005
DTree-20	121	135	65	79	3	0.005
RFC-50	83	182	18	117	13	0.01
RFC-100	62	186	14	138	13	0.0125
NLSVM-0.1	0	200	0	200	1	0.0325
NLSVM-1.0	31	178	22	169	1	0.025
NLSVM-10	200	0	200	0	1	0.025
LDA	160	134	66	40	345	0.2225
SDA-0.5	154	155	45	46	1554	0.1725
SDA-1.0	153	155	45	47	1622	0.18
SDA-1.5	153	155	45	47	1610	0.1725
SDA-2.0	153	154	46	47	1539	0.17
SDA-2.5	151	154	46	49	1537	0.175
SDA-3.0	151	154	46	49	1760	0.1775
\TheName{}-0.5	177	156	44	23	1610	0.18
\TheName{}-1.0	161	156	44	39	1771	0.1875
\TheName{}-1.5	157	157	43	43	1688	0.1775
\TheName{}-2.0	156	157	43	44	1649	0.1725
\TheName{}-2.5	154	157	43	46	1681	0.18
\TheName{}-3.0	153	156	44	47	1644	0.1725
SVM	175	149	51	25	2	0.005
LR	0	200	0	200	1	0.005
Ye-LDA	142	151	49	58	107	0.0025
DTree-10	117	157	43	83	3	0.005
DTree-20	139	140	60	61	3	0.005
RFC-50	100	166	34	100	16	0.01
RFC-100	95	169	31	105	15	0.015
NLSVM-0.1	200	12	188	0	1	0.03
NLSVM-1.0	200	51	149	0	1	0.0375
NLSVM-10	0	200	0	200	1	0.035
LDA	124	170	30	76	402	0.1875
SDA-0.5	129	170	30	71	1581	0.1775
SDA-1.0	127	171	29	73	1640	0.205
SDA-1.5	127	170	30	73	1668	0.18
SDA-2.0	125	170	30	75	1619	0.17
SDA-2.5	125	170	30	75	1652	0.175
SDA-3.0	125	170	30	75	1734	0.1825
\TheName{}-0.5	102	132	68	98	1741	0.175
\TheName{}-1.0	138	181	19	62	1816	0.1775
\TheName{}-1.5	137	180	20	63	1759	0.1975
\TheName{}-2.0	134	177	23	66	1677	0.1725
\TheName{}-2.5	131	174	26	69	1763	0.1775
\TheName{}-3.0	130	173	27	70	1734	0.1925
SVM	144	175	25	56	2	0.015
LR	0	200	0	200	1	0.0125
Ye-LDA	131	166	34	69	120	0.0025
DTree-10	95	168	32	105	2	0.005
DTree-20	107	163	37	93	3	0.005
RFC-50	105	175	25	95	18	0.01
RFC-100	112	171	29	88	33	0.0175
NLSVM-0.1	0	200	0	200	1	0.0325
NLSVM-1.0	179	94	106	21	1	0.025
NLSVM-10	109	192	8	91	1	0.0225
LDA	160	122	78	40	324	0.365
SDA-0.5	153	171	29	47	1617	0.17
SDA-1.0	153	170	30	47	1556	0.1725
SDA-1.5	150	170	30	50	1651	0.1725
SDA-2.0	150	171	29	50	1649	0.17
SDA-2.5	150	171	29	50	1633	0.1775
SDA-3.0	150	171	29	50	1683	0.1775
\TheName{}-0.5	180	109	91	20	1659	0.1775
\TheName{}-1.0	179	154	46	21	1639	0.1875
\TheName{}-1.5	172	166	34	28	1749	0.175
\TheName{}-2.0	163	168	32	37	1741	0.1825
\TheName{}-2.5	159	169	31	41	1684	0.175
\TheName{}-3.0	155	168	32	45	1691	0.1725
SVM	169	142	58	31	2	0.005
LR	200	0	200	0	0	0.005
Ye-LDA	172	114	86	28	111	0.0025
DTree-10	93	172	28	107	3	0.005
DTree-20	138	158	42	62	4	0.005
RFC-50	80	183	17	120	8	0.0075
RFC-100	83	184	16	117	14	0.0175
NLSVM-0.1	0	200	0	200	1	0.0325
NLSVM-1.0	200	35	165	0	1	0.025
NLSVM-10	0	200	0	200	1	0.025
LDA	156	125	75	44	319	0.3325
SDA-0.5	191	133	67	9	1659	0.17
SDA-1.0	189	133	67	11	1629	0.175
SDA-1.5	189	133	67	11	1580	0.1725
SDA-2.0	189	133	67	11	1687	0.17
SDA-2.5	189	133	67	11	1762	0.175
SDA-3.0	189	133	67	11	1490	0.175
\TheName{}-0.5	182	136	64	18	1779	0.1725
\TheName{}-1.0	189	133	67	11	1755	0.175
\TheName{}-1.5	188	135	65	12	1675	0.175
\TheName{}-2.0	188	136	64	12	1734	0.18
\TheName{}-2.5	189	134	66	11	1664	0.175
\TheName{}-3.0	189	134	66	11	1787	0.185
SVM	158	143	57	42	2	0.005
LR	0	200	0	200	1	0.005
Ye-LDA	153	148	52	47	111	0.0025
DTree-10	174	93	107	26	19	0.005
DTree-20	147	140	60	53	4	0.005
RFC-50	118	171	29	82	8	0.01
RFC-100	156	169	31	44	16	0.02
NLSVM-0.1	1	200	0	199	2	0.03
NLSVM-1.0	87	150	50	113	1	0.025
NLSVM-10	197	97	103	3	1	0.025
LDA	162	148	52	38	357	0.21
SDA-0.5	124	176	24	76	1656	0.1725
SDA-1.0	125	176	24	75	1654	0.1875
SDA-1.5	125	176	24	75	1596	0.175
SDA-2.0	124	176	24	76	1670	0.1775
SDA-2.5	122	176	24	78	1634	0.175
SDA-3.0	122	177	23	78	1508	0.185
\TheName{}-0.5	118	77	123	82	1735	0.1825
\TheName{}-1.0	147	179	21	53	1714	0.1725
\TheName{}-1.5	142	179	21	58	1763	0.175
\TheName{}-2.0	135	180	20	65	1584	0.1775
\TheName{}-2.5	131	179	21	69	1634	0.1725
\TheName{}-3.0	130	177	23	70	1713	0.19
SVM	173	155	45	27	2	0.005
LR	0	200	0	200	1	0.0025
Ye-LDA	121	182	18	79	116	0.0025
DTree-10	118	160	40	82	4	0.005
DTree-20	127	156	44	73	3	0.0025
RFC-50	107	171	29	93	15	0.0075
RFC-100	86	184	16	114	12	0.0175
NLSVM-0.1	200	16	184	0	1	0.0325
NLSVM-1.0	198	39	161	2	1	0.025
NLSVM-10	20	198	2	180	1	0.0225
LDA	139	143	57	61	308	0.2775
SDA-0.5	133	178	22	67	1703	0.1775
SDA-1.0	132	177	23	68	1624	0.1725
SDA-1.5	129	177	23	71	1724	0.1725
SDA-2.0	129	177	23	71	1567	0.1725
SDA-2.5	129	177	23	71	1624	0.1825
SDA-3.0	129	177	23	71	1680	0.17
\TheName{}-0.5	155	163	37	45	1677	0.175
\TheName{}-1.0	141	176	24	59	1833	0.1825
\TheName{}-1.5	137	178	22	63	1836	0.175
\TheName{}-2.0	132	178	22	68	1782	0.1775
\TheName{}-2.5	132	178	22	68	1779	0.1725
\TheName{}-3.0	131	178	22	69	1693	0.1925
SVM	137	167	33	63	2	0.005
LR	0	200	0	200	0	0.005
Ye-LDA	144	165	35	56	140	0.005
DTree-10	91	162	38	109	17	0.0325
DTree-20	103	158	42	97	3	0.005
RFC-50	93	175	25	107	16	0.005
RFC-100	87	176	24	113	15	0.015
NLSVM-0.1	200	13	187	0	2	0.0325
NLSVM-1.0	182	62	138	18	1	0.04
NLSVM-10	3	200	0	197	2	0.025
LDA	155	141	59	45	344	0.265
SDA-0.5	149	177	23	51	1708	0.1775
SDA-1.0	148	177	23	52	1618	0.17
SDA-1.5	147	177	23	53	1598	0.17
SDA-2.0	147	177	23	53	1655	0.175
SDA-2.5	144	178	22	56	1602	0.175
SDA-3.0	144	178	22	56	1634	0.1825
\TheName{}-0.5	159	108	92	41	1825	0.1975
\TheName{}-1.0	184	164	36	16	1795	0.1825
\TheName{}-1.5	173	172	28	27	1752	0.1825
\TheName{}-2.0	169	178	22	31	1757	0.18
\TheName{}-2.5	165	178	22	35	1691	0.1825
\TheName{}-3.0	162	178	22	38	1735	0.1825
SVM	168	154	46	32	2	0.0075
LR	0	200	0	200	0	0.005
Ye-LDA	157	170	30	43	121	0.0025
DTree-10	85	166	34	115	17	0.005
DTree-20	105	168	32	95	4	0.005
RFC-50	86	181	19	114	8	0.0075
RFC-100	90	181	19	110	16	0.0175
NLSVM-0.1	200	16	184	0	1	0.0325
NLSVM-1.0	200	21	179	0	1	0.0375
NLSVM-10	200	0	200	0	1	0.03
LDA	103	175	25	97	254	0.2575
SDA-0.5	113	175	25	87	1701	0.18
SDA-1.0	112	175	25	88	1579	0.1775
SDA-1.5	111	175	25	89	1473	0.175
SDA-2.0	111	175	25	89	1564	0.17
SDA-2.5	111	175	25	89	1640	0.18
SDA-3.0	111	175	25	89	1543	0.1725
\TheName{}-0.5	128	178	22	72	1711	0.17
\TheName{}-1.0	117	176	24	83	1662	0.17
\TheName{}-1.5	116	175	25	84	1700	0.175
\TheName{}-2.0	115	174	26	85	1573	0.1725
\TheName{}-2.5	112	174	26	88	1625	0.17
\TheName{}-3.0	112	174	26	88	1674	0.2075
SVM	121	173	27	79	2	0.005
LR	0	200	0	200	0	0.005
Ye-LDA	110	174	26	90	110	0.005
DTree-10	80	172	28	120	2	0.005
DTree-20	110	164	36	90	2	0.005
RFC-50	87	180	20	113	7	0.0075
RFC-100	90	179	21	110	14	0.0125
NLSVM-0.1	0	200	0	200	2	0.0375
NLSVM-1.0	160	88	112	40	1	0.025
NLSVM-10	17	200	0	183	1	0.0225
LDA	157	142	58	43	363	0.32
SDA-0.5	145	171	29	55	1758	0.175
SDA-1.0	140	172	28	60	1591	0.175
SDA-1.5	141	172	28	59	1653	0.175
SDA-2.0	141	171	29	59	1673	0.1775
SDA-2.5	140	169	31	60	1716	0.17
SDA-3.0	140	169	31	60	1622	0.1675
\TheName{}-0.5	177	102	98	23	1791	0.19
\TheName{}-1.0	182	159	41	18	1719	0.175
\TheName{}-1.5	170	170	30	30	1798	0.1725
\TheName{}-2.0	159	169	31	41	1876	0.1725
\TheName{}-2.5	156	169	31	44	1845	0.19
\TheName{}-3.0	153	170	30	47	1884	0.1725
SVM	187	140	60	13	2	0.005
LR	0	200	0	200	0	0.0075
Ye-LDA	157	154	46	43	111	0.005
DTree-10	126	137	63	74	2	0.005
DTree-20	117	162	38	83	25	0.0025
RFC-50	82	169	31	118	17	0.01
RFC-100	92	168	32	108	34	0.0175
NLSVM-0.1	2	200	0	198	1	0.0325
NLSVM-1.0	49	171	29	151	1	0.0275
NLSVM-10	200	0	200	0	1	0.025
LDA	123	165	35	77	340	0.3075
SDA-0.5	115	172	28	85	1599	0.175
SDA-1.0	115	172	28	85	1637	0.1725
SDA-1.5	115	172	28	85	1644	0.18
SDA-2.0	115	172	28	85	1667	0.1725
SDA-2.5	115	172	28	85	1664	0.175
SDA-3.0	115	172	28	85	1732	0.1875
\TheName{}-0.5	163	126	74	37	1680	0.1725
\TheName{}-1.0	134	170	30	66	1782	0.175
\TheName{}-1.5	122	171	29	78	1879	0.175
\TheName{}-2.0	118	171	29	82	1727	0.1925
\TheName{}-2.5	115	172	28	85	1746	0.18
\TheName{}-3.0	116	172	28	84	1824	0.1775
SVM	147	164	36	53	2	0.005
LR	0	200	0	200	0	0.005
Ye-LDA	114	168	32	86	112	0.0025
DTree-10	65	184	16	135	2	0.005
DTree-20	86	175	25	114	3	0.0025
RFC-50	75	186	14	125	8	0.0075
RFC-100	76	182	18	124	15	0.0175
NLSVM-0.1	200	11	189	0	1	0.035
NLSVM-1.0	182	59	141	18	1	0.025
NLSVM-10	6	199	1	194	1	0.0225
LDA	162	137	63	38	430	0.3425
SDA-0.5	184	149	51	16	1534	0.1775
SDA-1.0	183	146	54	17	1557	0.1725
SDA-1.5	182	145	55	18	1679	0.175
SDA-2.0	181	145	55	19	1646	0.175
SDA-2.5	181	145	55	19	1658	0.175
SDA-3.0	181	145	55	19	1559	0.17
\TheName{}-0.5	155	169	31	45	1719	0.175
\TheName{}-1.0	175	155	45	25	1708	0.1725
\TheName{}-1.5	177	152	48	23	1803	0.19
\TheName{}-2.0	179	150	50	21	1669	0.175
\TheName{}-2.5	180	149	51	20	1697	0.17
\TheName{}-3.0	180	149	51	20	1646	0.17
SVM	175	141	59	25	1	0.005
LR	0	200	0	200	0	0.005
Ye-LDA	163	178	22	37	138	0.005
DTree-10	172	111	89	28	2	0.005
DTree-20	160	127	73	40	2	0.005
RFC-50	91	185	15	109	8	0.0075
RFC-100	111	182	18	89	35	0.0225
NLSVM-0.1	0	199	1	200	1	0.0325
NLSVM-1.0	200	69	131	0	1	0.025
NLSVM-10	12	200	0	188	1	0.025
LDA	162	146	54	38	417	0.205
SDA-0.5	136	170	30	64	1590	0.18
SDA-1.0	134	170	30	66	1522	0.17
SDA-1.5	134	170	30	66	1577	0.175
SDA-2.0	134	170	30	66	1514	0.175
SDA-2.5	133	170	30	67	1495	0.1675
SDA-3.0	133	171	29	67	1555	0.1725
\TheName{}-0.5	163	144	56	37	1695	0.1725
\TheName{}-1.0	148	172	28	52	1623	0.1725
\TheName{}-1.5	145	174	26	55	1683	0.17
\TheName{}-2.0	143	174	26	57	1656	0.1775
\TheName{}-2.5	141	173	27	59	1707	0.1725
\TheName{}-3.0	141	172	28	59	1719	0.175
SVM	147	160	40	53	2	0.0075
LR	200	0	200	0	0	0.005
Ye-LDA	166	141	59	34	109	0.0175
DTree-10	106	148	52	94	2	0.005
DTree-20	119	138	62	81	3	0.005
RFC-50	105	163	37	95	9	0.01
RFC-100	104	158	42	96	16	0.02
NLSVM-0.1	123	129	71	77	1	0.0325
NLSVM-1.0	35	186	14	165	1	0.0225
NLSVM-10	1	200	0	199	1	0.025
LDA	166	110	90	34	350	0.355
SDA-0.5	110	177	23	90	1690	0.1725
SDA-1.0	110	176	24	90	1605	0.17
SDA-1.5	110	177	23	90	1590	0.18
SDA-2.0	110	177	23	90	1548	0.1725
SDA-2.5	109	177	23	91	1492	0.215
SDA-3.0	109	177	23	91	1596	0.1725
\TheName{}-0.5	151	59	141	49	1775	0.185
\TheName{}-1.0	188	155	45	12	1615	0.1775
\TheName{}-1.5	154	170	30	46	1707	0.185
\TheName{}-2.0	136	172	28	64	1598	0.175
\TheName{}-2.5	128	174	26	72	1634	0.1725
\TheName{}-3.0	126	174	26	74	1733	0.175
SVM	155	159	41	45	2	0.005
LR	0	200	0	200	1	0.01
Ye-LDA	147	163	37	53	113	0.0025
DTree-10	84	162	38	116	2	0.0025
DTree-20	91	149	51	109	4	0.0025
RFC-50	58	185	15	142	15	0.0075
RFC-100	57	185	15	143	13	0.0175
NLSVM-0.1	153	101	99	47	1	0.03
NLSVM-1.0	200	40	160	0	1	0.035
NLSVM-10	185	150	50	15	1	0.02
LDA	162	138	62	38	322	0.245
SDA-0.5	145	172	28	55	1753	0.175
SDA-1.0	144	171	29	56	1560	0.175
SDA-1.5	143	171	29	57	1623	0.1775
SDA-2.0	143	170	30	57	1649	0.175
SDA-2.5	143	170	30	57	1543	0.1725
SDA-3.0	143	170	30	57	1786	0.175
\TheName{}-0.5	168	164	36	32	1678	0.1725
\TheName{}-1.0	156	176	24	44	1846	0.1775
\TheName{}-1.5	150	173	27	50	1796	0.1775
\TheName{}-2.0	149	173	27	51	1780	0.18
\TheName{}-2.5	147	173	27	53	1731	0.175
\TheName{}-3.0	145	173	27	55	1738	0.2175
SVM	168	155	45	32	4	0.015
LR	0	200	0	200	1	0.0125
Ye-LDA	134	171	29	66	160	0.0125
DTree-10	97	183	17	103	4	0.0125
DTree-20	123	166	34	77	4	0.0075
RFC-50	97	183	17	103	8	0.0075
RFC-100	108	174	26	92	16	0.0425
NLSVM-0.1	200	19	181	0	1	0.0475
NLSVM-1.0	200	30	170	0	1	0.0325
NLSVM-10	200	0	200	0	1	0.0275
LDA	165	142	58	35	339	0.2625
SDA-0.5	119	175	25	81	1739	0.1825
SDA-1.0	119	175	25	81	1626	0.1775
SDA-1.5	119	175	25	81	1712	0.18
SDA-2.0	119	175	25	81	1791	0.2525
SDA-2.5	118	175	25	82	1601	0.17
SDA-3.0	117	175	25	83	1861	0.175
\TheName{}-0.5	156	144	56	44	1694	0.175
\TheName{}-1.0	135	178	22	65	1777	0.175
\TheName{}-1.5	127	177	23	73	1717	0.1725
\TheName{}-2.0	123	176	24	77	1671	0.175
\TheName{}-2.5	121	176	24	79	1753	0.175
\TheName{}-3.0	119	176	24	81	1700	0.175
SVM	163	167	33	37	1	0.005
LR	200	0	200	0	1	0.0025
Ye-LDA	147	180	20	53	111	0.0025
DTree-10	113	163	37	87	3	0.005
DTree-20	127	153	47	73	4	0.005
RFC-50	92	180	20	108	7	0.0075
RFC-100	90	180	20	110	14	0.015
NLSVM-0.1	0	200	0	200	1	0.0325
NLSVM-1.0	183	61	139	17	1	0.025
NLSVM-10	5	200	0	195	1	0.025
LDA	174	115	85	26	344	0.1875
SDA-0.5	176	162	38	24	1636	0.17
SDA-1.0	176	161	39	24	1636	0.1725
SDA-1.5	177	159	41	23	1474	0.1725
SDA-2.0	177	159	41	23	1631	0.1775
SDA-2.5	177	158	42	23	1562	0.1725
SDA-3.0	177	158	42	23	1618	0.1775
\TheName{}-0.5	167	135	65	33	1673	0.17
\TheName{}-1.0	179	154	46	21	1666	0.1975
\TheName{}-1.5	179	156	44	21	1717	0.1775
\TheName{}-2.0	176	155	45	24	1799	0.175
\TheName{}-2.5	176	158	42	24	1763	0.175
\TheName{}-3.0	176	157	43	24	1720	0.1775
SVM	177	136	64	23	1	0.005
LR	0	200	0	200	1	0.0025
Ye-LDA	162	165	35	38	117	0.0025
DTree-10	86	177	23	114	3	0.0025
DTree-20	103	167	33	97	3	0.005
RFC-50	54	194	6	146	7	0.005
RFC-100	74	191	9	126	31	0.0175
NLSVM-0.1	144	105	95	56	1	0.0325
NLSVM-1.0	200	28	172	0	1	0.025
NLSVM-10	187	138	62	13	1	0.025
LDA	114	146	54	86	321	0.27
SDA-0.5	140	156	44	60	1579	0.175
SDA-1.0	141	157	43	59	1594	0.17
SDA-1.5	141	157	43	59	1617	0.175
SDA-2.0	140	157	43	60	1639	0.1725
SDA-2.5	140	157	43	60	1510	0.17
SDA-3.0	140	157	43	60	1637	0.1725
\TheName{}-0.5	140	158	42	60	1682	0.17
\TheName{}-1.0	149	159	41	51	1652	0.1725
\TheName{}-1.5	144	159	41	56	1800	0.17
\TheName{}-2.0	140	159	41	60	1744	0.175
\TheName{}-2.5	141	158	42	59	1679	0.1675
\TheName{}-3.0	141	157	43	59	1663	0.1775
SVM	151	151	49	49	2	0.005
LR	0	200	0	200	1	0.005
Ye-LDA	132	155	45	68	125	0.0075
DTree-10	103	158	42	97	13	0.015
DTree-20	131	154	46	69	4	0.015
RFC-50	119	161	39	81	8	0.015
RFC-100	128	161	39	72	36	0.0125
NLSVM-0.1	3	200	0	197	1	0.04
NLSVM-1.0	177	70	130	23	1	0.0275
NLSVM-10	200	0	200	0	1	0.0225
LDA	157	142	58	43	306	0.24
SDA-0.5	130	163	37	70	1465	0.17
SDA-1.0	127	161	39	73	1628	0.1775
SDA-1.5	127	160	40	73	1598	0.1775
SDA-2.0	126	160	40	74	1554	0.17
SDA-2.5	126	160	40	74	1681	0.1925
SDA-3.0	126	160	40	74	1654	0.175
\TheName{}-0.5	164	147	53	36	1677	0.175
\TheName{}-1.0	148	171	29	52	1691	0.1775
\TheName{}-1.5	135	166	34	65	1596	0.1875
\TheName{}-2.0	133	165	35	67	1763	0.1725
\TheName{}-2.5	127	165	35	73	1655	0.1725
\TheName{}-3.0	126	165	35	74	1718	0.175
SVM	155	154	46	45	1	0.0075
LR	0	200	0	200	0	0.005
Ye-LDA	119	167	33	81	111	0.0025
DTree-10	84	176	24	116	8	0.005
DTree-20	109	169	31	91	3	0.0025
RFC-50	90	177	23	110	8	0.0075
RFC-100	88	180	20	112	34	0.0175
NLSVM-0.1	1	200	0	199	1	0.0325
NLSVM-1.0	184	68	132	16	1	0.025
NLSVM-10	0	200	0	200	1	0.0225
LDA	130	119	81	70	321	0.375
SDA-0.5	107	184	16	93	1598	0.1725
SDA-1.0	106	183	17	94	1605	0.175
SDA-1.5	106	183	17	94	1577	0.175
SDA-2.0	106	183	17	94	1736	0.1825
SDA-2.5	106	183	17	94	1651	0.18
SDA-3.0	106	183	17	94	1707	0.1725
\TheName{}-0.5	139	110	90	61	1775	0.1725
\TheName{}-1.0	131	182	18	69	1722	0.17
\TheName{}-1.5	117	184	16	83	1782	0.1975
\TheName{}-2.0	116	185	15	84	1663	0.1825
\TheName{}-2.5	111	185	15	89	1722	0.1825
\TheName{}-3.0	110	185	15	90	1749	0.1725
SVM	146	156	44	54	2	0.0025
LR	0	200	0	200	1	0.0025
Ye-LDA	107	183	17	93	117	0.0025
DTree-10	78	176	24	122	2	0.005
DTree-20	110	159	41	90	15	0.005
RFC-50	67	193	7	133	7	0.01
RFC-100	68	190	10	132	31	0.0175
NLSVM-0.1	200	17	183	0	1	0.0325
NLSVM-1.0	177	80	120	23	1	0.025
NLSVM-10	12	200	0	188	1	0.025
LDA	167	145	55	33	386	0.31
SDA-0.5	179	164	36	21	1784	0.1775
SDA-1.0	176	162	38	24	1656	0.1825
SDA-1.5	176	162	38	24	1615	0.1775
SDA-2.0	176	162	38	24	1594	0.1775
SDA-2.5	176	162	38	24	1646	0.175
SDA-3.0	176	162	38	24	1647	0.1775
\TheName{}-0.5	180	124	76	20	1741	0.2025
\TheName{}-1.0	188	147	53	12	1725	0.1775
\TheName{}-1.5	187	153	47	13	1671	0.1725
\TheName{}-2.0	184	157	43	16	1717	0.1775
\TheName{}-2.5	184	157	43	16	1702	0.175
\TheName{}-3.0	183	158	42	17	1811	0.1725
SVM	169	147	53	31	2	0.005
LR	0	200	0	200	0	0.005
Ye-LDA	179	147	53	21	112	0.005
DTree-10	63	178	22	137	7	0.0025
DTree-20	95	167	33	105	4	0.005
RFC-50	68	189	11	132	8	0.0075
RFC-100	86	187	13	114	15	0.02
NLSVM-0.1	199	20	180	1	1	0.0325
NLSVM-1.0	195	66	134	5	1	0.025
NLSVM-10	0	200	0	200	1	0.0225
LDA	166	120	80	34	283	0.185
SDA-0.5	163	151	49	37	1697	0.18
SDA-1.0	162	151	49	38	1564	0.18
SDA-1.5	160	152	48	40	1671	0.1725
SDA-2.0	160	153	47	40	1534	0.175
SDA-2.5	160	153	47	40	1584	0.175
SDA-3.0	160	153	47	40	1563	0.2
\TheName{}-0.5	154	157	43	46	1672	0.185
\TheName{}-1.0	161	156	44	39	1700	0.195
\TheName{}-1.5	160	154	46	40	1739	0.245
\TheName{}-2.0	160	153	47	40	1797	0.1825
\TheName{}-2.5	160	153	47	40	1639	0.1825
\TheName{}-3.0	160	153	47	40	1660	0.1875
SVM	154	157	43	46	3	0.01
LR	0	200	0	200	0	0.005
Ye-LDA	147	166	34	53	105	0.005
DTree-10	106	143	57	94	2	0.0025
DTree-20	122	125	75	78	3	0.005
RFC-50	104	165	35	96	7	0.005
RFC-100	99	160	40	101	14	0.015
NLSVM-0.1	0	200	0	200	1	0.0325
NLSVM-1.0	171	110	90	29	1	0.025
NLSVM-10	200	3	197	0	1	0.0225
LDA	117	172	28	83	386	0.385
SDA-0.5	119	187	13	81	1604	0.175
SDA-1.0	118	187	13	82	1640	0.1875
SDA-1.5	118	187	13	82	1708	0.175
SDA-2.0	118	187	13	82	1564	0.1775
SDA-2.5	119	187	13	81	1616	0.2225
SDA-3.0	118	187	13	82	1559	0.17
\TheName{}-0.5	142	83	117	58	1804	0.175
\TheName{}-1.0	148	183	17	52	1666	0.175
\TheName{}-1.5	131	185	15	69	1762	0.19
\TheName{}-2.0	126	187	13	74	1753	0.1825
\TheName{}-2.5	123	187	13	77	1741	0.1725
\TheName{}-3.0	122	187	13	78	1691	0.1725
SVM	138	179	21	62	2	0.005
LR	200	0	200	0	0	0.005
Ye-LDA	158	168	32	42	113	0.0025
DTree-10	112	158	42	88	3	0.0025
DTree-20	120	158	42	80	3	0.005
RFC-50	93	184	16	107	9	0.0075
RFC-100	106	180	20	94	39	0.02
NLSVM-0.1	200	11	189	0	1	0.0325
NLSVM-1.0	5	200	0	195	2	0.03
NLSVM-10	200	0	200	0	1	0.0325
LDA	143	146	54	57	324	0.25
SDA-0.5	177	151	49	23	1769	0.1875
SDA-1.0	174	152	48	26	1675	0.1875
SDA-1.5	174	152	48	26	1712	0.175
SDA-2.0	174	152	48	26	1649	0.18
SDA-2.5	169	152	48	31	1666	0.1775
SDA-3.0	168	152	48	32	1633	0.175
\TheName{}-0.5	184	114	86	16	1921	0.1825
\TheName{}-1.0	183	143	57	17	1783	0.18
\TheName{}-1.5	182	150	50	18	1792	0.175
\TheName{}-2.0	177	152	48	23	1740	0.175
\TheName{}-2.5	177	151	49	23	1708	0.1775
\TheName{}-3.0	175	151	49	25	1695	0.175
SVM	165	147	53	35	1	0.005
LR	0	200	0	200	0	0.005
Ye-LDA	177	142	58	23	115	0.0025
DTree-10	88	160	40	112	3	0.0025
DTree-20	100	142	58	100	3	0.005
RFC-50	89	180	20	111	8	0.0075
RFC-100	83	183	17	117	32	0.0175
NLSVM-0.1	200	16	184	0	1	0.0325
NLSVM-1.0	8	200	0	192	1	0.025
NLSVM-10	55	198	2	145	1	0.025
LDA	135	159	41	65	377	0.285
SDA-0.5	112	191	9	88	1596	0.1725
SDA-1.0	109	191	9	91	1761	0.1725
SDA-1.5	109	191	9	91	1547	0.1775
SDA-2.0	109	191	9	91	1598	0.1725
SDA-2.5	109	191	9	91	1588	0.175
SDA-3.0	109	191	9	91	1692	0.18
\TheName{}-0.5	126	79	121	74	1741	0.175
\TheName{}-1.0	147	184	16	53	1753	0.1725
\TheName{}-1.5	131	192	8	69	1770	0.1925
\TheName{}-2.0	125	192	8	75	1637	0.1725
\TheName{}-2.5	124	192	8	76	1679	0.175
\TheName{}-3.0	121	191	9	79	1812	0.1725
SVM	138	180	20	62	2	0.0075
LR	0	200	0	200	0	0.005
Ye-LDA	122	186	14	78	115	0.0025
DTree-10	96	183	17	104	19	0.005
DTree-20	101	179	21	99	3	0.005
RFC-50	71	190	10	129	7	0.0075
RFC-100	79	186	14	121	32	0.0175
NLSVM-0.1	200	11	189	0	1	0.0325
NLSVM-1.0	169	75	125	31	1	0.025
NLSVM-10	118	189	11	82	1	0.025
LDA	116	149	51	84	432	0.3125
SDA-0.5	99	183	17	101	1692	0.17
SDA-1.0	97	182	18	103	1639	0.1725
SDA-1.5	98	181	19	102	1606	0.185
SDA-2.0	98	181	19	102	1630	0.1725
SDA-2.5	98	181	19	102	1576	0.1725
SDA-3.0	98	181	19	102	1605	0.1725
\TheName{}-0.5	124	53	147	76	1737	0.1775
\TheName{}-1.0	145	186	14	55	1588	0.18
\TheName{}-1.5	121	185	15	79	1661	0.1825
\TheName{}-2.0	110	186	14	90	1751	0.175
\TheName{}-2.5	105	184	16	95	1633	0.445
\TheName{}-3.0	103	182	18	97	1803	0.175
SVM	128	159	41	72	2	0.0025
LR	0	200	0	200	1	0.005
Ye-LDA	98	185	15	102	117	0.0025
DTree-10	81	172	28	119	22	0.005
DTree-20	113	161	39	87	4	0.0025
RFC-50	71	185	15	129	15	0.005
RFC-100	71	187	13	129	31	0.03
NLSVM-0.1	0	200	0	200	1	0.035
NLSVM-1.0	12	196	4	188	9	0.0625
NLSVM-10	15	200	0	185	6	0.0475
LDA	144	143	57	56	287	0.305
SDA-0.5	154	157	43	46	1613	0.1725
SDA-1.0	154	155	45	46	1597	0.175
SDA-1.5	154	154	46	46	1548	0.17
SDA-2.0	153	153	47	47	1689	0.175
SDA-2.5	152	153	47	48	1571	0.18
SDA-3.0	152	153	47	48	1558	0.1725
\TheName{}-0.5	145	177	23	55	1795	0.1775
\TheName{}-1.0	156	170	30	44	1637	0.1725
\TheName{}-1.5	157	164	36	43	1667	0.1725
\TheName{}-2.0	154	160	40	46	1725	0.175
\TheName{}-2.5	154	159	41	46	1710	0.1725
\TheName{}-3.0	154	158	42	46	1602	0.1725
SVM	153	159	41	47	2	0.005
LR	0	200	0	200	0	0.005
Ye-LDA	153	165	35	47	113	0.005
DTree-10	92	177	23	108	2	0.0025
DTree-20	110	166	34	90	4	0.0025
RFC-50	101	179	21	99	14	0.0075
RFC-100	98	184	16	102	39	0.0175
NLSVM-0.1	200	9	191	0	1	0.0325
NLSVM-1.0	189	49	151	11	1	0.025
NLSVM-10	174	148	52	26	1	0.0225
LDA	145	163	37	55	377	0.3475
SDA-0.5	101	188	12	99	1694	0.185
SDA-1.0	101	188	12	99	1648	0.1775
SDA-1.5	101	188	12	99	1669	0.1725
SDA-2.0	101	187	13	99	1634	0.1775
SDA-2.5	101	187	13	99	1673	0.1825
SDA-3.0	101	187	13	99	1646	0.1725
\TheName{}-0.5	132	42	158	68	1651	0.17
\TheName{}-1.0	165	165	35	35	1784	0.175
\TheName{}-1.5	121	185	15	79	1742	0.17
\TheName{}-2.0	115	187	13	85	1690	0.1725
\TheName{}-2.5	110	187	13	90	1801	0.19
\TheName{}-3.0	107	187	13	93	1804	0.1875
SVM	149	174	26	51	2	0.005
LR	0	200	0	200	0	0.005
Ye-LDA	101	173	27	99	122	0.005
DTree-10	97	181	19	103	2	0.005
DTree-20	132	160	40	68	3	0.005
RFC-50	89	183	17	111	5	0.0075
RFC-100	92	185	15	108	32	0.02
NLSVM-0.1	199	15	185	1	1	0.0325
NLSVM-1.0	3	200	0	197	0	0.0275
NLSVM-10	23	199	1	177	1	0.0225
LDA	121	148	52	79	338	0.2975
SDA-0.5	105	180	20	95	1618	0.175
SDA-1.0	105	180	20	95	1495	0.1825
SDA-1.5	106	180	20	94	1619	0.185
SDA-2.0	106	180	20	94	1593	0.1725
SDA-2.5	106	180	20	94	1683	0.175
SDA-3.0	106	180	20	94	1552	0.17
\TheName{}-0.5	165	129	71	35	1816	0.17
\TheName{}-1.0	117	180	20	83	1691	0.1725
\TheName{}-1.5	112	182	18	88	1717	0.1725
\TheName{}-2.0	109	183	17	91	1740	0.1725
\TheName{}-2.5	108	183	17	92	1614	0.175
\TheName{}-3.0	106	181	19	94	1687	0.17
SVM	135	172	28	65	2	0.005
LR	200	0	200	0	0	0.005
Ye-LDA	120	183	17	80	113	0.005
DTree-10	79	177	23	121	2	0.005
DTree-20	89	172	28	111	2	0.005
RFC-50	75	180	20	125	14	0.0075
RFC-100	72	178	22	128	27	0.015
NLSVM-0.1	0	200	0	200	1	0.0325
NLSVM-1.0	168	47	153	32	1	0.025
NLSVM-10	200	0	200	0	1	0.0225
LDA	125	147	53	75	353	0.235
SDA-0.5	146	156	44	54	1585	0.1775
SDA-1.0	145	156	44	55	1627	0.2
SDA-1.5	144	156	44	56	1516	0.17
SDA-2.0	144	156	44	56	1584	0.1625
SDA-2.5	144	156	44	56	1520	0.175
SDA-3.0	144	156	44	56	1535	0.1725
\TheName{}-0.5	164	130	70	36	1633	0.175
\TheName{}-1.0	159	150	50	41	1482	0.1775
\TheName{}-1.5	153	153	47	47	1654	0.165
\TheName{}-2.0	151	149	51	49	1564	0.2025
\TheName{}-2.5	150	150	50	50	1691	0.1725
\TheName{}-3.0	147	151	49	53	1663	0.18
SVM	145	155	45	55	3	0.005
LR	0	200	0	200	0	0.005
Ye-LDA	152	153	47	48	114	0.0025
DTree-10	91	158	42	109	2	0.0025
DTree-20	102	154	46	98	3	0.005
RFC-50	130	163	37	70	5	0.01
RFC-100	135	156	44	65	30	0.02
NLSVM-0.1	200	11	189	0	1	0.0325
NLSVM-1.0	23	189	11	177	1	0.025
NLSVM-10	200	4	196	0	1	0.0225
LDA	145	114	86	55	366	0.215
SDA-0.5	129	164	36	71	1635	0.1725
SDA-1.0	128	164	36	72	1702	0.175
SDA-1.5	128	164	36	72	1646	0.1675
SDA-2.0	128	164	36	72	1571	0.18
SDA-2.5	128	164	36	72	1660	0.1725
SDA-3.0	128	164	36	72	1558	0.175
\TheName{}-0.5	135	67	133	65	1704	0.1775
\TheName{}-1.0	181	130	70	19	1732	0.1775
\TheName{}-1.5	168	163	37	32	1645	0.17
\TheName{}-2.0	155	162	38	45	1909	0.1875
\TheName{}-2.5	149	163	37	51	1638	0.1925
\TheName{}-3.0	143	163	37	57	1901	0.1825
SVM	163	122	78	37	1	0.005
LR	0	200	0	200	1	0.0025
Ye-LDA	127	173	27	73	117	0.005
DTree-10	81	164	36	119	2	0.005
DTree-20	92	162	38	108	2	0.005
RFC-50	89	174	26	111	14	0.01
RFC-100	78	180	20	122	34	0.015
NLSVM-0.1	0	200	0	200	1	0.0325
NLSVM-1.0	88	129	71	112	1	0.025
NLSVM-10	2	200	0	198	1	0.025
LDA	144	131	69	56	306	0.2325
SDA-0.5	139	171	29	61	1612	0.175
SDA-1.0	135	170	30	65	1686	0.1725
SDA-1.5	134	169	31	66	1644	0.19
SDA-2.0	134	169	31	66	1579	0.1625
SDA-2.5	134	169	31	66	1652	0.17
SDA-3.0	134	169	31	66	1538	0.25
\TheName{}-0.5	160	99	101	40	1673	0.1775
\TheName{}-1.0	183	148	52	17	1694	0.1725
\TheName{}-1.5	167	159	41	33	1730	0.175
\TheName{}-2.0	155	159	41	45	1658	0.17
\TheName{}-2.5	155	163	37	45	1790	0.1775
\TheName{}-3.0	153	165	35	47	1593	0.1725
SVM	173	140	60	27	2	0.0075
LR	0	200	0	200	0	0.005
Ye-LDA	117	165	35	83	122	0.0025
DTree-10	65	180	20	135	2	0.005
DTree-20	108	163	37	92	3	0.005
RFC-50	75	174	26	125	16	0.025
RFC-100	88	174	26	112	30	0.02
NLSVM-0.1	0	200	0	200	1	0.0375
NLSVM-1.0	192	52	148	8	1	0.0225
NLSVM-10	0	200	0	200	1	0.03
LDA	124	149	51	76	315	0.27
SDA-0.5	143	169	31	57	1572	0.1625
SDA-1.0	142	169	31	58	1576	0.175
SDA-1.5	140	169	31	60	1537	0.175
SDA-2.0	139	169	31	61	1708	0.1725
SDA-2.5	138	169	31	62	1493	0.1625
SDA-3.0	139	168	32	61	1621	0.18
\TheName{}-0.5	143	171	29	57	1591	0.1775
\TheName{}-1.0	142	168	32	58	1684	0.17
\TheName{}-1.5	143	169	31	57	1708	0.1775
\TheName{}-2.0	143	170	30	57	1694	0.17
\TheName{}-2.5	142	170	30	58	1650	0.16
\TheName{}-3.0	142	168	32	58	1725	0.165
SVM	143	165	35	57	2	0.005
LR	200	0	200	0	0	0.005
Ye-LDA	169	149	51	31	108	0.005
DTree-10	86	170	30	114	10	0.005
DTree-20	107	163	37	93	4	0.0025
RFC-50	86	188	12	114	15	0.01
RFC-100	82	188	12	118	26	0.0175
NLSVM-0.1	1	200	0	199	1	0.03
NLSVM-1.0	160	80	120	40	1	0.025
NLSVM-10	200	0	200	0	1	0.0225
LDA	151	114	86	49	314	0.34
SDA-0.5	165	157	43	35	1609	0.1725
SDA-1.0	158	159	41	42	1543	0.1625
SDA-1.5	157	160	40	43	1529	0.2275
SDA-2.0	157	160	40	43	1614	0.175
SDA-2.5	157	160	40	43	1456	0.1625
SDA-3.0	157	160	40	43	1501	0.175
\TheName{}-0.5	169	134	66	31	1642	0.1725
\TheName{}-1.0	173	143	57	27	1604	0.17
\TheName{}-1.5	165	150	50	35	1681	0.1675
\TheName{}-2.0	164	150	50	36	1617	0.17
\TheName{}-2.5	164	150	50	36	1761	0.1875
\TheName{}-3.0	164	150	50	36	1697	0.1725
SVM	159	125	75	41	4	0.0075
LR	0	200	0	200	0	0.0125
Ye-LDA	131	163	37	69	195	0.0825
DTree-10	68	173	27	132	41	0.0025
DTree-20	111	153	47	89	4	0.005
RFC-50	76	174	26	124	16	0.01
RFC-100	70	184	16	130	39	0.0225
NLSVM-0.1	3	200	0	197	1	0.03
NLSVM-1.0	52	162	38	148	1	0.025
NLSVM-10	200	0	200	0	1	0.025
LDA	104	163	37	96	340	0.2725
SDA-0.5	115	183	17	85	1579	0.1725
SDA-1.0	114	183	17	86	1539	0.1675
SDA-1.5	114	183	17	86	1618	0.165
SDA-2.0	114	183	17	86	1604	0.1725
SDA-2.5	114	183	17	86	1590	0.1625
SDA-3.0	114	183	17	86	1498	0.1625
\TheName{}-0.5	131	180	20	69	1706	0.185
\TheName{}-1.0	120	184	16	80	1734	0.1725
\TheName{}-1.5	116	182	18	84	1626	0.1625
\TheName{}-2.0	114	182	18	86	1686	0.1825
\TheName{}-2.5	114	183	17	86	1748	0.1725
\TheName{}-3.0	114	183	17	86	1658	0.1725
SVM	127	173	27	73	2	0.005
LR	200	0	200	0	0	0.005
Ye-LDA	141	166	34	59	107	0.005
DTree-10	73	177	23	127	12	0.0025
DTree-20	97	164	36	103	15	0.0075
RFC-50	81	183	17	119	14	0.01
RFC-100	69	187	13	131	33	0.025
NLSVM-0.1	0	200	0	200	2	0.0325
NLSVM-1.0	111	128	72	89	2	0.0775
NLSVM-10	200	0	200	0	1	0.0275
LDA	176	135	65	24	293	0.26
SDA-0.5	166	164	36	34	1520	0.1675
SDA-1.0	164	163	37	36	1657	0.1725
SDA-1.5	163	163	37	37	1618	0.1625
SDA-2.0	163	163	37	37	1614	0.175
SDA-2.5	163	163	37	37	1568	0.1925
SDA-3.0	163	163	37	37	1505	0.1625
\TheName{}-0.5	185	143	57	15	1661	0.17
\TheName{}-1.0	183	160	40	17	1775	0.1775
\TheName{}-1.5	177	163	37	23	1646	0.165
\TheName{}-2.0	172	163	37	28	1642	0.17
\TheName{}-2.5	169	164	36	31	1658	0.17
\TheName{}-3.0	168	163	37	32	1662	0.175
SVM	179	141	59	21	2	0.005
LR	0	200	0	200	1	0.0075
Ye-LDA	136	184	16	64	115	0.005
DTree-10	102	158	42	98	2	0.0025
DTree-20	122	147	53	78	3	0.005
RFC-50	102	180	20	98	14	0.0075
RFC-100	104	182	18	96	29	0.02
NLSVM-0.1	1	200	0	199	1	0.0325
NLSVM-1.0	9	198	2	191	1	0.025
NLSVM-10	0	200	0	200	1	0.025
LDA	139	137	63	61	327	0.2475
SDA-0.5	142	180	20	58	1565	0.175
SDA-1.0	138	180	20	62	1627	0.17
SDA-1.5	137	180	20	63	1617	0.16
SDA-2.0	137	180	20	63	1720	0.175
SDA-2.5	137	180	20	63	1605	0.17
SDA-3.0	137	180	20	63	1684	0.1625
\TheName{}-0.5	150	153	47	50	1783	0.1825
\TheName{}-1.0	150	182	18	50	1604	0.1775
\TheName{}-1.5	148	183	17	52	1818	0.175
\TheName{}-2.0	141	181	19	59	1716	0.1725
\TheName{}-2.5	140	181	19	60	1674	0.1975
\TheName{}-3.0	140	181	19	60	1698	0.1625
SVM	148	156	44	52	2	0.005
LR	0	200	0	200	0	0.005
Ye-LDA	118	177	23	82	115	0.0025
DTree-10	76	174	26	124	2	0.005
DTree-20	101	157	43	99	3	0.005
RFC-50	81	189	11	119	15	0.0075
RFC-100	87	187	13	113	30	0.02
NLSVM-0.1	200	10	190	0	1	0.0325
NLSVM-1.0	186	61	139	14	1	0.0225
NLSVM-10	200	0	200	0	1	0.025
LDA	133	155	45	67	383	0.26
SDA-0.5	120	170	30	80	1573	0.1825
SDA-1.0	117	171	29	83	1766	0.1675
SDA-1.5	114	172	28	86	1648	0.1775
SDA-2.0	113	172	28	87	1533	0.1725
SDA-2.5	113	172	28	87	1763	0.165
SDA-3.0	113	172	28	87	1584	0.175
\TheName{}-0.5	152	69	131	48	1818	0.1925
\TheName{}-1.0	177	145	55	23	1713	0.1875
\TheName{}-1.5	159	165	35	41	1800	0.2
\TheName{}-2.0	144	171	29	56	1730	0.1725
\TheName{}-2.5	136	171	29	64	1727	0.17
\TheName{}-3.0	130	172	28	70	1776	0.1825
SVM	156	145	55	44	2	0.005
LR	200	0	200	0	1	0.0025
Ye-LDA	180	112	88	20	130	0.005
DTree-10	57	172	28	143	2	0.0025
DTree-20	89	164	36	111	3	0.005
RFC-50	91	177	23	109	17	0.01
RFC-100	77	183	17	123	35	0.02
NLSVM-0.1	0	200	0	200	2	0.04
NLSVM-1.0	82	159	41	118	1	0.045
NLSVM-10	194	102	98	6	1	0.0425
LDA	180	113	87	20	382	0.265
SDA-0.5	124	175	25	76	1597	0.1725
SDA-1.0	124	175	25	76	1515	0.17
SDA-1.5	123	175	25	77	1680	0.1625
SDA-2.0	123	175	25	77	1646	0.175
SDA-2.5	122	175	25	78	1576	0.1625
SDA-3.0	122	175	25	78	1683	0.1725
\TheName{}-0.5	137	54	146	63	1685	0.1725
\TheName{}-1.0	170	170	30	30	1707	0.1725
\TheName{}-1.5	150	176	24	50	1682	0.1675
\TheName{}-2.0	142	178	22	58	1646	0.1825
\TheName{}-2.5	137	176	24	63	1798	0.165
\TheName{}-3.0	132	176	24	68	1617	0.17
SVM	174	124	76	26	1	0.005
LR	0	200	0	200	0	0.005
Ye-LDA	134	177	23	66	118	0.005
DTree-10	113	145	55	87	2	0.0025
DTree-20	134	132	68	66	3	0.005
RFC-50	97	190	10	103	13	0.005
RFC-100	101	183	17	99	28	0.0175
NLSVM-0.1	2	200	0	198	2	0.0325
NLSVM-1.0	197	50	150	3	1	0.0275
NLSVM-10	200	0	200	0	1	0.0225
LDA	143	127	73	57	316	0.26
SDA-0.5	180	157	43	20	1640	0.17
SDA-1.0	179	154	46	21	1560	0.1725
SDA-1.5	179	152	48	21	1575	0.1625
SDA-2.0	179	152	48	21	1637	0.18
SDA-2.5	179	150	50	21	1643	0.1725
SDA-3.0	179	150	50	21	1492	0.1625
\TheName{}-0.5	150	126	74	50	1823	0.1775
\TheName{}-1.0	185	146	54	15	1606	0.1775
\TheName{}-1.5	185	150	50	15	1807	0.1675
\TheName{}-2.0	184	148	52	16	1624	0.165
\TheName{}-2.5	183	151	49	17	1752	0.1725
\TheName{}-3.0	183	152	48	17	1760	0.1725
SVM	178	136	64	22	1	0.005
LR	200	0	200	0	1	0.005
Ye-LDA	174	132	68	26	106	0.015
DTree-10	96	168	32	104	2	0.005
DTree-20	112	162	38	88	2	0.005
RFC-50	78	181	19	122	14	0.0075
RFC-100	86	176	24	114	27	0.0175
NLSVM-0.1	1	199	1	199	1	0.03
NLSVM-1.0	199	49	151	1	1	0.025
NLSVM-10	200	1	199	0	1	0.0225
LDA	158	121	79	42	392	0.345
SDA-0.5	93	182	18	107	1638	0.18
SDA-1.0	95	182	18	105	1590	0.165
SDA-1.5	95	182	18	105	1724	0.18
SDA-2.0	96	182	18	104	1603	0.17
SDA-2.5	96	182	18	104	1677	0.1725
SDA-3.0	95	182	18	105	1695	0.165
\TheName{}-0.5	144	38	162	56	1719	0.165
\TheName{}-1.0	174	169	31	26	1648	0.1825
\TheName{}-1.5	123	185	15	77	1799	0.1625
\TheName{}-2.0	110	184	16	90	1633	0.1625
\TheName{}-2.5	103	184	16	97	1779	0.17
\TheName{}-3.0	100	184	16	100	1723	0.17
SVM	171	148	52	29	7	0.005
LR	200	0	200	0	0	0.0125
Ye-LDA	157	170	30	43	116	0.0025
DTree-10	112	146	54	88	2	0.005
DTree-20	116	145	55	84	2	0.005
RFC-50	77	185	15	123	13	0.0125
RFC-100	73	186	14	127	26	0.015
NLSVM-0.1	200	11	189	0	2	0.0375
NLSVM-1.0	199	31	169	1	1	0.025
NLSVM-10	16	199	1	184	1	0.0225
LDA	144	148	52	56	412	0.235
SDA-0.5	139	178	22	61	1539	0.1725
SDA-1.0	137	177	23	63	1600	0.1625
SDA-1.5	137	176	24	63	1615	0.175
SDA-2.0	136	175	25	64	1606	0.1625
SDA-2.5	136	176	24	64	1615	0.17
SDA-3.0	136	176	24	64	1612	0.175
\TheName{}-0.5	165	152	48	35	1702	0.195
\TheName{}-1.0	152	169	31	48	1648	0.205
\TheName{}-1.5	144	170	30	56	1732	0.1675
\TheName{}-2.0	143	172	28	57	1657	0.175
\TheName{}-2.5	143	174	26	57	1682	0.1775
\TheName{}-3.0	142	174	26	58	1716	0.165
SVM	162	150	50	38	2	0.005
LR	200	0	200	0	0	0.005
Ye-LDA	153	150	50	47	114	0.0025
DTree-10	83	165	35	117	2	0.005
DTree-20	117	153	47	83	4	0.005
RFC-50	83	180	20	117	16	0.03
RFC-100	82	183	17	118	30	0.0175
NLSVM-0.1	0	200	0	200	1	0.0325
NLSVM-1.0	191	35	165	9	1	0.025
NLSVM-10	0	200	0	200	1	0.0225
LDA	151	143	57	49	296	0.2275
SDA-0.5	108	174	26	92	1660	0.1675
SDA-1.0	107	173	27	93	1640	0.1725
SDA-1.5	105	173	27	95	1529	0.1625
SDA-2.0	105	173	27	95	1601	0.175
SDA-2.5	105	173	27	95	1656	0.1625
SDA-3.0	105	173	27	95	1533	0.165
\TheName{}-0.5	142	132	68	58	1647	0.18
\TheName{}-1.0	134	174	26	66	1717	0.1675
\TheName{}-1.5	122	176	24	78	1740	0.1725
\TheName{}-2.0	116	176	24	84	1716	0.1625
\TheName{}-2.5	114	176	24	86	1683	0.1725
\TheName{}-3.0	113	176	24	87	1683	0.1775
SVM	156	152	48	44	1	0.02
LR	0	200	0	200	0	0.015
Ye-LDA	89	177	23	111	119	0.0025
DTree-10	65	168	32	135	2	0.0025
DTree-20	103	143	57	97	10	0.005
RFC-50	78	179	21	122	13	0.0075
RFC-100	90	174	26	110	27	0.0175
NLSVM-0.1	200	9	191	0	2	0.03
NLSVM-1.0	200	30	170	0	1	0.025
NLSVM-10	192	128	72	8	1	0.025
LDA	122	138	62	78	295	0.28
SDA-0.5	109	161	39	91	1570	0.175
SDA-1.0	109	161	39	91	1547	0.18
SDA-1.5	109	159	41	91	1549	0.1675
SDA-2.0	109	159	41	91	1575	0.165
SDA-2.5	109	160	40	91	1617	0.1675
SDA-3.0	109	160	40	91	1517	0.1775
\TheName{}-0.5	150	101	99	50	1770	0.1675
\TheName{}-1.0	124	162	38	76	1626	0.195
\TheName{}-1.5	112	161	39	88	1511	0.1675
\TheName{}-2.0	112	161	39	88	1690	0.19
\TheName{}-2.5	111	160	40	89	1695	0.165
\TheName{}-3.0	110	160	40	90	1589	0.1625
SVM	145	140	60	55	2	0.005
LR	0	200	0	200	0	0.005
Ye-LDA	105	156	44	95	111	0.0025
DTree-10	99	146	54	101	12	0.005
DTree-20	119	143	57	81	15	0.005
RFC-50	71	170	30	129	13	0.0075
RFC-100	79	171	29	121	26	0.0175
NLSVM-0.1	200	12	188	0	1	0.0325
NLSVM-1.0	169	78	122	31	1	0.025
NLSVM-10	7	199	1	193	1	0.025
LDA	169	127	73	31	431	0.295
SDA-0.5	187	142	58	13	1611	0.1825
SDA-1.0	186	143	57	14	1651	0.165
SDA-1.5	186	142	58	14	1649	0.19
SDA-2.0	186	142	58	14	1626	0.185
SDA-2.5	186	142	58	14	1601	0.165
SDA-3.0	186	142	58	14	1766	0.17
\TheName{}-0.5	181	137	63	19	1692	0.1625
\TheName{}-1.0	184	136	64	16	1595	0.17
\TheName{}-1.5	185	134	66	15	1755	0.165
\TheName{}-2.0	185	134	66	15	1669	0.175
\TheName{}-2.5	185	135	65	15	1712	0.175
\TheName{}-3.0	185	135	65	15	1619	0.1625
SVM	180	132	68	20	1	0.0075
LR	0	200	0	200	0	0.005
Ye-LDA	170	157	43	30	114	0.0025
DTree-10	114	162	38	86	2	0.005
DTree-20	138	154	46	62	3	0.005
RFC-50	105	175	25	95	12	0.0075
RFC-100	105	175	25	95	25	0.0175
NLSVM-0.1	200	20	180	0	1	0.03
NLSVM-1.0	200	58	142	0	1	0.025
NLSVM-10	200	12	188	0	1	0.025
LDA	166	131	69	34	342	0.28
SDA-0.5	123	182	18	77	1601	0.1625
SDA-1.0	122	180	20	78	1547	0.1725
SDA-1.5	122	180	20	78	1587	0.16
SDA-2.0	121	180	20	79	1555	0.175
SDA-2.5	121	180	20	79	1662	0.1625
SDA-3.0	121	180	20	79	1734	0.1725
\TheName{}-0.5	176	117	83	24	1563	0.165
\TheName{}-1.0	171	173	27	29	1727	0.175
\TheName{}-1.5	144	176	24	56	1615	0.165
\TheName{}-2.0	137	177	23	63	1751	0.1975
\TheName{}-2.5	133	178	22	67	1726	0.1775
\TheName{}-3.0	130	179	21	70	1674	0.18
SVM	180	130	70	20	1	0.0025
LR	0	200	0	200	1	0.0125
Ye-LDA	129	177	23	71	152	0.01
DTree-10	67	185	15	133	2	0.015
DTree-20	101	175	25	99	4	0.01
RFC-50	78	192	8	122	6	0.025
RFC-100	77	190	10	123	34	0.03
NLSVM-0.1	1	200	0	199	1	0.0375
NLSVM-1.0	53	154	46	147	1	0.025
NLSVM-10	9	199	1	191	1	0.025
LDA	130	162	38	70	308	0.275
SDA-0.5	110	171	29	90	1638	0.1625
SDA-1.0	110	171	29	90	1524	0.1725
SDA-1.5	109	171	29	91	1533	0.1625
SDA-2.0	108	171	29	92	1611	0.165
SDA-2.5	108	170	30	92	1593	0.1625
SDA-3.0	107	170	30	93	1573	0.165
\TheName{}-0.5	169	114	86	31	1640	0.175
\TheName{}-1.0	120	170	30	80	1636	0.1725
\TheName{}-1.5	113	171	29	87	1675	0.1625
\TheName{}-2.0	112	172	28	88	1702	0.175
\TheName{}-2.5	112	172	28	88	1664	0.185
\TheName{}-3.0	111	172	28	89	1812	0.245
SVM	142	163	37	58	2	0.005
LR	0	200	0	200	1	0.0025
Ye-LDA	103	166	34	97	122	0.0175
DTree-10	116	156	44	84	2	0.0075
DTree-20	118	150	50	82	3	0.015
RFC-50	101	167	33	99	15	0.01
RFC-100	106	161	39	94	40	0.02
NLSVM-0.1	0	200	0	200	2	0.0575
NLSVM-1.0	162	74	126	38	1	0.03
NLSVM-10	30	199	1	170	1	0.03
LDA	96	171	29	104	348	0.25
SDA-0.5	102	185	15	98	1739	0.1725
SDA-1.0	101	184	16	99	1568	0.1625
SDA-1.5	101	184	16	99	1568	0.17
SDA-2.0	101	184	16	99	1546	0.165
SDA-2.5	101	184	16	99	1556	0.1625
SDA-3.0	101	184	16	99	1526	0.165
\TheName{}-0.5	149	113	87	51	1528	0.1675
\TheName{}-1.0	116	183	17	84	1690	0.19
\TheName{}-1.5	111	185	15	89	1665	0.165
\TheName{}-2.0	107	184	16	93	1761	0.17
\TheName{}-2.5	106	183	17	94	1670	0.1625
\TheName{}-3.0	105	183	17	95	1726	0.17
SVM	125	174	26	75	2	0.005
LR	0	200	0	200	0	0.0125
Ye-LDA	97	175	25	103	119	0.005
DTree-10	97	170	30	103	2	0.005
DTree-20	110	151	49	90	4	0.005
RFC-50	74	177	23	126	17	0.015
RFC-100	73	179	21	127	29	0.0175
NLSVM-0.1	0	200	0	200	2	0.03
NLSVM-1.0	157	85	115	43	1	0.025
NLSVM-10	49	194	6	151	1	0.0225
LDA	169	137	63	31	350	0.29
SDA-0.5	134	176	24	66	1642	0.17
SDA-1.0	131	175	25	69	1602	0.185
SDA-1.5	130	175	25	70	1654	0.1675
SDA-2.0	130	175	25	70	1671	0.1725
SDA-2.5	129	175	25	71	1630	0.1625
SDA-3.0	129	175	25	71	1740	0.1775
\TheName{}-0.5	184	134	66	16	1676	0.165
\TheName{}-1.0	155	174	26	45	1781	0.185
\TheName{}-1.5	149	173	27	51	1946	0.2075
\TheName{}-2.0	142	175	25	58	1771	0.195
\TheName{}-2.5	138	175	25	62	1684	0.175
\TheName{}-3.0	137	175	25	63	1618	0.1625
SVM	181	139	61	19	1	0.0075
LR	0	200	0	200	0	0.005
Ye-LDA	142	174	26	58	116	0.005
DTree-10	93	170	30	107	2	0.0025
DTree-20	113	157	43	87	3	0.005
RFC-50	84	184	16	116	14	0.0075
RFC-100	89	184	16	111	25	0.0175
NLSVM-0.1	2	198	2	198	2	0.03
NLSVM-1.0	200	56	144	0	1	0.025
NLSVM-10	200	0	200	0	1	0.02
LDA	168	132	68	32	433	0.2475
SDA-0.5	157	163	37	43	1503	0.1625
SDA-1.0	155	163	37	45	1668	0.1725
SDA-1.5	154	163	37	46	1593	0.165
SDA-2.0	154	163	37	46	1545	0.175
SDA-2.5	154	163	37	46	1611	0.1625
SDA-3.0	154	163	37	46	1637	0.1775
\TheName{}-0.5	150	114	86	50	1756	0.175
\TheName{}-1.0	180	156	44	20	1777	0.165
\TheName{}-1.5	169	162	38	31	1696	0.175
\TheName{}-2.0	164	161	39	36	1741	0.1625
\TheName{}-2.5	163	163	37	37	1669	0.17
\TheName{}-3.0	163	163	37	37	1653	0.1725
SVM	176	142	58	24	2	0.005
LR	0	200	0	200	1	0.0025
Ye-LDA	136	169	31	64	116	0.005
DTree-10	76	173	27	124	2	0.0025
DTree-20	97	163	37	103	4	0.005
RFC-50	78	185	15	122	13	0.005
RFC-100	70	187	13	130	25	0.0175
NLSVM-0.1	200	14	186	0	1	0.03
NLSVM-1.0	200	53	147	0	0	0.025
NLSVM-10	0	200	0	200	1	0.025
LDA	155	134	66	45	474	0.305
SDA-0.5	137	163	37	63	1553	0.175
SDA-1.0	137	163	37	63	1641	0.1625
SDA-1.5	136	163	37	64	1695	0.2
SDA-2.0	136	163	37	64	1649	0.1675
SDA-2.5	136	163	37	64	1670	0.175
SDA-3.0	136	163	37	64	1628	0.1725
\TheName{}-0.5	69	181	19	131	1728	0.2025
\TheName{}-1.0	132	171	29	68	1695	0.1625
\TheName{}-1.5	133	169	31	67	1736	0.1725
\TheName{}-2.0	132	168	32	68	1781	0.17
\TheName{}-2.5	132	166	34	68	1711	0.1675
\TheName{}-3.0	134	166	34	66	1818	0.1775
SVM	151	141	59	49	1	0.005
LR	200	0	200	0	1	0.0025
Ye-LDA	156	137	63	44	107	0.005
DTree-10	97	152	48	103	2	0.005
DTree-20	94	163	37	106	3	0.005
RFC-50	72	186	14	128	14	0.0075
RFC-100	73	185	15	127	27	0.015
NLSVM-0.1	200	16	184	0	1	0.03
NLSVM-1.0	194	51	149	6	1	0.025
NLSVM-10	199	1	199	1	1	0.0225
LDA	146	140	60	54	388	0.305
SDA-0.5	122	188	12	78	1641	0.1725
SDA-1.0	122	186	14	78	1752	0.1625
SDA-1.5	122	186	14	78	1620	0.1725
SDA-2.0	122	186	14	78	1671	0.165
SDA-2.5	122	186	14	78	1562	0.1725
SDA-3.0	122	185	15	78	1677	0.165
\TheName{}-0.5	144	178	22	56	1650	0.175
\TheName{}-1.0	131	190	10	69	1807	0.165
\TheName{}-1.5	129	189	11	71	1651	0.18
\TheName{}-2.0	130	188	12	70	1735	0.17
\TheName{}-2.5	127	188	12	73	1788	0.17
\TheName{}-3.0	127	187	13	73	1626	0.1725
SVM	140	157	43	60	1	0.005
LR	0	200	0	200	0	0.005
Ye-LDA	105	187	13	95	115	0.005
DTree-10	88	168	32	112	2	0.0025
DTree-20	100	168	32	100	23	0.0025
RFC-50	94	182	18	106	17	0.01
RFC-100	94	177	23	106	33	0.025
NLSVM-0.1	0	200	0	200	1	0.035
NLSVM-1.0	9	198	2	191	1	0.0225
NLSVM-10	0	200	0	200	2	0.0275
LDA	162	143	57	38	456	0.22
SDA-0.5	135	187	13	65	1559	0.1725
SDA-1.0	134	187	13	66	1621	0.165
SDA-1.5	134	187	13	66	1639	0.1625
SDA-2.0	134	187	13	66	1657	0.2275
SDA-2.5	134	187	13	66	1548	0.1775
SDA-3.0	134	187	13	66	1732	0.185
\TheName{}-0.5	169	159	41	31	1659	0.17
\TheName{}-1.0	151	185	15	49	1731	0.1775
\TheName{}-1.5	145	186	14	55	1669	0.1775
\TheName{}-2.0	140	186	14	60	1725	0.21
\TheName{}-2.5	140	186	14	60	1600	0.1625
\TheName{}-3.0	139	186	14	61	1770	0.1725
SVM	178	161	39	22	1	0.005
LR	200	0	200	0	1	0.0025
Ye-LDA	147	170	30	53	127	0.0025
DTree-10	71	185	15	129	2	0.005
DTree-20	97	172	28	103	4	0.005
RFC-50	75	195	5	125	5	0.0075
RFC-100	65	195	5	135	28	0.02
NLSVM-0.1	1	200	0	199	1	0.0325
NLSVM-1.0	10	197	3	190	1	0.0275
NLSVM-10	0	200	0	200	1	0.025
LDA	146	161	39	54	398	0.285
SDA-0.5	126	174	26	74	1609	0.175
SDA-1.0	126	173	27	74	1600	0.165
SDA-1.5	123	172	28	77	1726	0.1725
SDA-2.0	124	171	29	76	1649	0.165
SDA-2.5	124	171	29	76	1540	0.1675
SDA-3.0	123	170	30	77	1674	0.195
\TheName{}-0.5	181	165	35	19	1817	0.1725
\TheName{}-1.0	137	176	24	63	1744	0.195
\TheName{}-1.5	133	173	27	67	1801	0.1825
\TheName{}-2.0	131	172	28	69	1700	0.1675
\TheName{}-2.5	130	172	28	70	1790	0.18
\TheName{}-3.0	128	172	28	72	1628	0.1675
SVM	159	167	33	41	3	0.005
LR	0	200	0	200	0	0.005
Ye-LDA	124	163	37	76	114	0.0025
DTree-10	120	141	59	80	2	0.005
DTree-20	114	135	65	86	3	0.005
RFC-50	105	170	30	95	15	0.0075
RFC-100	97	171	29	103	32	0.0125
NLSVM-0.1	0	200	0	200	1	0.0325
NLSVM-1.0	191	28	172	9	1	0.0225
NLSVM-10	100	184	16	100	1	0.0225
LDA	160	137	63	40	383	0.255
SDA-0.5	134	171	29	66	1629	0.165
SDA-1.0	130	169	31	70	1651	0.175
SDA-1.5	129	169	31	71	1572	0.1625
SDA-2.0	129	168	32	71	1571	0.165
SDA-2.5	129	168	32	71	1610	0.165
SDA-3.0	129	168	32	71	1581	0.1625
\TheName{}-0.5	179	155	45	21	1678	0.1775
\TheName{}-1.0	150	173	27	50	1833	0.1775
\TheName{}-1.5	145	172	28	55	1666	0.1625
\TheName{}-2.0	141	170	30	59	1726	0.175
\TheName{}-2.5	138	169	31	62	1709	0.165
\TheName{}-3.0	136	169	31	64	1706	0.18
SVM	165	160	40	35	1	0.005
LR	0	200	0	200	1	0.005
Ye-LDA	129	173	27	71	117	0.0175
DTree-10	79	168	32	121	9	0.015
DTree-20	110	164	36	90	12	0.015
RFC-50	80	183	17	120	6	0.03
RFC-100	88	183	17	112	36	0.0175
NLSVM-0.1	0	200	0	200	1	0.04
NLSVM-1.0	172	72	128	28	1	0.0275
NLSVM-10	200	0	200	0	1	0.0325
LDA	158	151	49	42	315	0.47
SDA-0.5	156	182	18	44	1738	0.1925
SDA-1.0	156	182	18	44	1638	0.1675
SDA-1.5	156	182	18	44	1613	0.1825
SDA-2.0	156	182	18	44	1611	0.1725
SDA-2.5	156	182	18	44	1682	0.165
SDA-3.0	154	182	18	46	1589	0.175
\TheName{}-0.5	179	157	43	21	1715	0.165
\TheName{}-1.0	171	180	20	29	1695	0.18
\TheName{}-1.5	163	179	21	37	1727	0.235
\TheName{}-2.0	161	179	21	39	1759	0.1625
\TheName{}-2.5	161	179	21	39	1619	0.1725
\TheName{}-3.0	162	179	21	38	1694	0.1625
SVM	181	161	39	19	1	0.0075
LR	0	200	0	200	0	0.005
Ye-LDA	132	181	19	68	116	0.0025
DTree-10	106	182	18	94	12	0.005
DTree-20	118	174	26	82	26	0.0025
RFC-50	104	180	20	96	14	0.0075
RFC-100	108	182	18	92	29	0.02
NLSVM-0.1	2	200	0	198	1	0.0325
NLSVM-1.0	200	35	165	0	1	0.025
NLSVM-10	7	200	0	193	1	0.025
LDA	143	156	44	57	320	0.2625
SDA-0.5	149	183	17	51	1631	0.1675
SDA-1.0	148	183	17	52	1618	0.165
SDA-1.5	148	183	17	52	1605	0.2675
SDA-2.0	148	183	17	52	1637	0.165
SDA-2.5	148	183	17	52	1604	0.2025
SDA-3.0	148	183	17	52	1620	0.165
\TheName{}-0.5	158	179	21	42	1744	0.17
\TheName{}-1.0	152	181	19	48	1748	0.175
\TheName{}-1.5	151	181	19	49	1690	0.1625
\TheName{}-2.0	151	181	19	49	1770	0.1775
\TheName{}-2.5	151	181	19	49	1702	0.165
\TheName{}-3.0	151	182	18	49	1633	0.17
SVM	140	168	32	60	2	0.005
LR	0	200	0	200	0	0.005
Ye-LDA	110	177	23	90	119	0.0075
DTree-10	91	174	26	109	2	0.0025
DTree-20	110	157	43	90	4	0.0025
RFC-50	79	185	15	121	15	0.01
RFC-100	88	186	14	112	30	0.0275
NLSVM-0.1	200	13	187	0	1	0.0325
NLSVM-1.0	200	33	167	0	1	0.0275
NLSVM-10	1	200	0	199	2	0.025
LDA	137	122	78	63	356	0.2325
SDA-0.5	141	154	46	59	1586	0.18
SDA-1.0	139	153	47	61	1641	0.175
SDA-1.5	138	153	47	62	1605	0.165
SDA-2.0	138	153	47	62	1683	0.17
SDA-2.5	138	153	47	62	1591	0.165
SDA-3.0	138	153	47	62	1713	0.175
\TheName{}-0.5	164	159	41	36	1709	0.165
\TheName{}-1.0	148	156	44	52	1642	0.1725
\TheName{}-1.5	144	155	45	56	1755	0.165
\TheName{}-2.0	142	154	46	58	1663	0.1725
\TheName{}-2.5	139	154	46	61	1625	0.1725
\TheName{}-3.0	139	155	45	61	1673	0.18
SVM	159	149	51	41	1	0.0075
LR	0	200	0	200	0	0.005
Ye-LDA	113	154	46	87	110	0.005
DTree-10	93	163	37	107	2	0.0025
DTree-20	116	143	57	84	16	0.005
RFC-50	113	164	36	87	16	0.01
RFC-100	118	155	45	82	32	0.02
NLSVM-0.1	199	17	183	1	2	0.03
NLSVM-1.0	176	73	127	24	1	0.025
NLSVM-10	200	0	200	0	1	0.025
LDA	164	120	80	36	458	0.3475
SDA-0.5	166	165	35	34	1503	0.165
SDA-1.0	163	166	34	37	1539	0.1925
SDA-1.5	163	166	34	37	1528	0.1675
SDA-2.0	162	166	34	38	1582	0.1625
SDA-2.5	162	166	34	38	1460	0.1925
SDA-3.0	161	166	34	39	1607	0.19
\TheName{}-0.5	174	141	59	26	1672	0.175
\TheName{}-1.0	166	151	49	34	1717	0.165
\TheName{}-1.5	168	158	42	32	1614	0.165
\TheName{}-2.0	168	160	40	32	1698	0.1725
\TheName{}-2.5	166	163	37	34	1725	0.1675
\TheName{}-3.0	166	163	37	34	1644	0.1875
SVM	180	129	71	20	1	0.005
LR	200	0	200	0	1	0.0025
Ye-LDA	174	101	99	26	108	0.005
DTree-10	56	190	10	144	2	0.005
DTree-20	90	171	29	110	4	0.0025
RFC-50	73	194	6	127	16	0.01
RFC-100	72	193	7	128	31	0.02
NLSVM-0.1	200	7	193	0	1	0.045
NLSVM-1.0	200	17	183	0	2	0.0325
NLSVM-10	199	56	144	1	1	0.0325
LDA	114	155	45	86	378	0.28
SDA-0.5	97	182	18	103	1537	0.1625
SDA-1.0	96	181	19	104	1547	0.1625
SDA-1.5	94	181	19	106	1556	0.1725
SDA-2.0	94	181	19	106	1524	0.1775
SDA-2.5	94	181	19	106	1539	0.165
SDA-3.0	94	181	19	106	1634	0.1775
\TheName{}-0.5	159	143	57	41	1748	0.175
\TheName{}-1.0	119	184	16	81	1687	0.1625
\TheName{}-1.5	108	180	20	92	1640	0.175
\TheName{}-2.0	104	180	20	96	1747	0.165
\TheName{}-2.5	100	180	20	100	1614	0.1725
\TheName{}-3.0	98	181	19	102	1675	0.1625
SVM	140	164	36	60	1	0.0025
LR	0	200	0	200	1	0.0025
Ye-LDA	110	184	16	90	124	0.005
DTree-10	108	164	36	92	12	0.005
DTree-20	121	154	46	79	3	0.0025
RFC-50	83	187	13	117	13	0.0075
RFC-100	90	183	17	110	26	0.0175
NLSVM-0.1	200	13	187	0	2	0.04
NLSVM-1.0	155	79	121	45	1	0.0325
NLSVM-10	200	23	177	0	1	0.03
LDA	143	160	40	57	423	0.215
SDA-0.5	142	182	18	58	1585	0.1625
SDA-1.0	140	182	18	60	1651	0.1625
SDA-1.5	140	182	18	60	1520	0.175
SDA-2.0	140	182	18	60	1548	0.1775
SDA-2.5	140	179	21	60	1493	0.16
SDA-3.0	140	179	21	60	1644	0.1725
\TheName{}-0.5	149	180	20	51	1538	0.165
\TheName{}-1.0	146	180	20	54	1640	0.1725
\TheName{}-1.5	142	180	20	58	1768	0.175
\TheName{}-2.0	140	180	20	60	1597	0.1775
\TheName{}-2.5	142	179	21	58	1553	0.165
\TheName{}-3.0	142	179	21	58	1607	0.1775
SVM	157	161	39	43	2	0.005
LR	0	200	0	200	1	0.0025
Ye-LDA	114	179	21	86	123	0.005
DTree-10	101	151	49	99	2	0.0025
DTree-20	125	144	56	75	7	0.005
RFC-50	86	172	28	114	12	0.0075
RFC-100	87	176	24	113	25	0.0175
NLSVM-0.1	199	15	185	1	1	0.0325
NLSVM-1.0	178	62	138	22	1	0.0225
NLSVM-10	80	196	4	120	1	0.02
LDA	153	144	56	47	304	0.3375
SDA-0.5	141	175	25	59	1470	0.165
SDA-1.0	142	170	30	58	1532	0.1725
SDA-1.5	142	170	30	58	1555	0.165
SDA-2.0	142	170	30	58	1556	0.19
SDA-2.5	142	170	30	58	1561	0.17
SDA-3.0	142	169	31	58	1596	0.1725
\TheName{}-0.5	168	151	49	32	1605	0.1625
\TheName{}-1.0	156	170	30	44	1663	0.17
\TheName{}-1.5	146	170	30	54	1902	0.2875
\TheName{}-2.0	146	171	29	54	1655	0.21
\TheName{}-2.5	144	170	30	56	1617	0.1625
\TheName{}-3.0	144	170	30	56	1723	0.1775
SVM	166	165	35	34	2	0.005
LR	200	0	200	0	0	0.005
Ye-LDA	162	140	60	38	112	0.0025
DTree-10	170	99	101	30	12	0.005
DTree-20	163	120	80	37	3	0.005
RFC-50	74	190	10	126	15	0.01
RFC-100	83	192	8	117	29	0.0225
NLSVM-0.1	200	16	184	0	1	0.0325
NLSVM-1.0	199	35	165	1	1	0.025
NLSVM-10	125	180	20	75	1	0.0225
LDA	166	154	46	34	354	0.3075
SDA-0.5	122	169	31	78	1510	0.165
SDA-1.0	120	169	31	80	1547	0.1725
SDA-1.5	121	169	31	79	1582	0.1725
SDA-2.0	122	168	32	78	1558	0.1725
SDA-2.5	122	168	32	78	1628	0.1625
SDA-3.0	121	168	32	79	1670	0.17
\TheName{}-0.5	143	124	76	57	1671	0.165
\TheName{}-1.0	141	167	33	59	1687	0.17
\TheName{}-1.5	129	168	32	71	1693	0.165
\TheName{}-2.0	124	169	31	76	1728	0.2
\TheName{}-2.5	123	168	32	77	1790	0.1675
\TheName{}-3.0	122	169	31	78	1744	0.185
SVM	144	159	41	56	2	0.005
LR	0	200	0	200	0	0.005
Ye-LDA	117	159	41	83	111	0.0025
DTree-10	87	146	54	113	2	0.005
DTree-20	110	127	73	90	3	0.0075
RFC-50	82	167	33	118	17	0.0125
RFC-100	82	167	33	118	34	0.0325
NLSVM-0.1	0	200	0	200	1	0.035
NLSVM-1.0	5	200	0	195	1	0.025
NLSVM-10	200	15	185	0	1	0.025
LDA	152	164	36	48	295	0.245
SDA-0.5	133	167	33	67	1597	0.1625
SDA-1.0	131	167	33	69	1609	0.175
SDA-1.5	131	167	33	69	1573	0.1625
SDA-2.0	131	167	33	69	1663	0.165
SDA-2.5	131	167	33	69	1620	0.175
SDA-3.0	131	167	33	69	1645	0.1625
\TheName{}-0.5	180	146	54	20	1684	0.17
\TheName{}-1.0	140	172	28	60	1692	0.1625
\TheName{}-1.5	134	170	30	66	1598	0.1725
\TheName{}-2.0	132	170	30	68	1760	0.1625
\TheName{}-2.5	132	170	30	68	1620	0.1875
\TheName{}-3.0	131	170	30	69	1838	0.1725
SVM	165	172	28	35	1	0.005
LR	0	200	0	200	1	0.0075
Ye-LDA	135	168	32	65	122	0.0175
DTree-10	109	151	49	91	2	0.0175
DTree-20	107	166	34	93	4	0.015
RFC-50	92	175	25	108	5	0.0225
RFC-100	93	181	19	107	33	0.0175
NLSVM-0.1	3	199	1	197	1	0.03
NLSVM-1.0	184	67	133	16	1	0.025
NLSVM-10	200	0	200	0	1	0.0225
LDA	165	116	84	35	298	0.2625
SDA-0.5	185	139	61	15	1575	0.1725
SDA-1.0	184	138	62	16	1639	0.165
SDA-1.5	185	138	62	15	1462	0.165
SDA-2.0	185	136	64	15	1608	0.1725
SDA-2.5	185	136	64	15	1583	0.16
SDA-3.0	185	136	64	15	1617	0.2525
\TheName{}-0.5	186	129	71	14	1673	0.165
\TheName{}-1.0	188	134	66	12	1634	0.165
\TheName{}-1.5	186	133	67	14	1727	0.165
\TheName{}-2.0	186	134	66	14	1614	0.1625
\TheName{}-2.5	186	135	65	14	1694	0.18
\TheName{}-3.0	185	137	63	15	1833	0.1675
SVM	177	126	74	23	2	0.005
LR	0	200	0	200	0	0.005
Ye-LDA	156	145	55	44	117	0.0025
DTree-10	80	163	37	120	14	0.0025
DTree-20	113	152	48	87	42	0.005
RFC-50	84	185	15	116	15	0.01
RFC-100	95	185	15	105	32	0.02
NLSVM-0.1	0	200	0	200	1	0.03
NLSVM-1.0	200	30	170	0	1	0.025
NLSVM-10	0	200	0	200	1	0.025
LDA	147	141	59	53	390	0.2675
SDA-0.5	134	171	29	66	1647	0.1625
SDA-1.0	134	170	30	66	1635	0.165
SDA-1.5	134	170	30	66	1618	0.18
SDA-2.0	134	170	30	66	1513	0.1675
SDA-2.5	134	170	30	66	1524	0.1625
SDA-3.0	134	170	30	66	1532	0.2
\TheName{}-0.5	158	175	25	42	1679	0.1675
\TheName{}-1.0	148	175	25	52	1633	0.1775
\TheName{}-1.5	145	173	27	55	1638	0.165
\TheName{}-2.0	141	173	27	59	1697	0.1625
\TheName{}-2.5	139	172	28	61	1602	0.1725
\TheName{}-3.0	139	171	29	61	1671	0.165
SVM	167	163	37	33	1	0.005
LR	0	200	0	200	1	0.0025
Ye-LDA	135	170	30	65	115	0.0025
DTree-10	92	152	48	108	13	0.0025
DTree-20	112	142	58	88	3	0.005
RFC-50	96	165	35	104	12	0.0075
RFC-100	86	175	25	114	10	0.015
NLSVM-0.1	0	200	0	200	2	0.03
NLSVM-1.0	197	38	162	3	1	0.025
NLSVM-10	200	0	200	0	1	0.0225
