LDA	115	173	27	85	945	0.2675
SDA-0.5	159	150	50	41	1899	0.205
SDA-1.0	146	160	40	54	1774	0.2525
SDA-1.5	146	159	41	54	1782	0.195
SDA-2.0	146	159	41	54	2002	0.185
SDA-2.5	146	159	41	54	1800	0.165
SDA-3.0	146	159	41	54	1904	0.1675
\TheName{}-0.5	89	180	20	111	1913	0.2
\TheName{}-1.0	122	171	29	78	2012	0.1675
\TheName{}-1.5	127	168	32	73	1947	0.1675
\TheName{}-2.0	128	169	31	72	1757	0.165
\TheName{}-2.5	131	168	32	69	1735	0.1625
\TheName{}-3.0	132	166	34	68	2071	0.21
SVM	118	173	27	82	29	0.025
LR	0	200	0	200	14	0.0225
Ye-LDA	125	162	38	75	341	0.055
DTree-10	103	172	28	97	67	0.03
DTree-20	103	172	28	97	5	0.0375
RFC-50	66	183	17	134	48	0.0125
RFC-100	39	192	8	161	16	0.015
NLSVM-0.1	1	200	0	199	15	0.13
NLSVM-1.0	168	37	163	32	2	0.06
NLSVM-10	79	191	9	121	0	0.02
LDA	138	172	28	62	441	0.39
SDA-0.5	85	188	12	115	1896	0.1675
SDA-1.0	83	188	12	117	1679	0.1675
SDA-1.5	83	188	12	117	1733	0.185
SDA-2.0	82	188	12	118	2153	0.1625
SDA-2.5	82	188	12	118	1600	0.165
SDA-3.0	82	188	12	118	1665	0.1625
\TheName{}-0.5	132	33	167	68	1808	0.1725
\TheName{}-1.0	146	115	85	54	2023	0.1725
\TheName{}-1.5	121	183	17	79	1837	0.19
\TheName{}-2.0	104	187	13	96	1645	0.165
\TheName{}-2.5	99	186	14	101	1712	0.165
\TheName{}-3.0	98	187	13	102	1725	0.175
SVM	145	166	34	55	1	0.005
LR	200	0	200	0	3	0.005
Ye-LDA	112	178	22	88	115	0.0175
DTree-10	95	160	40	105	13	0.015
DTree-20	95	160	40	105	5	0.015
RFC-50	62	178	22	138	36	0.005
RFC-100	55	177	23	145	22	0.12
NLSVM-0.1	0	200	0	200	2	0.08
NLSVM-1.0	181	46	154	19	1	0.0175
NLSVM-10	37	199	1	163	1	0.015
LDA	153	116	84	47	414	0.2175
SDA-0.5	179	132	68	21	1676	0.165
SDA-1.0	179	132	68	21	1585	0.1625
SDA-1.5	179	131	69	21	1537	0.1625
SDA-2.0	179	131	69	21	1811	0.175
SDA-2.5	179	131	69	21	1562	0.165
SDA-3.0	179	131	69	21	1497	0.165
\TheName{}-0.5	172	135	65	28	1823	0.1625
\TheName{}-1.0	175	135	65	25	1734	0.165
\TheName{}-1.5	175	132	68	25	1644	0.1625
\TheName{}-2.0	175	132	68	25	1748	0.1675
\TheName{}-2.5	177	132	68	23	1707	0.1675
\TheName{}-3.0	178	132	68	22	1655	0.1675
SVM	151	115	85	49	1	0.0075
LR	0	200	0	200	2	0.01
Ye-LDA	151	156	44	49	162	0.005
DTree-10	96	171	29	104	6	0.015
DTree-20	129	116	84	71	7	0.015
RFC-50	52	176	24	148	12	0.025
RFC-100	47	182	18	153	14	0.0125
NLSVM-0.1	2	200	0	198	0	0.0425
NLSVM-1.0	16	198	2	184	0	0.015
NLSVM-10	200	76	124	0	11	0.0125
LDA	130	138	62	70	433	0.2775
SDA-0.5	159	153	47	41	1708	0.175
SDA-1.0	160	152	48	40	1685	0.17
SDA-1.5	160	150	50	40	1688	0.1675
SDA-2.0	160	150	50	40	1592	0.1725
SDA-2.5	160	150	50	40	1832	0.165
SDA-3.0	160	150	50	40	1668	0.175
\TheName{}-0.5	154	146	54	46	1878	0.1625
\TheName{}-1.0	162	153	47	38	1624	0.165
\TheName{}-1.5	162	154	46	38	1714	0.1675
\TheName{}-2.0	159	154	46	41	1739	0.1725
\TheName{}-2.5	159	155	45	41	1720	0.1775
\TheName{}-3.0	159	155	45	41	1693	0.165
SVM	136	147	53	64	1	0.0075
LR	0	200	0	200	1	0.02
Ye-LDA	113	170	30	87	95	0.005
DTree-10	88	175	25	112	4	0.0125
DTree-20	99	156	44	101	15	0.0025
RFC-50	41	191	9	159	9	0.005
RFC-100	45	189	11	155	23	0.01
NLSVM-0.1	200	12	188	0	0	0.0275
NLSVM-1.0	147	94	106	53	1	0.015
NLSVM-10	200	0	200	0	1	0.04
LDA	163	114	86	37	362	0.3
SDA-0.5	189	125	75	11	1583	0.175
SDA-1.0	188	127	73	12	1570	0.165
SDA-1.5	186	131	69	14	1598	0.17
SDA-2.0	185	132	68	15	1666	0.1725
SDA-2.5	185	132	68	15	1591	0.1625
SDA-3.0	185	132	68	15	1699	0.1675
\TheName{}-0.5	104	176	24	96	2044	0.1675
\TheName{}-1.0	162	163	37	38	1682	0.17
\TheName{}-1.5	171	154	46	29	1798	0.17
\TheName{}-2.0	177	145	55	23	1658	0.165
\TheName{}-2.5	181	143	57	19	1591	0.165
\TheName{}-3.0	181	142	58	19	1774	0.18
SVM	154	135	65	46	1	0.015
LR	0	200	0	200	1	0.0175
Ye-LDA	129	167	33	71	93	0.005
DTree-10	102	172	28	98	12	0.005
DTree-20	124	147	53	76	33	0.005
RFC-50	78	175	25	122	4	0.02
RFC-100	74	174	26	126	9	0.0125
NLSVM-0.1	200	10	190	0	0	0.02
NLSVM-1.0	179	58	142	21	1	0.035
NLSVM-10	200	27	173	0	0	0.02
LDA	168	137	63	32	310	0.34
SDA-0.5	85	175	25	115	1703	0.1725
SDA-1.0	85	177	23	115	1672	0.17
SDA-1.5	85	177	23	115	1634	0.165
SDA-2.0	85	177	23	115	1699	0.17
SDA-2.5	85	177	23	115	1672	0.1775
SDA-3.0	85	177	23	115	1681	0.165
\TheName{}-0.5	130	29	171	70	2063	0.165
\TheName{}-1.0	160	67	133	40	1690	0.165
\TheName{}-1.5	127	172	28	73	1688	0.1675
\TheName{}-2.0	105	178	22	95	1662	0.165
\TheName{}-2.5	98	177	23	102	1674	0.165
\TheName{}-3.0	92	176	24	108	1691	0.165
SVM	176	140	60	24	1	0.005
LR	0	200	0	200	1	0.005
Ye-LDA	80	173	27	120	120	0.0175
DTree-10	114	149	51	86	35	0.1025
DTree-20	114	149	51	86	31	0.005
RFC-50	69	166	34	131	11	0.0275
RFC-100	51	185	15	149	10	0.05
NLSVM-0.1	200	25	175	0	1	0.045
NLSVM-1.0	200	33	167	0	0	0.04
NLSVM-10	23	198	2	177	0	0.0225
LDA	164	88	112	36	264	0.3875
SDA-0.5	150	141	59	50	1653	0.165
SDA-1.0	150	139	61	50	1626	0.18
SDA-1.5	150	138	62	50	1545	0.165
SDA-2.0	150	138	62	50	1496	0.1625
SDA-2.5	150	138	62	50	1624	0.17
SDA-3.0	150	138	62	50	1592	0.1825
\TheName{}-0.5	124	50	150	76	1725	0.19
\TheName{}-1.0	193	82	118	7	1674	0.175
\TheName{}-1.5	187	106	94	13	1654	0.18
\TheName{}-2.0	162	120	80	38	1748	0.165
\TheName{}-2.5	160	123	77	40	1681	0.1675
\TheName{}-3.0	158	125	75	42	1748	0.21
SVM	175	106	94	25	1	0.0075
LR	200	0	200	0	1	0.005
Ye-LDA	180	107	93	20	97	0.0025
DTree-10	87	145	55	113	3	0.0025
DTree-20	181	46	154	19	6	0.0025
RFC-50	68	168	32	132	6	0.005
RFC-100	74	162	38	126	6	0.0225
NLSVM-0.1	200	8	192	0	2	0.0275
NLSVM-1.0	200	16	184	0	1	0.11
NLSVM-10	5	200	0	195	1	0.015
LDA	139	160	40	61	256	0.26
SDA-0.5	85	187	13	115	1581	0.165
SDA-1.0	84	186	14	116	1488	0.165
SDA-1.5	84	186	14	116	1636	0.175
SDA-2.0	84	186	14	116	1846	0.165
SDA-2.5	84	186	14	116	1646	0.1625
SDA-3.0	84	186	14	116	1586	0.165
\TheName{}-0.5	152	32	168	48	1554	0.17
\TheName{}-1.0	179	133	67	21	1624	0.165
\TheName{}-1.5	121	174	26	79	1748	0.165
\TheName{}-2.0	106	182	18	94	1684	0.165
\TheName{}-2.5	103	183	17	97	1714	0.165
\TheName{}-3.0	98	184	16	102	1635	0.165
SVM	139	164	36	61	1	0.005
LR	200	0	200	0	1	0.005
Ye-LDA	127	157	43	73	93	0.005
DTree-10	77	158	42	123	12	0.005
DTree-20	81	153	47	119	10	0.005
RFC-50	52	188	12	148	3	0.005
RFC-100	52	186	14	148	6	0.0125
NLSVM-0.1	200	7	193	0	0	0.02
NLSVM-1.0	168	61	139	32	1	0.015
NLSVM-10	0	200	0	200	0	0.015
LDA	115	154	46	85	403	0.3525
SDA-0.5	110	160	40	90	1572	0.1675
SDA-1.0	107	160	40	93	1668	0.1725
SDA-1.5	106	160	40	94	1732	0.175
SDA-2.0	105	160	40	95	1534	0.17
SDA-2.5	105	159	41	95	1634	0.1725
SDA-3.0	105	159	41	95	1640	0.165
\TheName{}-0.5	117	160	40	83	1819	0.165
\TheName{}-1.0	110	160	40	90	1667	0.1625
\TheName{}-1.5	108	158	42	92	1757	0.165
\TheName{}-2.0	108	160	40	92	1784	0.1675
\TheName{}-2.5	107	159	41	93	1652	0.165
\TheName{}-3.0	106	159	41	94	1604	0.165
SVM	122	151	49	78	1	0.0075
LR	0	200	0	200	0	0.005
Ye-LDA	97	162	38	103	95	0.0025
DTree-10	59	159	41	141	3	0.015
DTree-20	68	158	42	132	3	0.015
RFC-50	67	170	30	133	7	0.0075
RFC-100	55	179	21	145	5	0.01
NLSVM-0.1	0	200	0	200	1	0.03
NLSVM-1.0	128	97	103	72	1	0.0175
NLSVM-10	0	200	0	200	0	0.015
LDA	166	115	85	34	336	0.225
SDA-0.5	159	160	40	41	1670	0.195
SDA-1.0	159	160	40	41	1535	0.165
SDA-1.5	159	160	40	41	1603	0.165
SDA-2.0	159	160	40	41	1762	0.1625
SDA-2.5	159	160	40	41	1553	0.1625
SDA-3.0	159	160	40	41	1885	0.1725
\TheName{}-0.5	168	144	56	32	1773	0.1775
\TheName{}-1.0	163	155	45	37	1656	0.165
\TheName{}-1.5	161	157	43	39	1625	0.19
\TheName{}-2.0	161	158	42	39	1675	0.18
\TheName{}-2.5	160	160	40	40	1669	0.1625
\TheName{}-3.0	160	160	40	40	1611	0.1675
SVM	164	126	74	36	1	0.005
LR	200	0	200	0	1	0.005
Ye-LDA	166	132	68	34	94	0.005
DTree-10	70	173	27	130	4	0.0025
DTree-20	103	152	48	97	4	0.005
RFC-50	170	113	87	30	5	0.0075
RFC-100	191	79	121	9	18	0.015
NLSVM-0.1	200	9	191	0	0	0.0225
NLSVM-1.0	196	22	178	4	0	0.015
NLSVM-10	34	197	3	166	1	0.015
LDA	160	92	108	40	362	0.2775
SDA-0.5	174	143	57	26	1668	0.1625
SDA-1.0	174	143	57	26	1656	0.1625
SDA-1.5	174	143	57	26	1707	0.1625
SDA-2.0	174	143	57	26	1641	0.165
SDA-2.5	174	143	57	26	1706	0.1625
SDA-3.0	174	143	57	26	1755	0.165
\TheName{}-0.5	112	106	94	88	1568	0.1625
\TheName{}-1.0	192	118	82	8	1769	0.1775
\TheName{}-1.5	187	141	59	13	1656	0.1675
\TheName{}-2.0	186	142	58	14	1734	0.1675
\TheName{}-2.5	183	144	56	17	1777	0.175
\TheName{}-3.0	182	146	54	18	1782	0.1625
SVM	161	107	93	39	1	0.005
LR	0	200	0	200	1	0.005
Ye-LDA	148	150	50	52	92	0.005
DTree-10	101	147	53	99	1	0.005
DTree-20	101	147	53	99	2	0.005
RFC-50	39	184	16	161	2	0.005
RFC-100	42	187	13	158	4	0.0075
NLSVM-0.1	200	6	194	0	0	0.02
NLSVM-1.0	41	151	49	159	0	0.015
NLSVM-10	0	200	0	200	1	0.0125
LDA	166	128	72	34	289	0.3475
SDA-0.5	185	136	64	15	1647	0.1625
SDA-1.0	186	136	64	14	1683	0.175
SDA-1.5	186	135	65	14	1472	0.1625
SDA-2.0	186	135	65	14	1588	0.165
SDA-2.5	186	135	65	14	1695	0.165
SDA-3.0	186	135	65	14	1567	0.165
\TheName{}-0.5	184	123	77	16	1722	0.165
\TheName{}-1.0	186	134	66	14	1661	0.17
\TheName{}-1.5	187	136	64	13	1646	0.165
\TheName{}-2.0	187	136	64	13	1661	0.1875
\TheName{}-2.5	187	136	64	13	1644	0.175
\TheName{}-3.0	186	136	64	14	1735	0.165
SVM	170	124	76	30	1	0.005
LR	0	200	0	200	1	0.005
Ye-LDA	157	151	49	43	93	0.005
DTree-10	120	158	42	80	2	0.005
DTree-20	122	154	46	78	2	0.005
RFC-50	69	184	16	131	7	0.005
RFC-100	65	187	13	135	12	0.01
NLSVM-0.1	1	200	0	199	1	0.02
NLSVM-1.0	200	19	181	0	0	0.0175
NLSVM-10	200	0	200	0	0	0.015
LDA	97	180	20	103	457	0.245
SDA-0.5	78	192	8	122	1583	0.1625
SDA-1.0	78	191	9	122	1616	0.1625
SDA-1.5	78	191	9	122	1701	0.175
SDA-2.0	78	191	9	122	1739	0.16
SDA-2.5	78	191	9	122	1585	0.1675
SDA-3.0	78	191	9	122	1663	0.165
\TheName{}-0.5	140	13	187	60	1779	0.165
\TheName{}-1.0	157	54	146	43	1850	0.1725
\TheName{}-1.5	113	187	13	87	1830	0.17
\TheName{}-2.0	93	190	10	107	1768	0.1625
\TheName{}-2.5	88	191	9	112	1807	0.1775
\TheName{}-3.0	83	192	8	117	1718	0.17
SVM	113	180	20	87	1	0.005
LR	0	200	0	200	1	0.005
Ye-LDA	77	187	13	123	103	0.005
DTree-10	79	180	20	121	1	0.005
DTree-20	79	180	20	121	1	0.005
RFC-50	51	190	10	149	9	0.02
RFC-100	52	194	6	148	11	0.01
NLSVM-0.1	0	200	0	200	0	0.025
NLSVM-1.0	171	65	135	29	0	0.02
NLSVM-10	119	172	28	81	0	0.015
LDA	124	151	49	76	282	0.2525
SDA-0.5	125	178	22	75	1539	0.16
SDA-1.0	125	178	22	75	1535	0.1725
SDA-1.5	125	179	21	75	1537	0.165
SDA-2.0	124	179	21	76	1592	0.1625
SDA-2.5	124	179	21	76	1474	0.185
SDA-3.0	124	179	21	76	1610	0.17
\TheName{}-0.5	172	93	107	28	1662	0.165
\TheName{}-1.0	170	149	51	30	1605	0.1625
\TheName{}-1.5	155	169	31	45	1690	0.1775
\TheName{}-2.0	144	171	29	56	1663	0.1725
\TheName{}-2.5	137	173	27	63	1666	0.165
\TheName{}-3.0	133	173	27	67	1671	0.18
SVM	127	169	31	73	1	0.0075
LR	0	200	0	200	0	0.005
Ye-LDA	107	184	16	93	99	0.005
DTree-10	153	65	135	47	2	0.005
DTree-20	150	80	120	50	22	0.005
RFC-50	75	186	14	125	2	0.005
RFC-100	85	188	12	115	11	0.0075
NLSVM-0.1	200	3	197	0	1	0.0175
NLSVM-1.0	9	197	3	191	0	0.015
NLSVM-10	0	200	0	200	1	0.0125
LDA	147	145	55	53	331	0.2675
SDA-0.5	179	159	41	21	1709	0.18
SDA-1.0	179	159	41	21	1610	0.16
SDA-1.5	179	159	41	21	1737	0.175
SDA-2.0	179	159	41	21	1702	0.1675
SDA-2.5	179	159	41	21	1654	0.165
SDA-3.0	179	159	41	21	1579	0.1625
\TheName{}-0.5	146	116	84	54	1657	0.1675
\TheName{}-1.0	188	144	56	12	1648	0.1775
\TheName{}-1.5	185	158	42	15	1714	0.165
\TheName{}-2.0	185	160	40	15	1692	0.1625
\TheName{}-2.5	182	160	40	18	1666	0.17
\TheName{}-3.0	181	160	40	19	1640	0.165
SVM	150	154	46	50	1	0.005
LR	0	200	0	200	1	0.005
Ye-LDA	150	162	38	50	102	0.015
DTree-10	102	149	51	98	3	0.015
DTree-20	105	149	51	95	2	0.015
RFC-50	73	169	31	127	4	0.0125
RFC-100	77	174	26	123	11	0.01
NLSVM-0.1	200	7	193	0	1	0.0275
NLSVM-1.0	164	82	118	36	0	0.015
NLSVM-10	200	26	174	0	0	0.015
LDA	159	134	66	41	294	0.44
SDA-0.5	131	172	28	69	1634	0.1675
SDA-1.0	129	174	26	71	1508	0.1625
SDA-1.5	128	174	26	72	1577	0.1925
SDA-2.0	128	174	26	72	1758	0.18
SDA-2.5	128	174	26	72	1576	0.1675
SDA-3.0	128	174	26	72	1609	0.1625
\TheName{}-0.5	153	75	125	47	1680	0.165
\TheName{}-1.0	184	141	59	16	1764	0.1625
\TheName{}-1.5	174	158	42	26	1621	0.165
\TheName{}-2.0	151	167	33	49	1658	0.165
\TheName{}-2.5	148	168	32	52	1689	0.1675
\TheName{}-3.0	145	172	28	55	1657	0.165
SVM	165	139	61	35	1	0.005
LR	0	200	0	200	1	0.0025
Ye-LDA	128	176	24	72	93	0.0075
DTree-10	86	170	30	114	1	0.005
DTree-20	86	170	30	114	23	0.005
RFC-50	135	155	45	65	7	0.005
RFC-100	133	156	44	67	16	0.0125
NLSVM-0.1	116	113	87	84	0	0.02
NLSVM-1.0	200	33	167	0	0	0.015
NLSVM-10	40	197	3	160	1	0.0125
LDA	155	136	64	45	291	0.245
SDA-0.5	153	171	29	47	1608	0.165
SDA-1.0	152	170	30	48	1515	0.1625
SDA-1.5	151	171	29	49	1554	0.165
SDA-2.0	150	171	29	50	1619	0.1875
SDA-2.5	150	172	28	50	1625	0.165
SDA-3.0	150	172	28	50	1490	0.165
\TheName{}-0.5	151	126	74	49	1648	0.1625
\TheName{}-1.0	169	169	31	31	1674	0.17
\TheName{}-1.5	160	172	28	40	1585	0.1775
\TheName{}-2.0	157	173	27	43	1671	0.17
\TheName{}-2.5	155	173	27	45	1769	0.1725
\TheName{}-3.0	154	172	28	46	1762	0.175
SVM	163	140	60	37	1	0.005
LR	200	0	200	0	1	0.005
Ye-LDA	173	134	66	27	90	0.005
DTree-10	73	174	26	127	2	0.005
DTree-20	76	164	36	124	2	0.005
RFC-50	59	191	9	141	3	0.005
RFC-100	55	190	10	145	15	0.0125
NLSVM-0.1	199	8	192	1	0	0.0225
NLSVM-1.0	198	19	181	2	0	0.0175
NLSVM-10	200	0	200	0	0	0.015
LDA	167	109	91	33	317	0.4
SDA-0.5	170	133	67	30	1621	0.165
SDA-1.0	170	133	67	30	1651	0.1625
SDA-1.5	170	133	67	30	1565	0.18
SDA-2.0	169	133	67	31	1589	0.165
SDA-2.5	169	133	67	31	1560	0.165
SDA-3.0	169	133	67	31	1613	0.2325
\TheName{}-0.5	164	137	63	36	1647	0.1625
\TheName{}-1.0	166	134	66	34	1662	0.17
\TheName{}-1.5	166	133	67	34	1695	0.175
\TheName{}-2.0	166	133	67	34	1669	0.165
\TheName{}-2.5	166	133	67	34	1675	0.185
\TheName{}-3.0	166	133	67	34	1818	0.1725
SVM	167	124	76	33	1	0.0075
LR	0	200	0	200	0	0.005
Ye-LDA	110	178	22	90	104	0.015
DTree-10	74	167	33	126	2	0.015
DTree-20	109	142	58	91	2	0.015
RFC-50	31	193	7	169	2	0.0125
RFC-100	49	190	10	151	11	0.0125
NLSVM-0.1	200	11	189	0	0	0.0325
NLSVM-1.0	200	19	181	0	0	0.0175
NLSVM-10	58	190	10	142	0	0.02
LDA	106	137	63	94	267	0.225
SDA-0.5	132	172	28	68	1597	0.2025
SDA-1.0	124	172	28	76	1549	0.165
SDA-1.5	124	172	28	76	1530	0.165
SDA-2.0	123	172	28	77	1509	0.16
SDA-2.5	123	172	28	77	1588	0.1675
SDA-3.0	123	172	28	77	1607	0.1775
\TheName{}-0.5	146	75	125	54	1675	0.165
\TheName{}-1.0	170	156	44	30	1637	0.2025
\TheName{}-1.5	152	170	30	48	1768	0.175
\TheName{}-2.0	143	168	32	57	1647	0.1625
\TheName{}-2.5	135	170	30	65	1534	0.1625
\TheName{}-3.0	137	171	29	63	1735	0.2125
SVM	134	150	50	66	1	0.005
LR	0	200	0	200	1	0.005
Ye-LDA	99	165	35	101	93	0.005
DTree-10	97	152	48	103	24	0.0025
DTree-20	109	152	48	91	2	0.005
RFC-50	54	182	18	146	4	0.005
RFC-100	49	187	13	151	7	0.01
NLSVM-0.1	200	5	195	0	0	0.02
NLSVM-1.0	166	54	146	34	0	0.015
NLSVM-10	118	176	24	82	1	0.015
LDA	171	118	82	29	311	0.2725
SDA-0.5	169	163	37	31	1657	0.1725
SDA-1.0	167	163	37	33	1795	0.1625
SDA-1.5	167	165	35	33	1643	0.1625
SDA-2.0	166	165	35	34	1761	0.1975
SDA-2.5	165	165	35	35	1571	0.1675
SDA-3.0	165	165	35	35	1637	0.1825
\TheName{}-0.5	109	93	107	91	1733	0.175
\TheName{}-1.0	164	130	70	36	1626	0.1875
\TheName{}-1.5	170	143	57	30	1609	0.175
\TheName{}-2.0	170	142	58	30	1647	0.2225
\TheName{}-2.5	169	145	55	31	1680	0.1625
\TheName{}-3.0	168	147	53	32	1743	0.17
SVM	168	130	70	32	1	0.005
LR	0	200	0	200	0	0.0175
Ye-LDA	149	146	54	51	105	0.005
DTree-10	81	177	23	119	2	0.005
DTree-20	108	161	39	92	3	0.0025
RFC-50	92	173	27	108	3	0.0075
RFC-100	70	182	18	130	13	0.0225
NLSVM-0.1	129	97	103	71	1	0.0225
NLSVM-1.0	18	169	31	182	1	0.0175
NLSVM-10	88	196	4	112	0	0.015
LDA	145	168	32	55	326	0.3125
SDA-0.5	155	172	28	45	1732	0.2175
SDA-1.0	153	171	29	47	1536	0.165
SDA-1.5	152	171	29	48	1574	0.1625
SDA-2.0	152	171	29	48	1590	0.18
SDA-2.5	152	171	29	48	1643	0.1725
SDA-3.0	152	171	29	48	1576	0.165
\TheName{}-0.5	144	174	26	56	1583	0.1625
\TheName{}-1.0	155	172	28	45	1711	0.1675
\TheName{}-1.5	155	172	28	45	1676	0.165
\TheName{}-2.0	155	172	28	45	1602	0.1625
\TheName{}-2.5	154	174	26	46	1669	0.1825
\TheName{}-3.0	154	173	27	46	1619	0.165
SVM	155	165	35	45	1	0.0075
LR	0	200	0	200	0	0.005
Ye-LDA	134	175	25	66	99	0.005
DTree-10	64	176	24	136	1	0.005
DTree-20	78	174	26	122	2	0.005
RFC-50	52	185	15	148	2	0.0075
RFC-100	67	175	25	133	13	0.01
NLSVM-0.1	49	188	12	151	1	0.02
NLSVM-1.0	199	29	171	1	0	0.0175
NLSVM-10	200	0	200	0	0	0.0175
LDA	145	163	37	55	355	0.2925
SDA-0.5	136	184	16	64	1629	0.1775
SDA-1.0	134	181	19	66	1571	0.16
SDA-1.5	131	181	19	69	1610	0.1725
SDA-2.0	131	181	19	69	1528	0.165
SDA-2.5	131	181	19	69	1476	0.175
SDA-3.0	131	181	19	69	1533	0.1725
\TheName{}-0.5	145	174	26	55	1752	0.165
\TheName{}-1.0	139	180	20	61	1627	0.18
\TheName{}-1.5	138	182	18	62	1650	0.165
\TheName{}-2.0	138	182	18	62	1677	0.1925
\TheName{}-2.5	136	181	19	64	1645	0.1625
\TheName{}-3.0	131	181	19	69	1566	0.17
SVM	154	168	32	46	1	0.005
LR	0	200	0	200	1	0.005
Ye-LDA	102	173	27	98	99	0.005
DTree-10	81	166	34	119	12	0.005
DTree-20	81	166	34	119	2	0.005
RFC-50	29	199	1	171	3	0.0075
RFC-100	44	190	10	156	6	0.01
NLSVM-0.1	200	2	198	0	1	0.02
NLSVM-1.0	182	36	164	18	1	0.015
NLSVM-10	0	200	0	200	1	0.015
LDA	175	115	85	25	294	0.3175
SDA-0.5	131	158	42	69	1560	0.17
SDA-1.0	133	156	44	67	1598	0.1625
SDA-1.5	134	155	45	66	1494	0.165
SDA-2.0	134	155	45	66	1485	0.1675
SDA-2.5	134	154	46	66	1557	0.1675
SDA-3.0	134	154	46	66	1629	0.1625
\TheName{}-0.5	179	102	98	21	1565	0.165
\TheName{}-1.0	179	132	68	21	1709	0.1625
\TheName{}-1.5	148	145	55	52	1621	0.185
\TheName{}-2.0	143	151	49	57	1581	0.165
\TheName{}-2.5	141	152	48	59	1591	0.1625
\TheName{}-3.0	140	154	46	60	1547	0.1675
SVM	180	111	89	20	1	0.005
LR	200	0	200	0	1	0.005
Ye-LDA	169	99	101	31	97	0.005
DTree-10	154	77	123	46	3	0.0075
DTree-20	136	104	96	64	13	0.0075
RFC-50	187	80	120	13	4	0.005
RFC-100	186	90	110	14	13	0.0075
NLSVM-0.1	200	9	191	0	1	0.02
NLSVM-1.0	35	167	33	165	1	0.015
NLSVM-10	200	0	200	0	0	0.02
LDA	151	147	53	49	290	0.2475
SDA-0.5	82	179	21	118	1649	0.175
SDA-1.0	81	179	21	119	1658	0.1625
SDA-1.5	81	179	21	119	1556	0.1625
SDA-2.0	81	178	22	119	1571	0.1625
SDA-2.5	81	178	22	119	1518	0.1625
SDA-3.0	81	178	22	119	1581	0.17
\TheName{}-0.5	148	33	167	52	1726	0.165
\TheName{}-1.0	164	50	150	36	1709	0.1625
\TheName{}-1.5	190	124	76	10	1752	0.18
\TheName{}-2.0	128	171	29	72	1689	0.1625
\TheName{}-2.5	107	177	23	93	1631	0.1625
\TheName{}-3.0	100	179	21	100	1712	0.1725
SVM	162	154	46	38	1	0.0025
LR	0	200	0	200	0	0.005
Ye-LDA	71	178	22	129	98	0.0075
DTree-10	81	165	35	119	6	0.005
DTree-20	97	161	39	103	3	0.0025
RFC-50	41	192	8	159	4	0.005
RFC-100	52	189	11	148	16	0.0175
NLSVM-0.1	1	199	1	199	1	0.0275
NLSVM-1.0	200	20	180	0	1	0.015
NLSVM-10	200	41	159	0	1	0.015
LDA	147	152	48	53	291	0.22
SDA-0.5	151	154	46	49	1591	0.175
SDA-1.0	147	153	47	53	1609	0.1675
SDA-1.5	147	153	47	53	1674	0.165
SDA-2.0	147	153	47	53	1512	0.1625
SDA-2.5	147	153	47	53	1622	0.1625
SDA-3.0	147	152	48	53	1603	0.165
\TheName{}-0.5	156	155	45	44	1796	0.1675
\TheName{}-1.0	150	155	45	50	1717	0.165
\TheName{}-1.5	148	154	46	52	1576	0.1625
\TheName{}-2.0	145	154	46	55	1674	0.17
\TheName{}-2.5	145	154	46	55	1717	0.165
\TheName{}-3.0	145	154	46	55	1704	0.165
SVM	151	158	42	49	1	0.005
LR	0	200	0	200	1	0.005
Ye-LDA	121	146	54	79	102	0.015
DTree-10	100	129	71	100	15	0.005
DTree-20	104	127	73	96	6	0.0175
RFC-50	46	180	20	154	3	0.02
RFC-100	43	182	18	157	7	0.01
NLSVM-0.1	0	200	0	200	0	0.02
NLSVM-1.0	198	21	179	2	1	0.015
NLSVM-10	0	200	0	200	1	0.015
LDA	178	123	77	22	280	0.3225
SDA-0.5	182	147	53	18	1505	0.165
SDA-1.0	181	146	54	19	1528	0.1625
SDA-1.5	180	146	54	20	1563	0.1625
SDA-2.0	180	145	55	20	1556	0.18
SDA-2.5	180	145	55	20	1582	0.165
SDA-3.0	180	145	55	20	1462	0.1725
\TheName{}-0.5	183	146	54	17	1591	0.1875
\TheName{}-1.0	183	146	54	17	1705	0.17
\TheName{}-1.5	180	146	54	20	1641	0.1675
\TheName{}-2.0	180	145	55	20	1598	0.165
\TheName{}-2.5	180	145	55	20	1643	0.18
\TheName{}-3.0	180	145	55	20	1664	0.1925
SVM	185	128	72	15	1	0.0075
LR	0	200	0	200	0	0.005
Ye-LDA	119	150	50	81	98	0.045
DTree-10	180	103	97	20	2	0.0225
DTree-20	180	114	86	20	2	0.02
RFC-50	122	154	46	78	4	0.0225
RFC-100	124	158	42	76	12	0.0225
NLSVM-0.1	0	200	0	200	1	0.0375
NLSVM-1.0	200	10	190	0	0	0.125
NLSVM-10	0	200	0	200	1	0.0175
LDA	101	170	30	99	232	0.2475
SDA-0.5	82	190	10	118	1642	0.17
SDA-1.0	82	190	10	118	1668	0.165
SDA-1.5	82	190	10	118	1538	0.1625
SDA-2.0	82	190	10	118	1615	0.1625
SDA-2.5	82	190	10	118	1567	0.1625
SDA-3.0	82	190	10	118	1622	0.1675
\TheName{}-0.5	150	46	154	50	1666	0.1625
\TheName{}-1.0	101	185	15	99	1627	0.1625
\TheName{}-1.5	93	186	14	107	1694	0.1725
\TheName{}-2.0	86	188	12	114	1791	0.1775
\TheName{}-2.5	84	189	11	116	1643	0.165
\TheName{}-3.0	84	190	10	116	1681	0.1675
SVM	103	168	32	97	1	0.005
LR	200	0	200	0	1	0.005
Ye-LDA	100	181	19	100	97	0.005
DTree-10	87	164	36	113	2	0.0025
DTree-20	89	163	37	111	2	0.005
RFC-50	64	190	10	136	8	0.005
RFC-100	58	195	5	142	7	0.02
NLSVM-0.1	200	0	200	0	1	0.035
NLSVM-1.0	146	88	112	54	1	0.0175
NLSVM-10	43	199	1	157	0	0.015
LDA	169	121	79	31	260	0.23
SDA-0.5	123	182	18	77	1588	0.1625
SDA-1.0	123	182	18	77	1628	0.17
SDA-1.5	123	182	18	77	1605	0.165
SDA-2.0	120	182	18	80	1626	0.1675
SDA-2.5	120	182	18	80	1568	0.1625
SDA-3.0	120	182	18	80	1597	0.1675
\TheName{}-0.5	129	70	130	71	1700	0.165
\TheName{}-1.0	146	142	58	54	1593	0.18
\TheName{}-1.5	147	173	27	53	1750	0.1675
\TheName{}-2.0	143	177	23	57	1732	0.165
\TheName{}-2.5	138	179	21	62	1688	0.1725
\TheName{}-3.0	134	179	21	66	1714	0.1725
SVM	165	142	58	35	2	0.005
LR	0	200	0	200	1	0.01
Ye-LDA	72	177	23	128	102	0.0075
DTree-10	72	164	36	128	1	0.005
DTree-20	84	156	44	116	1	0.005
RFC-50	46	185	15	154	7	0.005
RFC-100	40	193	7	160	8	0.01
NLSVM-0.1	0	200	0	200	0	0.0225
NLSVM-1.0	13	199	1	187	0	0.0175
NLSVM-10	94	191	9	106	0	0.0175
LDA	122	148	52	78	263	0.2325
SDA-0.5	98	166	34	102	1690	0.165
SDA-1.0	97	165	35	103	1531	0.1675
SDA-1.5	96	165	35	104	1562	0.165
SDA-2.0	96	165	35	104	1560	0.165
SDA-2.5	96	165	35	104	1482	0.165
SDA-3.0	95	165	35	105	1669	0.165
\TheName{}-0.5	132	47	153	68	1684	0.165
\TheName{}-1.0	160	151	49	40	1588	0.165
\TheName{}-1.5	121	161	39	79	1746	0.165
\TheName{}-2.0	107	163	37	93	1598	0.1625
\TheName{}-2.5	104	164	36	96	1691	0.1625
\TheName{}-3.0	98	164	36	102	1747	0.1775
SVM	136	149	51	64	0	0.0075
LR	0	200	0	200	0	0.005
Ye-LDA	98	170	30	102	100	0.005
DTree-10	98	158	42	102	12	0.0025
DTree-20	98	158	42	102	2	0.005
RFC-50	59	179	21	141	3	0.005
RFC-100	64	165	35	136	6	0.0075
NLSVM-0.1	200	4	196	0	1	0.02
NLSVM-1.0	154	81	119	46	0	0.0175
NLSVM-10	200	5	195	0	1	0.02
LDA	192	101	99	8	282	0.36
SDA-0.5	198	63	137	2	1608	0.1675
SDA-1.0	198	61	139	2	1577	0.165
SDA-1.5	198	62	138	2	1553	0.1625
SDA-2.0	198	61	139	2	1718	0.1675
SDA-2.5	198	61	139	2	1543	0.1625
SDA-3.0	198	61	139	2	1555	0.165
\TheName{}-0.5	80	166	34	120	1648	0.175
\TheName{}-1.0	194	87	113	6	1576	0.1825
\TheName{}-1.5	196	76	124	4	1684	0.16
\TheName{}-2.0	197	73	127	3	1578	0.1925
\TheName{}-2.5	196	69	131	4	1679	0.1725
\TheName{}-3.0	196	69	131	4	1624	0.1625
SVM	188	100	100	12	1	0.005
LR	0	200	0	200	1	0.0025
Ye-LDA	196	73	127	4	90	0.005
DTree-10	185	98	102	15	2	0.0025
DTree-20	185	98	102	15	2	0.0025
RFC-50	54	187	13	146	3	0.005
RFC-100	68	183	17	132	11	0.0075
NLSVM-0.1	148	96	104	52	1	0.02
NLSVM-1.0	59	157	43	141	1	0.015
NLSVM-10	200	19	181	0	0	0.015
LDA	164	142	58	36	350	0.445
SDA-0.5	178	157	43	22	1695	0.175
SDA-1.0	179	157	43	21	1533	0.1625
SDA-1.5	181	148	52	19	1660	0.1925
SDA-2.0	181	147	53	19	1573	0.1625
SDA-2.5	181	147	53	19	1587	0.1625
SDA-3.0	181	147	53	19	1592	0.1775
\TheName{}-0.5	167	153	47	33	1716	0.165
\TheName{}-1.0	172	155	45	28	1704	0.1625
\TheName{}-1.5	177	155	45	23	1865	0.1975
\TheName{}-2.0	177	155	45	23	1623	0.165
\TheName{}-2.5	177	155	45	23	1578	0.1725
\TheName{}-3.0	177	155	45	23	1753	0.18
SVM	165	149	51	35	1	0.005
LR	0	200	0	200	1	0.005
Ye-LDA	137	156	44	63	95	0.005
DTree-10	105	167	33	95	55	0.0075
DTree-20	125	157	43	75	2	0.005
RFC-50	43	186	14	157	3	0.0075
RFC-100	46	184	16	154	13	0.085
NLSVM-0.1	0	200	0	200	1	0.02
NLSVM-1.0	162	75	125	38	0	0.0375
NLSVM-10	198	96	104	2	0	0.055
LDA	131	154	46	69	307	0.3625
SDA-0.5	132	171	29	68	1749	0.18
SDA-1.0	129	170	30	71	1643	0.1675
SDA-1.5	124	170	30	76	1697	0.1675
SDA-2.0	124	170	30	76	1667	0.165
SDA-2.5	124	170	30	76	1590	0.1625
SDA-3.0	124	170	30	76	1578	0.175
\TheName{}-0.5	135	176	24	65	1727	0.165
\TheName{}-1.0	137	173	27	63	1583	0.1625
\TheName{}-1.5	133	173	27	67	1781	0.165
\TheName{}-2.0	131	171	29	69	1660	0.165
\TheName{}-2.5	128	171	29	72	1595	0.1625
\TheName{}-3.0	127	171	29	73	1771	0.1875
SVM	131	163	37	69	1	0.005
LR	0	200	0	200	0	0.005
Ye-LDA	113	171	29	87	99	0.0125
DTree-10	98	165	35	102	2	0.0025
DTree-20	106	161	39	94	2	0.0025
RFC-50	63	183	17	137	4	0.005
RFC-100	70	177	23	130	14	0.01
NLSVM-0.1	196	19	181	4	0	0.02
NLSVM-1.0	171	48	152	29	1	0.0425
NLSVM-10	200	0	200	0	0	0.0275
LDA	169	128	72	31	239	0.2525
SDA-0.5	98	182	18	102	1503	0.165
SDA-1.0	98	180	20	102	1682	0.165
SDA-1.5	98	180	20	102	1509	0.1625
SDA-2.0	98	180	20	102	1547	0.165
SDA-2.5	97	180	20	103	1595	0.165
SDA-3.0	97	180	20	103	1540	0.17
\TheName{}-0.5	120	24	176	80	1616	0.1675
\TheName{}-1.0	158	73	127	42	1711	0.1625
\TheName{}-1.5	146	167	33	54	1648	0.1625
\TheName{}-2.0	119	176	24	81	1631	0.1625
\TheName{}-2.5	111	177	23	89	1595	0.1625
\TheName{}-3.0	105	177	23	95	1662	0.175
SVM	176	129	71	24	1	0.0025
LR	0	200	0	200	1	0.0025
Ye-LDA	99	176	24	101	97	0.005
DTree-10	112	151	49	88	2	0.0075
DTree-20	120	146	54	80	12	0.005
RFC-50	71	182	18	129	4	0.005
RFC-100	72	188	12	128	13	0.01
NLSVM-0.1	200	13	187	0	0	0.0225
NLSVM-1.0	194	54	146	6	0	0.015
NLSVM-10	0	200	0	200	1	0.0125
LDA	141	138	62	59	317	0.2625
SDA-0.5	128	157	43	72	1574	0.1725
SDA-1.0	127	156	44	73	1508	0.1625
SDA-1.5	126	156	44	74	1572	0.17
SDA-2.0	126	156	44	74	1415	0.165
SDA-2.5	126	155	45	74	1619	0.1625
SDA-3.0	126	155	45	74	1550	0.165
\TheName{}-0.5	154	154	46	46	1629	0.1675
\TheName{}-1.0	140	156	44	60	1580	0.1725
\TheName{}-1.5	135	155	45	65	1640	0.175
\TheName{}-2.0	132	155	45	68	1673	0.165
\TheName{}-2.5	130	156	44	70	1681	0.2
\TheName{}-3.0	128	155	45	72	1670	0.1675
SVM	142	153	47	58	2	0.005
LR	0	200	0	200	2	0.005
Ye-LDA	122	157	43	78	90	0.01
DTree-10	130	128	72	70	24	0.005
DTree-20	130	128	72	70	2	0.0025
RFC-50	66	186	14	134	4	0.005
RFC-100	70	188	12	130	5	0.0275
NLSVM-0.1	200	8	192	0	0	0.02
NLSVM-1.0	165	63	137	35	0	0.015
NLSVM-10	0	200	0	200	1	0.0125
LDA	130	160	40	70	262	0.285
SDA-0.5	148	164	36	52	1684	0.2025
SDA-1.0	145	164	36	55	1598	0.1725
SDA-1.5	145	164	36	55	1618	0.175
SDA-2.0	145	164	36	55	1771	0.1675
SDA-2.5	145	164	36	55	1571	0.1675
SDA-3.0	145	164	36	55	1589	0.1625
\TheName{}-0.5	143	172	28	57	1696	0.1625
\TheName{}-1.0	144	163	37	56	1657	0.18
\TheName{}-1.5	148	163	37	52	1714	0.23
\TheName{}-2.0	148	163	37	52	1765	0.18
\TheName{}-2.5	146	164	36	54	1667	0.1675
\TheName{}-3.0	146	164	36	54	1595	0.165
SVM	132	163	37	68	1	0.0025
LR	0	200	0	200	0	0.005
Ye-LDA	120	155	45	80	98	0.005
DTree-10	115	125	75	85	2	0.005
DTree-20	97	144	56	103	2	0.005
RFC-50	61	190	10	139	2	0.0075
RFC-100	62	192	8	138	11	0.0075
NLSVM-0.1	200	17	183	0	1	0.02
NLSVM-1.0	125	89	111	75	1	0.015
NLSVM-10	196	70	130	4	0	0.0175
LDA	160	118	82	40	325	0.2525
SDA-0.5	166	133	67	34	1543	0.165
SDA-1.0	166	133	67	34	1583	0.165
SDA-1.5	167	133	67	33	1609	0.1625
SDA-2.0	167	133	67	33	1705	0.17
SDA-2.5	167	130	70	33	1577	0.165
SDA-3.0	167	130	70	33	1494	0.165
\TheName{}-0.5	157	128	72	43	1610	0.165
\TheName{}-1.0	163	129	71	37	1681	0.175
\TheName{}-1.5	164	129	71	36	1626	0.1675
\TheName{}-2.0	164	130	70	36	1648	0.165
\TheName{}-2.5	164	130	70	36	1780	0.185
\TheName{}-3.0	164	130	70	36	1713	0.165
SVM	156	127	73	44	1	0.005
LR	0	200	0	200	0	0.0075
Ye-LDA	150	169	31	50	92	0.0025
DTree-10	68	178	22	132	2	0.005
DTree-20	106	163	37	94	2	0.005
RFC-50	59	189	11	141	4	0.005
RFC-100	62	182	18	138	8	0.01
NLSVM-0.1	1	200	0	199	1	0.0175
NLSVM-1.0	24	189	11	176	1	0.015
NLSVM-10	178	108	92	22	0	0.0175
LDA	143	112	88	57	255	0.24
SDA-0.5	174	128	72	26	1616	0.165
SDA-1.0	174	129	71	26	1579	0.165
SDA-1.5	174	129	71	26	1590	0.1625
SDA-2.0	174	129	71	26	1588	0.17
SDA-2.5	174	129	71	26	1509	0.175
SDA-3.0	173	130	70	27	1615	0.165
\TheName{}-0.5	152	157	43	48	1652	0.1625
\TheName{}-1.0	167	134	66	33	1715	0.17
\TheName{}-1.5	170	130	70	30	1689	0.1625
\TheName{}-2.0	171	130	70	29	1664	0.1625
\TheName{}-2.5	171	130	70	29	1717	0.165
\TheName{}-3.0	171	129	71	29	1578	0.165
SVM	148	144	56	52	1	0.005
LR	0	200	0	200	0	0.005
Ye-LDA	160	149	51	40	93	0.005
DTree-10	89	170	30	111	2	0.005
DTree-20	104	137	63	96	2	0.005
RFC-50	150	107	93	50	5	0.005
RFC-100	77	192	8	123	12	0.01
NLSVM-0.1	200	3	197	0	0	0.02
NLSVM-1.0	199	21	179	1	0	0.015
NLSVM-10	200	0	200	0	1	0.0125
LDA	153	104	96	47	421	0.2725
SDA-0.5	132	151	49	68	1587	0.1725
SDA-1.0	131	151	49	69	1516	0.1625
SDA-1.5	128	151	49	72	1687	0.1925
SDA-2.0	128	152	48	72	1582	0.1625
SDA-2.5	127	152	48	73	1556	0.1675
SDA-3.0	127	153	47	73	1689	0.1875
\TheName{}-0.5	167	116	84	33	1614	0.175
\TheName{}-1.0	148	146	54	52	1793	0.18
\TheName{}-1.5	149	145	55	51	1965	0.17
\TheName{}-2.0	142	144	56	58	1661	0.17
\TheName{}-2.5	140	146	54	60	1590	0.165
\TheName{}-3.0	139	146	54	61	1677	0.1625
SVM	162	114	86	38	1	0.005
LR	0	200	0	200	1	0.005
Ye-LDA	101	157	43	99	89	0.005
DTree-10	96	155	45	104	13	0.005
DTree-20	117	146	54	83	2	0.0075
RFC-50	29	193	7	171	5	0.005
RFC-100	44	192	8	156	6	0.0075
NLSVM-0.1	200	14	186	0	1	0.02
NLSVM-1.0	198	37	163	2	0	0.015
NLSVM-10	200	0	200	0	1	0.0125
LDA	117	157	43	83	253	0.275
SDA-0.5	95	176	24	105	1557	0.1625
SDA-1.0	94	176	24	106	1571	0.1625
SDA-1.5	94	176	24	106	1579	0.165
SDA-2.0	95	176	24	105	1629	0.1675
SDA-2.5	95	176	24	105	1550	0.165
SDA-3.0	95	176	24	105	1598	0.1625
\TheName{}-0.5	148	34	166	52	1632	0.1775
\TheName{}-1.0	119	167	33	81	1603	0.18
\TheName{}-1.5	101	170	30	99	1623	0.1675
\TheName{}-2.0	97	171	29	103	1631	0.19
\TheName{}-2.5	97	173	27	103	1683	0.165
\TheName{}-3.0	97	173	27	103	1636	0.1625
SVM	124	152	48	76	1	0.005
LR	0	200	0	200	1	0.0025
Ye-LDA	104	161	39	96	96	0.005
DTree-10	103	157	43	97	1	0.005
DTree-20	103	157	43	97	2	0.005
RFC-50	74	167	33	126	5	0.005
RFC-100	74	173	27	126	12	0.01
NLSVM-0.1	0	200	0	200	1	0.02
NLSVM-1.0	195	19	181	5	0	0.015
NLSVM-10	51	190	10	149	1	0.015
LDA	98	177	23	102	323	0.2825
SDA-0.5	94	181	19	106	1641	0.17
SDA-1.0	94	180	20	106	1549	0.1625
SDA-1.5	93	179	21	107	1744	0.165
SDA-2.0	93	179	21	107	1627	0.1725
SDA-2.5	93	179	21	107	1555	0.1975
SDA-3.0	93	179	21	107	1560	0.175
\TheName{}-0.5	133	115	85	67	1664	0.1725
\TheName{}-1.0	100	178	22	100	1633	0.1675
\TheName{}-1.5	99	181	19	101	1797	0.1775
\TheName{}-2.0	96	180	20	104	1619	0.1625
\TheName{}-2.5	96	180	20	104	1557	0.1625
\TheName{}-3.0	96	180	20	104	1687	0.17
SVM	109	172	28	91	1	0.005
LR	0	200	0	200	1	0.005
Ye-LDA	88	176	24	112	95	0.005
DTree-10	98	147	53	102	2	0.0025
DTree-20	98	147	53	102	1	0.0025
RFC-50	53	194	6	147	8	0.005
RFC-100	47	193	7	153	9	0.0075
NLSVM-0.1	200	10	190	0	1	0.0175
NLSVM-1.0	1	200	0	199	1	0.0125
NLSVM-10	0	200	0	200	1	0.0125
LDA	153	126	74	47	432	0.225
SDA-0.5	170	140	60	30	1607	0.1675
SDA-1.0	170	134	66	30	1521	0.1625
SDA-1.5	170	131	69	30	1628	0.1625
SDA-2.0	170	130	70	30	1570	0.2375
SDA-2.5	170	130	70	30	1632	0.165
SDA-3.0	170	130	70	30	1483	0.1675
\TheName{}-0.5	173	129	71	27	1650	0.185
\TheName{}-1.0	172	130	70	28	1698	0.18
\TheName{}-1.5	171	130	70	29	1646	0.1775
\TheName{}-2.0	171	130	70	29	1611	0.1675
\TheName{}-2.5	171	130	70	29	1671	0.1625
\TheName{}-3.0	170	130	70	30	1601	0.17
SVM	169	131	69	31	1	0.005
LR	0	200	0	200	1	0.0025
Ye-LDA	143	137	63	57	93	0.0075
DTree-10	105	148	52	95	1	0.005
DTree-20	106	133	67	94	2	0.005
RFC-50	55	188	12	145	3	0.0075
RFC-100	70	186	14	130	13	0.0075
NLSVM-0.1	91	173	27	109	1	0.0175
NLSVM-1.0	6	200	0	194	0	0.015
NLSVM-10	98	188	12	102	1	0.015
LDA	175	143	57	25	308	0.325
SDA-0.5	139	146	54	61	1779	0.18
SDA-1.0	139	147	53	61	1509	0.165
SDA-1.5	139	147	53	61	1589	0.1625
SDA-2.0	139	146	54	61	1515	0.175
SDA-2.5	139	146	54	61	1530	0.1925
SDA-3.0	139	146	54	61	1716	0.1775
\TheName{}-0.5	44	165	35	156	1631	0.1625
\TheName{}-1.0	131	163	37	69	1544	0.1625
\TheName{}-1.5	138	155	45	62	1788	0.19
\TheName{}-2.0	140	151	49	60	1616	0.165
\TheName{}-2.5	139	150	50	61	1669	0.165
\TheName{}-3.0	138	149	51	62	1712	0.1825
SVM	176	141	59	24	1	0.005
LR	0	200	0	200	1	0.0025
Ye-LDA	135	148	52	65	96	0.005
DTree-10	119	144	56	81	11	0.005
DTree-20	122	144	56	78	2	0.0025
RFC-50	77	175	25	123	3	0.005
RFC-100	75	176	24	125	6	0.01
NLSVM-0.1	200	15	185	0	0	0.02
NLSVM-1.0	199	28	172	1	1	0.015
NLSVM-10	196	83	117	4	0	0.015
LDA	125	149	51	75	254	0.2375
SDA-0.5	101	176	24	99	1516	0.1625
SDA-1.0	101	176	24	99	1571	0.175
SDA-1.5	101	176	24	99	1548	0.165
SDA-2.0	101	176	24	99	1515	0.165
SDA-2.5	101	176	24	99	1509	0.1625
SDA-3.0	101	176	24	99	1597	0.1925
\TheName{}-0.5	150	67	133	50	1623	0.165
\TheName{}-1.0	118	170	30	82	1628	0.1625
\TheName{}-1.5	108	173	27	92	1533	0.1675
\TheName{}-2.0	105	175	25	95	1727	0.165
\TheName{}-2.5	104	176	24	96	2059	0.165
\TheName{}-3.0	104	176	24	96	1741	0.1725
SVM	142	149	51	58	1	0.005
LR	200	0	200	0	1	0.0025
Ye-LDA	113	176	24	87	95	0.005
DTree-10	112	145	55	88	1	0.005
DTree-20	115	145	55	85	2	0.0025
RFC-50	47	187	13	153	4	0.0075
RFC-100	65	181	19	135	11	0.01
NLSVM-0.1	200	15	185	0	0	0.02
NLSVM-1.0	182	42	158	18	1	0.015
NLSVM-10	200	49	151	0	1	0.0175
LDA	106	166	34	94	311	0.31
SDA-0.5	141	172	28	59	1585	0.165
SDA-1.0	141	172	28	59	1512	0.1625
SDA-1.5	141	171	29	59	1623	0.17
SDA-2.0	141	171	29	59	1541	0.17
SDA-2.5	141	171	29	59	1446	0.165
SDA-3.0	141	171	29	59	1499	0.1625
\TheName{}-0.5	148	175	25	52	1475	0.1775
\TheName{}-1.0	143	176	24	57	1678	0.165
\TheName{}-1.5	142	177	23	58	1546	0.1625
\TheName{}-2.0	140	176	24	60	1605	0.1625
\TheName{}-2.5	141	176	24	59	1507	0.17
\TheName{}-3.0	141	175	25	59	1625	0.1625
SVM	124	168	32	76	0	0.005
LR	0	200	0	200	1	0.0075
Ye-LDA	104	167	33	96	91	0.005
DTree-10	108	165	35	92	1	0.005
DTree-20	108	165	35	92	2	0.005
RFC-50	50	194	6	150	3	0.005
RFC-100	27	196	4	173	5	0.01
NLSVM-0.1	199	15	185	1	0	0.02
NLSVM-1.0	6	199	1	194	0	0.015
NLSVM-10	79	196	4	121	1	0.015
LDA	154	129	71	46	259	0.26
SDA-0.5	99	181	19	101	1556	0.1675
SDA-1.0	98	181	19	102	1572	0.175
SDA-1.5	97	181	19	103	1494	0.1625
SDA-2.0	97	181	19	103	1545	0.165
SDA-2.5	97	181	19	103	1540	0.17
SDA-3.0	97	181	19	103	1540	0.185
\TheName{}-0.5	127	69	131	73	1629	0.175
\TheName{}-1.0	142	182	18	58	1684	0.215
\TheName{}-1.5	123	184	16	77	1602	0.1725
\TheName{}-2.0	115	183	17	85	1567	0.17
\TheName{}-2.5	112	182	18	88	1480	0.1625
\TheName{}-3.0	109	182	18	91	1586	0.1625
SVM	154	157	43	46	1	0.005
LR	0	200	0	200	0	0.005
Ye-LDA	93	176	24	107	97	0.005
DTree-10	116	158	42	84	2	0.005
DTree-20	132	142	58	68	2	0.0025
RFC-50	55	197	3	145	4	0.0075
RFC-100	71	195	5	129	7	0.01
NLSVM-0.1	0	200	0	200	0	0.0175
NLSVM-1.0	178	46	154	22	1	0.015
NLSVM-10	0	200	0	200	0	0.015
LDA	161	167	33	39	302	0.245
SDA-0.5	118	182	18	82	1699	0.1625
SDA-1.0	119	182	18	81	1611	0.1625
SDA-1.5	118	182	18	82	1429	0.1625
SDA-2.0	117	182	18	83	1543	0.17
SDA-2.5	117	182	18	83	1510	0.1975
SDA-3.0	117	182	18	83	1487	0.1675
\TheName{}-0.5	142	93	107	58	1758	0.215
\TheName{}-1.0	145	182	18	55	1533	0.165
\TheName{}-1.5	131	182	18	69	1689	0.165
\TheName{}-2.0	128	184	16	72	1701	0.1725
\TheName{}-2.5	124	185	15	76	1655	0.1625
\TheName{}-3.0	121	183	17	79	1726	0.165
SVM	166	163	37	34	0	0.005
LR	0	200	0	200	1	0.005
Ye-LDA	110	189	11	90	98	0.0075
DTree-10	95	173	27	105	2	0.005
DTree-20	101	173	27	99	1	0.005
RFC-50	80	184	16	120	5	0.005
RFC-100	69	183	17	131	11	0.015
NLSVM-0.1	194	27	173	6	1	0.0225
NLSVM-1.0	197	34	166	3	1	0.0225
NLSVM-10	199	31	169	1	1	0.045
LDA	144	146	54	56	292	0.22
SDA-0.5	86	179	21	114	1534	0.1675
SDA-1.0	85	179	21	115	1600	0.17
SDA-1.5	85	179	21	115	1561	0.18
SDA-2.0	86	179	21	114	1494	0.165
SDA-2.5	86	179	21	114	1567	0.1625
SDA-3.0	86	179	21	114	1591	0.1625
\TheName{}-0.5	133	41	159	67	1615	0.1675
\TheName{}-1.0	113	174	26	87	1602	0.1625
\TheName{}-1.5	90	174	26	110	1620	0.1825
\TheName{}-2.0	87	176	24	113	1669	0.165
\TheName{}-2.5	86	177	23	114	1528	0.165
\TheName{}-3.0	86	177	23	114	1522	0.1725
SVM	141	144	56	59	1	0.0075
LR	200	0	200	0	0	0.005
Ye-LDA	102	167	33	98	90	0.005
DTree-10	108	155	45	92	2	0.0025
DTree-20	119	147	53	81	2	0.005
RFC-50	50	185	15	150	6	0.0075
RFC-100	34	193	7	166	7	0.0075
NLSVM-0.1	0	200	0	200	0	0.02
NLSVM-1.0	193	35	165	7	1	0.015
NLSVM-10	0	200	0	200	0	0.015
LDA	141	131	69	59	294	0.2925
SDA-0.5	175	148	52	25	1530	0.1625
SDA-1.0	175	146	54	25	1516	0.1625
SDA-1.5	175	146	54	25	1581	0.16
SDA-2.0	175	146	54	25	1525	0.17
SDA-2.5	175	146	54	25	1505	0.165
SDA-3.0	175	146	54	25	1506	0.165
\TheName{}-0.5	175	138	62	25	1508	0.1625
\TheName{}-1.0	181	141	59	19	1571	0.175
\TheName{}-1.5	179	147	53	21	1646	0.165
\TheName{}-2.0	180	147	53	20	1617	0.1625
\TheName{}-2.5	177	148	52	23	1749	0.165
\TheName{}-3.0	176	148	52	24	1626	0.1725
SVM	145	137	63	55	1	0.005
LR	0	200	0	200	1	0.0025
Ye-LDA	134	165	35	66	91	0.055
DTree-10	89	172	28	111	2	0.0025
DTree-20	96	170	30	104	2	0.005
RFC-50	60	184	16	140	3	0.005
RFC-100	60	187	13	140	6	0.0075
NLSVM-0.1	200	8	192	0	0	0.02
NLSVM-1.0	185	48	152	15	0	0.015
NLSVM-10	86	194	6	114	0	0.015
LDA	112	167	33	88	432	0.1825
SDA-0.5	115	167	33	85	1670	0.1675
SDA-1.0	113	167	33	87	1546	0.19
SDA-1.5	112	167	33	88	1555	0.1675
SDA-2.0	111	167	33	89	1623	0.19
SDA-2.5	110	166	34	90	1539	0.18
SDA-3.0	110	166	34	90	1521	0.165
\TheName{}-0.5	149	165	35	51	1612	0.165
\TheName{}-1.0	126	168	32	74	1633	0.17
\TheName{}-1.5	124	165	35	76	1696	0.165
\TheName{}-2.0	119	166	34	81	1573	0.1625
\TheName{}-2.5	118	166	34	82	1683	0.18
\TheName{}-3.0	117	166	34	83	1596	0.1625
SVM	119	163	37	81	1	0.005
LR	0	200	0	200	1	0.0225
Ye-LDA	114	166	34	86	95	0.0275
DTree-10	108	143	57	92	3	0.0
DTree-20	108	143	57	92	3	0.0
RFC-50	59	186	14	141	8	0.0075
RFC-100	41	187	13	159	5	0.01
NLSVM-0.1	0	200	0	200	0	0.02
NLSVM-1.0	3	198	2	197	1	0.015
NLSVM-10	200	0	200	0	0	0.0175
LDA	152	97	103	48	355	0.3075
SDA-0.5	113	166	34	87	1570	0.165
SDA-1.0	113	166	34	87	1521	0.1925
SDA-1.5	113	166	34	87	1497	0.175
SDA-2.0	113	168	32	87	1415	0.165
SDA-2.5	111	168	32	89	1600	0.1675
SDA-3.0	111	168	32	89	1439	0.1675
\TheName{}-0.5	148	98	102	52	1613	0.1725
\TheName{}-1.0	140	155	45	60	1594	0.1675
\TheName{}-1.5	126	160	40	74	1617	0.165
\TheName{}-2.0	123	164	36	77	1590	0.1625
\TheName{}-2.5	120	164	36	80	1528	0.17
\TheName{}-3.0	118	166	34	82	1560	0.1675
SVM	158	116	84	42	1	0.005
LR	0	200	0	200	0	0.005
Ye-LDA	92	174	26	108	111	0.005
DTree-10	88	155	45	112	5	0.005
DTree-20	101	143	57	99	2	0.005
RFC-50	47	187	13	153	4	0.005
RFC-100	31	192	8	169	7	0.0075
NLSVM-0.1	135	122	78	65	0	0.02
NLSVM-1.0	74	135	65	126	0	0.0175
NLSVM-10	200	0	200	0	0	0.015
LDA	155	133	67	45	304	0.245
SDA-0.5	117	173	27	83	1491	0.1925
SDA-1.0	117	174	26	83	1606	0.1825
SDA-1.5	118	174	26	82	1491	0.1675
SDA-2.0	117	174	26	83	1537	0.165
SDA-2.5	118	174	26	82	1640	0.1675
SDA-3.0	118	174	26	82	1545	0.2075
\TheName{}-0.5	112	38	162	88	1511	0.165
\TheName{}-1.0	154	74	126	46	1665	0.1725
\TheName{}-1.5	192	127	73	8	1639	0.175
\TheName{}-2.0	166	164	36	34	1634	0.165
\TheName{}-2.5	148	171	29	52	1592	0.17
\TheName{}-3.0	140	172	28	60	1764	0.1875
SVM	172	132	68	28	0	0.0075
LR	0	200	0	200	0	0.01
Ye-LDA	110	161	39	90	95	0.0075
DTree-10	130	135	65	70	1	0.005
DTree-20	130	135	65	70	2	0.005
RFC-50	179	88	112	21	3	0.005
RFC-100	143	146	54	57	6	0.01
NLSVM-0.1	1	200	0	199	0	0.025
NLSVM-1.0	198	33	167	2	0	0.015
NLSVM-10	200	25	175	0	1	0.015
LDA	147	144	56	53	268	0.2975
SDA-0.5	156	165	35	44	1501	0.165
SDA-1.0	147	168	32	53	1627	0.175
SDA-1.5	145	169	31	55	1506	0.1625
SDA-2.0	144	168	32	56	1531	0.1725
SDA-2.5	143	168	32	57	1598	0.1725
SDA-3.0	143	168	32	57	1543	0.165
\TheName{}-0.5	145	174	26	55	1586	0.16
\TheName{}-1.0	148	169	31	52	1667	0.1725
\TheName{}-1.5	145	170	30	55	1630	0.1625
\TheName{}-2.0	144	170	30	56	1587	0.175
\TheName{}-2.5	144	170	30	56	1610	0.17
\TheName{}-3.0	143	169	31	57	1573	0.1725
SVM	151	150	50	49	1	0.005
LR	0	200	0	200	0	0.0075
Ye-LDA	116	172	28	84	91	0.005
DTree-10	93	163	37	107	12	0.005
DTree-20	103	143	57	97	2	0.005
RFC-50	19	195	5	181	2	0.0075
RFC-100	31	194	6	169	6	0.005
NLSVM-0.1	0	200	0	200	1	0.0175
NLSVM-1.0	192	40	160	8	1	0.015
NLSVM-10	26	200	0	174	0	0.015
LDA	157	143	57	43	308	0.385
SDA-0.5	135	166	34	65	1513	0.1625
SDA-1.0	133	165	35	67	1549	0.165
SDA-1.5	133	165	35	67	1459	0.1925
SDA-2.0	133	165	35	67	1499	0.1625
SDA-2.5	133	165	35	67	1592	0.165
SDA-3.0	133	165	35	67	1497	0.1725
\TheName{}-0.5	175	153	47	25	1636	0.1625
\TheName{}-1.0	144	162	38	56	1547	0.1675
\TheName{}-1.5	141	161	39	59	1614	0.1625
\TheName{}-2.0	138	162	38	62	1453	0.1775
\TheName{}-2.5	138	162	38	62	1566	0.1725
\TheName{}-3.0	137	163	37	63	1606	0.1625
SVM	158	157	43	42	1	0.005
LR	0	200	0	200	0	0.005
Ye-LDA	105	158	42	95	96	0.005
DTree-10	93	148	52	107	13	0.005
DTree-20	93	148	52	107	1	0.005
RFC-50	52	180	20	148	3	0.005
RFC-100	53	181	19	147	13	0.0075
NLSVM-0.1	1	200	0	199	1	0.02
NLSVM-1.0	18	193	7	182	0	0.015
NLSVM-10	87	191	9	113	1	0.015
LDA	165	120	80	35	322	0.2725
SDA-0.5	138	170	30	62	1498	0.1725
SDA-1.0	137	169	31	63	1598	0.165
SDA-1.5	137	169	31	63	1516	0.1725
SDA-2.0	133	168	32	67	1565	0.175
SDA-2.5	132	168	32	68	1520	0.1775
SDA-3.0	131	168	32	69	1643	0.175
\TheName{}-0.5	154	85	115	46	1706	0.165
\TheName{}-1.0	176	159	41	24	1661	0.175
\TheName{}-1.5	163	165	35	37	1688	0.1675
\TheName{}-2.0	155	166	34	45	1674	0.21
\TheName{}-2.5	149	168	32	51	1639	0.1625
\TheName{}-3.0	144	168	32	56	1652	0.1725
SVM	162	141	59	38	0	0.005
LR	200	0	200	0	1	0.0025
Ye-LDA	162	152	48	38	93	0.0225
DTree-10	85	150	50	115	2	0.0175
DTree-20	81	153	47	119	2	0.0075
RFC-50	64	183	17	136	4	0.005
RFC-100	51	189	11	149	7	0.0075
NLSVM-0.1	89	147	53	111	1	0.0175
NLSVM-1.0	20	193	7	180	1	0.0125
NLSVM-10	146	158	42	54	1	0.0125
LDA	170	122	78	30	294	0.225
SDA-0.5	126	164	36	74	1584	0.17
SDA-1.0	125	164	36	75	1528	0.165
SDA-1.5	123	164	36	77	1529	0.1725
SDA-2.0	123	163	37	77	1540	0.1625
SDA-2.5	123	163	37	77	1441	0.165
SDA-3.0	123	163	37	77	1621	0.185
\TheName{}-0.5	146	79	121	54	1639	0.17
\TheName{}-1.0	165	164	36	35	1591	0.175
\TheName{}-1.5	145	165	35	55	1720	0.175
\TheName{}-2.0	137	168	32	63	1488	0.1625
\TheName{}-2.5	136	167	33	64	1676	0.18
\TheName{}-3.0	135	166	34	65	1554	0.165
SVM	180	129	71	20	1	0.005
LR	200	0	200	0	0	0.005
Ye-LDA	143	153	47	57	89	0.005
DTree-10	115	145	55	85	4	0.0025
DTree-20	115	145	55	85	1	0.005
RFC-50	66	180	20	134	3	0.005
RFC-100	57	182	18	143	6	0.0075
NLSVM-0.1	200	18	182	0	0	0.02
NLSVM-1.0	188	51	149	12	1	0.015
NLSVM-10	200	0	200	0	0	0.015
LDA	126	138	62	74	282	0.255
SDA-0.5	106	168	32	94	1483	0.1625
SDA-1.0	106	169	31	94	1573	0.175
SDA-1.5	105	171	29	95	1511	0.1625
SDA-2.0	105	171	29	95	1520	0.1725
SDA-2.5	105	171	29	95	1533	0.165
SDA-3.0	105	171	29	95	1499	0.18
\TheName{}-0.5	133	105	95	67	1715	0.19
\TheName{}-1.0	121	170	30	79	1647	0.165
\TheName{}-1.5	111	167	33	89	1653	0.19
\TheName{}-2.0	106	169	31	94	1601	0.1875
\TheName{}-2.5	105	169	31	95	1682	0.175
\TheName{}-3.0	104	169	31	96	1659	0.1775
SVM	130	144	56	70	0	0.0075
LR	0	200	0	200	0	0.005
Ye-LDA	111	162	38	89	96	0.0125
DTree-10	102	143	57	98	3	0.0125
DTree-20	102	143	57	98	31	0.005
RFC-50	59	167	33	141	6	0.005
RFC-100	68	170	30	132	6	0.0075
NLSVM-0.1	0	200	0	200	1	0.02
NLSVM-1.0	200	15	185	0	0	0.015
NLSVM-10	200	2	198	0	0	0.015
LDA	165	115	85	35	280	0.255
SDA-0.5	150	146	54	50	1472	0.17
SDA-1.0	143	146	54	57	1467	0.175
SDA-1.5	143	146	54	57	1525	0.1625
SDA-2.0	142	146	54	58	1492	0.1725
SDA-2.5	142	146	54	58	1557	0.165
SDA-3.0	142	146	54	58	1560	0.195
\TheName{}-0.5	119	98	102	81	1575	0.1625
\TheName{}-1.0	155	140	60	45	1754	0.1825
\TheName{}-1.5	153	144	56	47	1575	0.1725
\TheName{}-2.0	154	147	53	46	1665	0.1875
\TheName{}-2.5	152	144	56	48	1538	0.175
\TheName{}-3.0	147	145	55	53	1613	0.1725
SVM	166	118	82	34	1	0.005
LR	200	0	200	0	0	0.005
Ye-LDA	177	86	114	23	91	0.0125
DTree-10	118	127	73	82	2	0.0025
DTree-20	118	127	73	82	2	0.0025
RFC-50	64	167	33	136	6	0.005
RFC-100	79	169	31	121	6	0.01
NLSVM-0.1	200	10	190	0	0	0.02
NLSVM-1.0	198	34	166	2	0	0.015
NLSVM-10	200	4	196	0	1	0.015
LDA	134	147	53	66	280	0.285
SDA-0.5	132	159	41	68	1500	0.1725
SDA-1.0	131	159	41	69	1533	0.1675
SDA-1.5	131	159	41	69	1577	0.1725
SDA-2.0	130	159	41	70	1493	0.1725
SDA-2.5	130	159	41	70	1509	0.16
SDA-3.0	130	159	41	70	1583	0.175
\TheName{}-0.5	120	71	129	80	1540	0.175
\TheName{}-1.0	145	155	45	55	1527	0.1675
\TheName{}-1.5	136	158	42	64	1664	0.1625
\TheName{}-2.0	134	157	43	66	1611	0.175
\TheName{}-2.5	132	156	44	68	1585	0.17
\TheName{}-3.0	132	157	43	68	1475	0.1725
SVM	146	148	52	54	1	0.0075
LR	0	200	0	200	0	0.005
Ye-LDA	114	160	40	86	94	0.005
DTree-10	103	160	40	97	1	0.005
DTree-20	103	160	40	97	1	0.005
RFC-50	47	195	5	153	4	0.005
RFC-100	48	192	8	152	7	0.0075
NLSVM-0.1	189	56	144	11	1	0.0175
NLSVM-1.0	164	109	91	36	1	0.015
NLSVM-10	200	0	200	0	0	0.015
LDA	145	150	50	55	278	0.29
SDA-0.5	117	185	15	83	1582	0.1825
SDA-1.0	112	185	15	88	1651	0.195
SDA-1.5	112	185	15	88	1504	0.1625
SDA-2.0	112	185	15	88	1603	0.1725
SDA-2.5	112	185	15	88	1514	0.1775
SDA-3.0	112	185	15	88	1585	0.1775
\TheName{}-0.5	131	68	132	69	1597	0.1725
\TheName{}-1.0	169	144	56	31	1561	0.175
\TheName{}-1.5	154	185	15	46	1652	0.175
\TheName{}-2.0	136	185	15	64	1634	0.1725
\TheName{}-2.5	133	185	15	67	1548	0.175
\TheName{}-3.0	130	186	14	70	1650	0.1725
SVM	167	161	39	33	1	0.005
LR	0	200	0	200	0	0.005
Ye-LDA	113	184	16	87	94	0.005
DTree-10	86	162	38	114	2	0.005
DTree-20	89	160	40	111	2	0.005
RFC-50	18	199	1	182	3	0.0075
RFC-100	25	200	0	175	12	0.01
NLSVM-0.1	200	0	200	0	0	0.0225
NLSVM-1.0	199	15	185	1	0	0.0175
NLSVM-10	0	200	0	200	0	0.02
LDA	143	124	76	57	285	0.235
SDA-0.5	130	139	61	70	1461	0.1725
SDA-1.0	128	139	61	72	1550	0.18
SDA-1.5	128	139	61	72	1505	0.175
SDA-2.0	128	139	61	72	1479	0.175
SDA-2.5	128	139	61	72	1709	0.1775
SDA-3.0	128	139	61	72	1669	0.1825
\TheName{}-0.5	172	127	73	28	1681	0.1775
\TheName{}-1.0	160	144	56	40	1722	0.1775
\TheName{}-1.5	147	145	55	53	2010	0.18
\TheName{}-2.0	143	142	58	57	1618	0.175
\TheName{}-2.5	141	139	61	59	1555	0.175
\TheName{}-3.0	139	138	62	61	1829	0.175
SVM	151	126	74	49	1	0.005
LR	200	0	200	0	0	0.005
Ye-LDA	151	104	96	49	91	0.0025
DTree-10	89	178	22	111	2	0.005
DTree-20	115	151	49	85	19	0.0025
RFC-50	25	198	2	175	4	0.005
RFC-100	25	200	0	175	6	0.01
NLSVM-0.1	75	164	36	125	0	0.02
NLSVM-1.0	3	199	1	197	0	0.015
NLSVM-10	200	0	200	0	1	0.015
LDA	169	150	50	31	255	0.245
SDA-0.5	196	126	74	4	1598	0.175
SDA-1.0	196	125	75	4	1526	0.1725
SDA-1.5	196	124	76	4	1436	0.17
SDA-2.0	196	123	77	4	1561	0.17
SDA-2.5	196	120	80	4	1601	0.1725
SDA-3.0	196	119	81	4	1510	0.1925
\TheName{}-0.5	157	156	44	43	1586	0.1725
\TheName{}-1.0	187	145	55	13	1655	0.1775
\TheName{}-1.5	190	139	61	10	1621	0.1725
\TheName{}-2.0	194	136	64	6	1580	0.175
\TheName{}-2.5	194	136	64	6	1534	0.17
\TheName{}-3.0	194	136	64	6	1624	0.175
SVM	173	150	50	27	2	0.005
LR	0	200	0	200	0	0.0075
Ye-LDA	183	142	58	17	91	0.005
DTree-10	127	139	61	73	2	0.005
DTree-20	128	139	61	72	2	0.005
RFC-50	82	176	24	118	4	0.005
RFC-100	106	173	27	94	7	0.0075
NLSVM-0.1	200	23	177	0	1	0.0175
NLSVM-1.0	190	48	152	10	1	0.015
NLSVM-10	0	200	0	200	0	0.015
LDA	102	139	61	98	290	0.26
SDA-0.5	101	176	24	99	1548	0.225
SDA-1.0	99	176	24	101	1616	0.1625
SDA-1.5	99	176	24	101	1471	0.1625
SDA-2.0	99	176	24	101	1445	0.175
SDA-2.5	98	176	24	102	1478	0.17
SDA-3.0	98	176	24	102	1684	0.175
\TheName{}-0.5	144	140	60	56	1567	0.185
\TheName{}-1.0	106	175	25	94	1534	0.195
\TheName{}-1.5	104	176	24	96	1698	0.1825
\TheName{}-2.0	103	176	24	97	1549	0.1775
\TheName{}-2.5	103	176	24	97	1539	0.1725
\TheName{}-3.0	102	176	24	98	1610	0.18
SVM	121	153	47	79	1	0.0075
LR	0	200	0	200	0	0.005
Ye-LDA	82	173	27	118	95	0.005
DTree-10	73	147	53	127	12	0.005
DTree-20	81	143	57	119	4	0.005
RFC-50	40	188	12	160	3	0.02
RFC-100	46	190	10	154	7	0.0075
NLSVM-0.1	198	9	191	2	0	0.0475
NLSVM-1.0	179	48	152	21	0	0.0225
NLSVM-10	0	200	0	200	0	0.015
LDA	108	144	56	92	291	0.2575
SDA-0.5	105	168	32	95	1440	0.1925
SDA-1.0	105	169	31	95	1512	0.1775
SDA-1.5	105	169	31	95	1549	0.1925
SDA-2.0	102	168	32	98	1423	0.17
SDA-2.5	102	168	32	98	1575	0.17
SDA-3.0	102	168	32	98	1538	0.1725
\TheName{}-0.5	137	61	139	63	1613	0.1725
\TheName{}-1.0	118	168	32	82	1606	0.175
\TheName{}-1.5	107	173	27	93	1582	0.17
\TheName{}-2.0	107	173	27	93	1656	0.17
\TheName{}-2.5	105	171	29	95	1699	0.1725
\TheName{}-3.0	105	169	31	95	1592	0.17
SVM	121	145	55	79	1	0.005
LR	0	200	0	200	1	0.005
Ye-LDA	100	174	26	100	94	0.005
DTree-10	108	149	51	92	1	0.0025
DTree-20	108	149	51	92	1	0.005
RFC-50	66	167	33	134	6	0.005
RFC-100	63	173	27	137	6	0.01
NLSVM-0.1	200	10	190	0	1	0.02
NLSVM-1.0	187	48	152	13	0	0.0175
NLSVM-10	0	200	0	200	1	0.015
LDA	146	132	68	54	265	0.2675
SDA-0.5	136	169	31	64	1552	0.1725
SDA-1.0	136	169	31	64	1523	0.18
SDA-1.5	135	169	31	65	1509	0.175
SDA-2.0	134	169	31	66	1549	0.195
SDA-2.5	134	169	31	66	1572	0.18
SDA-3.0	134	169	31	66	1574	0.175
\TheName{}-0.5	151	134	66	49	1609	0.17
\TheName{}-1.0	154	165	35	46	1705	0.2
\TheName{}-1.5	150	168	32	50	1611	0.1825
\TheName{}-2.0	146	169	31	54	1689	0.175
\TheName{}-2.5	144	170	30	56	1693	0.175
\TheName{}-3.0	144	169	31	56	1601	0.1725
SVM	148	130	70	52	1	0.005
LR	200	0	200	0	1	0.0025
Ye-LDA	165	154	46	35	93	0.005
DTree-10	116	159	41	84	2	0.005
DTree-20	118	147	53	82	2	0.005
RFC-50	74	174	26	126	4	0.005
RFC-100	80	173	27	120	14	0.0125
NLSVM-0.1	1	200	0	199	0	0.02
NLSVM-1.0	76	133	67	124	0	0.0175
NLSVM-10	43	199	1	157	0	0.015
LDA	168	128	72	32	311	0.305
SDA-0.5	129	173	27	71	1553	0.175
SDA-1.0	126	171	29	74	1544	0.175
SDA-1.5	126	171	29	74	1617	0.1725
SDA-2.0	125	171	29	75	1519	0.1725
SDA-2.5	125	171	29	75	1601	0.175
SDA-3.0	125	171	29	75	1587	0.18
\TheName{}-0.5	125	38	162	75	1624	0.1725
\TheName{}-1.0	185	109	91	15	1660	0.1725
\TheName{}-1.5	170	167	33	30	1638	0.1725
\TheName{}-2.0	154	173	27	46	1645	0.1725
\TheName{}-2.5	145	174	26	55	1569	0.1725
\TheName{}-3.0	140	173	27	60	1677	0.17
SVM	174	133	67	26	0	0.0075
LR	0	200	0	200	0	0.005
Ye-LDA	127	167	33	73	93	0.005
DTree-10	92	157	43	108	1	0.005
DTree-20	125	146	54	75	2	0.005
RFC-50	82	186	14	118	5	0.0075
RFC-100	72	184	16	128	10	0.0075
NLSVM-0.1	200	1	199	0	1	0.0325
NLSVM-1.0	36	161	39	164	1	0.015
NLSVM-10	0	200	0	200	0	0.025
LDA	77	181	19	123	261	0.26
SDA-0.5	84	178	22	116	1557	0.1625
SDA-1.0	83	177	23	117	1467	0.1625
SDA-1.5	83	176	24	117	1474	0.1825
SDA-2.0	83	176	24	117	1530	0.175
SDA-2.5	83	176	24	117	1466	0.175
SDA-3.0	82	176	24	118	1515	0.1925
\TheName{}-0.5	139	79	121	61	1534	0.17
\TheName{}-1.0	92	181	19	108	1670	0.1775
\TheName{}-1.5	92	180	20	108	1555	0.175
\TheName{}-2.0	85	178	22	115	1627	0.1775
\TheName{}-2.5	83	178	22	117	1581	0.1725
\TheName{}-3.0	83	177	23	117	1584	0.1725
SVM	90	182	18	110	1	0.005
LR	0	200	0	200	0	0.005
Ye-LDA	88	169	31	112	94	0.005
DTree-10	89	159	41	111	1	0.005
DTree-20	89	159	41	111	1	0.005
RFC-50	37	192	8	163	5	0.005
RFC-100	43	190	10	157	6	0.0075
NLSVM-0.1	200	3	197	0	0	0.02
NLSVM-1.0	102	133	67	98	0	0.0175
NLSVM-10	38	198	2	162	0	0.015
LDA	131	157	43	69	377	0.385
SDA-0.5	99	176	24	101	1637	0.1725
SDA-1.0	98	176	24	102	1549	0.1825
SDA-1.5	98	176	24	102	1612	0.1825
SDA-2.0	98	175	25	102	1555	0.17
SDA-2.5	98	176	24	102	1571	0.17
SDA-3.0	98	176	24	102	1696	0.1875
\TheName{}-0.5	166	102	98	34	1633	0.1725
\TheName{}-1.0	124	172	28	76	1524	0.175
\TheName{}-1.5	107	173	27	93	1667	0.18
\TheName{}-2.0	106	174	26	94	1644	0.1875
\TheName{}-2.5	102	174	26	98	1605	0.175
\TheName{}-3.0	100	175	25	100	1641	0.19
SVM	159	128	72	41	1	0.005
LR	200	0	200	0	2	0.005
Ye-LDA	144	147	53	56	97	0.0025
DTree-10	74	169	31	126	2	0.0
DTree-20	81	168	32	119	3	0.0
RFC-50	66	187	13	134	4	0.0025
RFC-100	57	193	7	143	9	0.01
NLSVM-0.1	200	7	193	0	0	0.02
NLSVM-1.0	190	43	157	10	0	0.015
NLSVM-10	70	190	10	130	1	0.015
LDA	110	154	46	90	241	0.2125
SDA-0.5	44	198	2	156	1694	0.1775
SDA-1.0	43	198	2	157	1639	0.175
SDA-1.5	43	199	1	157	1577	0.2
SDA-2.0	43	199	1	157	1554	0.17
SDA-2.5	43	199	1	157	1569	0.175
SDA-3.0	43	199	1	157	1562	0.1725
\TheName{}-0.5	120	144	56	80	1590	0.175
\TheName{}-1.0	89	187	13	111	1586	0.17
\TheName{}-1.5	76	194	6	124	1835	0.175
\TheName{}-2.0	63	195	5	137	1624	0.175
\TheName{}-2.5	56	196	4	144	1701	0.175
\TheName{}-3.0	55	197	3	145	1690	0.1775
SVM	118	159	41	82	0	0.0075
LR	200	0	200	0	0	0.005
Ye-LDA	77	186	14	123	86	0.005
DTree-10	109	146	54	91	12	0.0025
DTree-20	111	146	54	89	2	0.005
RFC-50	34	196	4	166	4	0.005
RFC-100	37	193	7	163	7	0.01
NLSVM-0.1	200	8	192	0	0	0.02
NLSVM-1.0	140	99	101	60	0	0.0175
NLSVM-10	0	200	0	200	0	0.015
LDA	168	126	74	32	309	0.4425
SDA-0.5	171	135	65	29	1634	0.1775
SDA-1.0	170	134	66	30	1512	0.1725
SDA-1.5	170	134	66	30	1537	0.1875
SDA-2.0	170	134	66	30	1523	0.175
SDA-2.5	170	135	65	30	1460	0.175
SDA-3.0	169	136	64	31	1524	0.1775
\TheName{}-0.5	166	133	67	34	1604	0.175
\TheName{}-1.0	172	137	63	28	1575	0.175
\TheName{}-1.5	170	135	65	30	1673	0.175
\TheName{}-2.0	170	135	65	30	1480	0.1725
\TheName{}-2.5	170	134	66	30	1528	0.175
\TheName{}-3.0	170	136	64	30	1525	0.175
SVM	159	141	59	41	1	0.005
LR	0	200	0	200	1	0.0025
Ye-LDA	156	137	63	44	90	0.005
DTree-10	69	174	26	131	2	0.005
DTree-20	93	162	38	107	13	0.005
RFC-50	67	176	24	133	3	0.01
RFC-100	74	176	24	126	6	0.01
NLSVM-0.1	200	4	196	0	1	0.02
NLSVM-1.0	34	169	31	166	0	0.0175
NLSVM-10	39	196	4	161	1	0.015
LDA	132	155	45	68	253	0.2625
SDA-0.5	121	173	27	79	1513	0.1725
SDA-1.0	118	172	28	82	1395	0.1725
SDA-1.5	118	171	29	82	1477	0.1775
SDA-2.0	117	171	29	83	1589	0.175
SDA-2.5	117	170	30	83	1446	0.1675
SDA-3.0	117	170	30	83	1523	0.1625
\TheName{}-0.5	131	156	44	69	1537	0.1825
\TheName{}-1.0	122	171	29	78	1650	0.17
\TheName{}-1.5	119	171	29	81	1598	0.1725
\TheName{}-2.0	119	171	29	81	1602	0.17
\TheName{}-2.5	119	170	30	81	1669	0.2
\TheName{}-3.0	119	170	30	81	1517	0.175
SVM	135	151	49	65	1	0.005
LR	0	200	0	200	0	0.005
Ye-LDA	116	161	39	84	94	0.005
DTree-10	97	132	68	103	3	0.0025
DTree-20	97	132	68	103	2	0.0025
RFC-50	67	185	15	133	3	0.005
RFC-100	66	175	25	134	12	0.01
NLSVM-0.1	200	4	196	0	0	0.02
NLSVM-1.0	160	89	111	40	0	0.0175
NLSVM-10	61	192	8	139	0	0.015
LDA	157	128	72	43	280	0.3775
SDA-0.5	110	179	21	90	1525	0.175
SDA-1.0	108	178	22	92	1553	0.18
SDA-1.5	107	178	22	93	1480	0.1775
SDA-2.0	107	177	23	93	1539	0.1725
SDA-2.5	106	177	23	94	1548	0.19
SDA-3.0	106	177	23	94	1557	0.1725
\TheName{}-0.5	115	69	131	85	1729	0.1775
\TheName{}-1.0	132	178	22	68	1722	0.17
\TheName{}-1.5	120	179	21	80	1634	0.175
\TheName{}-2.0	116	179	21	84	1630	0.1775
\TheName{}-2.5	113	178	22	87	1684	0.175
\TheName{}-3.0	111	178	22	89	1777	0.2675
SVM	153	143	57	47	1	0.005
LR	200	0	200	0	0	0.0075
Ye-LDA	132	170	30	68	99	0.005
DTree-10	71	181	19	129	2	0.0025
DTree-20	90	167	33	110	22	0.005
RFC-50	36	195	5	164	3	0.005
RFC-100	22	198	2	178	6	0.0075
NLSVM-0.1	200	13	187	0	1	0.0325
NLSVM-1.0	4	199	1	196	0	0.015
NLSVM-10	200	0	200	0	1	0.015
LDA	139	156	44	61	284	0.3025
SDA-0.5	107	174	26	93	1527	0.17
SDA-1.0	106	174	26	94	1552	0.165
SDA-1.5	107	175	25	93	1594	0.165
SDA-2.0	107	174	26	93	1615	0.1775
SDA-2.5	107	175	25	93	1635	0.1725
SDA-3.0	107	175	25	93	1491	0.175
\TheName{}-0.5	111	63	137	89	1654	0.175
\TheName{}-1.0	131	182	18	69	1650	0.175
\TheName{}-1.5	115	177	23	85	1509	0.1775
\TheName{}-2.0	110	177	23	90	1550	0.1725
\TheName{}-2.5	108	178	22	92	1576	0.175
\TheName{}-3.0	108	178	22	92	1564	0.175
SVM	155	154	46	45	0	0.005
LR	0	200	0	200	1	0.005
Ye-LDA	86	171	29	114	93	0.005
DTree-10	95	167	33	105	12	0.005
DTree-20	95	167	33	105	11	0.0025
RFC-50	60	191	9	140	6	0.005
RFC-100	46	193	7	154	5	0.0075
NLSVM-0.1	199	3	197	1	0	0.035
NLSVM-1.0	19	196	4	181	0	0.015
NLSVM-10	198	51	149	2	0	0.02
LDA	164	140	60	36	323	0.21
SDA-0.5	174	157	43	26	1480	0.1725
SDA-1.0	173	157	43	27	1602	0.1675
SDA-1.5	173	157	43	27	1613	0.1725
SDA-2.0	173	157	43	27	1568	0.17
SDA-2.5	173	157	43	27	1536	0.17
SDA-3.0	173	157	43	27	1628	0.1875
\TheName{}-0.5	161	155	45	39	1600	0.1775
\TheName{}-1.0	176	153	47	24	1703	0.1775
\TheName{}-1.5	176	155	45	24	1656	0.18
\TheName{}-2.0	176	155	45	24	1630	0.1725
\TheName{}-2.5	176	156	44	24	1681	0.1825
\TheName{}-3.0	175	156	44	25	1580	0.175
SVM	165	140	60	35	0	0.0075
LR	0	200	0	200	0	0.005
Ye-LDA	148	174	26	52	94	0.005
DTree-10	123	100	100	77	1	0.005
DTree-20	120	105	95	80	2	0.005
RFC-50	21	199	1	179	5	0.0075
RFC-100	19	200	0	181	6	0.0075
NLSVM-0.1	200	9	191	0	0	0.02
NLSVM-1.0	8	200	0	192	0	0.0175
NLSVM-10	96	190	10	104	0	0.015
LDA	162	123	77	38	366	0.475
SDA-0.5	126	162	38	74	1577	0.165
SDA-1.0	126	162	38	74	1521	0.1725
SDA-1.5	126	162	38	74	1601	0.1925
SDA-2.0	126	162	38	74	1470	0.1725
SDA-2.5	126	162	38	74	1439	0.175
SDA-3.0	126	162	38	74	1456	0.1725
\TheName{}-0.5	156	124	76	44	1520	0.1775
\TheName{}-1.0	155	153	47	45	1508	0.1725
\TheName{}-1.5	149	158	42	51	1539	0.17
\TheName{}-2.0	141	158	42	59	1672	0.17
\TheName{}-2.5	136	158	42	64	1636	0.185
\TheName{}-3.0	135	159	41	65	1556	0.18
SVM	156	141	59	44	1	0.005
LR	0	200	0	200	0	0.0075
Ye-LDA	110	167	33	90	92	0.005
DTree-10	96	165	35	104	2	0.0125
DTree-20	123	140	60	77	3	0.005
RFC-50	26	196	4	174	3	0.005
RFC-100	46	190	10	154	7	0.01
NLSVM-0.1	200	12	188	0	1	0.02
NLSVM-1.0	200	28	172	0	1	0.015
NLSVM-10	54	194	6	146	1	0.0175
LDA	152	132	68	48	278	0.275
SDA-0.5	151	162	38	49	1575	0.1725
SDA-1.0	146	161	39	54	1593	0.2225
SDA-1.5	146	160	40	54	1712	0.1725
SDA-2.0	146	160	40	54	1617	0.1875
SDA-2.5	146	160	40	54	1400	0.17
SDA-3.0	146	160	40	54	1638	0.175
\TheName{}-0.5	163	148	52	37	1778	0.175
\TheName{}-1.0	155	167	33	45	1632	0.175
\TheName{}-1.5	150	164	36	50	1608	0.1775
\TheName{}-2.0	148	164	36	52	1634	0.17
\TheName{}-2.5	148	162	38	52	1695	0.17
\TheName{}-3.0	148	162	38	52	1730	0.195
SVM	162	148	52	38	1	0.005
LR	0	200	0	200	1	0.005
Ye-LDA	119	172	28	81	94	0.0025
DTree-10	104	150	50	96	12	0.005
DTree-20	104	150	50	96	2	0.005
RFC-50	102	149	51	98	6	0.0075
RFC-100	101	149	51	99	7	0.0075
NLSVM-0.1	200	13	187	0	1	0.02
NLSVM-1.0	169	83	117	31	0	0.0175
NLSVM-10	0	200	0	200	0	0.015
LDA	148	128	72	52	328	0.32
SDA-0.5	110	174	26	90	1520	0.175
SDA-1.0	109	173	27	91	1538	0.1725
SDA-1.5	109	172	28	91	1523	0.19
SDA-2.0	109	172	28	91	1534	0.17
SDA-2.5	109	172	28	91	1510	0.1875
SDA-3.0	109	172	28	91	1457	0.1725
\TheName{}-0.5	115	33	167	85	1694	0.17
\TheName{}-1.0	143	77	123	57	1556	0.175
\TheName{}-1.5	155	150	50	45	1596	0.175
\TheName{}-2.0	135	164	36	65	1532	0.1875
\TheName{}-2.5	128	169	31	72	1658	0.1725
\TheName{}-3.0	121	173	27	79	1593	0.18
SVM	153	129	71	47	1	0.005
LR	0	200	0	200	0	0.005
Ye-LDA	104	165	35	96	92	0.005
DTree-10	137	123	77	63	1	0.005
DTree-20	137	123	77	63	2	0.005
RFC-50	58	187	13	142	3	0.005
RFC-100	55	187	13	145	6	0.01
NLSVM-0.1	200	8	192	0	0	0.02
NLSVM-1.0	175	78	122	25	0	0.015
NLSVM-10	200	23	177	0	1	0.015
LDA	104	170	30	96	416	0.32
SDA-0.5	148	176	24	52	1516	0.17
SDA-1.0	148	175	25	52	1539	0.1775
SDA-1.5	143	175	25	57	1548	0.1975
SDA-2.0	143	175	25	57	1517	0.175
SDA-2.5	141	175	25	59	1593	0.175
SDA-3.0	140	175	25	60	1583	0.17
\TheName{}-0.5	139	176	24	61	1555	0.175
\TheName{}-1.0	137	173	27	63	1601	0.1925
\TheName{}-1.5	139	174	26	61	1580	0.1825
\TheName{}-2.0	139	173	27	61	1495	0.175
\TheName{}-2.5	139	173	27	61	1578	0.175
\TheName{}-3.0	139	173	27	61	1548	0.195
SVM	128	162	38	72	0	0.0075
LR	0	200	0	200	0	0.005
Ye-LDA	115	173	27	85	96	0.005
DTree-10	112	165	35	88	1	0.005
DTree-20	112	165	35	88	2	0.0025
RFC-50	42	194	6	158	4	0.0075
RFC-100	43	193	7	157	6	0.01
NLSVM-0.1	200	12	188	0	0	0.0225
NLSVM-1.0	180	64	136	20	0	0.015
NLSVM-10	0	200	0	200	1	0.015
LDA	137	153	47	63	288	0.2725
SDA-0.5	128	169	31	72	1523	0.175
SDA-1.0	126	170	30	74	1415	0.1775
SDA-1.5	125	170	30	75	1564	0.175
SDA-2.0	125	168	32	75	1510	0.1725
SDA-2.5	125	168	32	75	1418	0.17
SDA-3.0	125	168	32	75	1482	0.1725
\TheName{}-0.5	139	141	59	61	1680	0.1775
\TheName{}-1.0	136	174	26	64	1591	0.175
\TheName{}-1.5	134	172	28	66	1595	0.1725
\TheName{}-2.0	125	170	30	75	1681	0.1925
\TheName{}-2.5	126	170	30	74	1628	0.1775
\TheName{}-3.0	125	168	32	75	1550	0.1725
SVM	138	152	48	62	0	0.005
LR	0	200	0	200	1	0.0025
Ye-LDA	89	168	32	111	92	0.005
DTree-10	90	166	34	110	1	0.005
DTree-20	111	154	46	89	2	0.005
RFC-50	51	186	14	149	4	0.005
RFC-100	51	181	19	149	8	0.0075
NLSVM-0.1	200	2	198	0	1	0.0175
NLSVM-1.0	4	199	1	196	1	0.015
NLSVM-10	0	200	0	200	0	0.015
LDA	144	134	66	56	365	0.2575
SDA-0.5	148	176	24	52	1599	0.1725
SDA-1.0	149	176	24	51	1435	0.17
SDA-1.5	149	174	26	51	1653	0.175
SDA-2.0	149	172	28	51	1536	0.175
SDA-2.5	153	171	29	47	1567	0.175
SDA-3.0	153	171	29	47	1591	0.1725
\TheName{}-0.5	135	174	26	65	1736	0.175
\TheName{}-1.0	149	175	25	51	1734	0.175
\TheName{}-1.5	149	172	28	51	1634	0.18
\TheName{}-2.0	149	171	29	51	1659	0.18
\TheName{}-2.5	149	171	29	51	1540	0.1775
\TheName{}-3.0	149	171	29	51	1620	0.1725
SVM	136	160	40	64	1	0.005
LR	0	200	0	200	0	0.005
Ye-LDA	100	182	18	100	92	0.005
DTree-10	82	182	18	118	2	0.005
DTree-20	82	182	18	118	1	0.005
RFC-50	44	187	13	156	3	0.005
RFC-100	42	191	9	158	7	0.0075
NLSVM-0.1	1	200	0	199	0	0.02
NLSVM-1.0	196	33	167	4	0	0.0175
NLSVM-10	176	134	66	24	0	0.015
LDA	147	165	35	53	389	0.2675
SDA-0.5	129	180	20	71	1536	0.1775
SDA-1.0	129	180	20	71	1697	0.175
SDA-1.5	129	179	21	71	1631	0.1725
SDA-2.0	129	178	22	71	1633	0.1725
SDA-2.5	129	178	22	71	1566	0.1725
SDA-3.0	129	178	22	71	1632	0.2
\TheName{}-0.5	141	181	19	59	1654	0.175
\TheName{}-1.0	139	181	19	61	1676	0.1725
\TheName{}-1.5	132	181	19	68	1613	0.175
\TheName{}-2.0	131	181	19	69	1629	0.175
\TheName{}-2.5	131	181	19	69	1664	0.1725
\TheName{}-3.0	130	181	19	70	1620	0.1825
SVM	146	161	39	54	1	0.005
LR	200	0	200	0	0	0.005
Ye-LDA	157	159	41	43	91	0.0025
DTree-10	83	161	39	117	2	0.005
DTree-20	93	155	45	107	2	0.0025
RFC-50	30	193	7	170	6	0.005
RFC-100	31	192	8	169	6	0.0075
NLSVM-0.1	200	2	198	0	1	0.0175
NLSVM-1.0	136	121	79	64	1	0.015
NLSVM-10	136	180	20	64	0	0.015
LDA	161	112	88	39	400	0.3
SDA-0.5	111	181	19	89	1459	0.1825
SDA-1.0	110	179	21	90	1607	0.175
SDA-1.5	110	179	21	90	1618	0.17
SDA-2.0	111	179	21	89	1546	0.1725
SDA-2.5	110	179	21	90	1481	0.17
SDA-3.0	110	179	21	90	1613	0.18
\TheName{}-0.5	127	49	151	73	1611	0.175
\TheName{}-1.0	157	166	34	43	1618	0.1675
\TheName{}-1.5	133	180	20	67	1670	0.1875
\TheName{}-2.0	126	178	22	74	1660	0.1725
\TheName{}-2.5	121	180	20	79	1646	0.17
\TheName{}-3.0	120	180	20	80	1722	0.18
SVM	172	131	69	28	1	0.005
LR	0	200	0	200	0	0.01
Ye-LDA	108	179	21	92	99	0.005
DTree-10	124	136	64	76	2	0.005
DTree-20	129	135	65	71	2	0.005
RFC-50	47	187	13	153	4	0.005
RFC-100	44	191	9	156	8	0.01
NLSVM-0.1	199	8	192	1	0	0.0225
NLSVM-1.0	5	198	2	195	0	0.0225
NLSVM-10	0	200	0	200	1	0.0175
LDA	169	127	73	31	314	0.335
SDA-0.5	97	188	12	103	1590	0.175
SDA-1.0	97	188	12	103	1539	0.1725
SDA-1.5	97	188	12	103	1689	0.1825
SDA-2.0	96	187	13	104	1514	0.1775
SDA-2.5	96	186	14	104	1594	0.175
SDA-3.0	96	186	14	104	1710	0.1775
\TheName{}-0.5	136	33	167	64	1734	0.1775
\TheName{}-1.0	178	137	63	22	1732	0.2025
\TheName{}-1.5	128	179	21	72	1672	0.1725
\TheName{}-2.0	116	182	18	84	1642	0.175
\TheName{}-2.5	108	184	16	92	1723	0.17
\TheName{}-3.0	104	184	16	96	1583	0.175
SVM	169	141	59	31	1	0.005
LR	0	200	0	200	0	0.0125
Ye-LDA	96	181	19	104	95	0.005
DTree-10	86	166	34	114	2	0.0025
DTree-20	96	159	41	104	2	0.005
RFC-50	55	186	14	145	6	0.005
RFC-100	58	188	12	142	7	0.01
NLSVM-0.1	122	98	102	78	0	0.02
NLSVM-1.0	200	40	160	0	1	0.015
NLSVM-10	3	200	0	197	0	0.015
LDA	123	120	80	77	320	0.2425
SDA-0.5	146	175	25	54	1526	0.1725
SDA-1.0	145	175	25	55	1420	0.175
SDA-1.5	142	175	25	58	1516	0.1775
SDA-2.0	140	175	25	60	1489	0.18
SDA-2.5	135	175	25	65	1697	0.165
SDA-3.0	135	175	25	65	1567	0.165
\TheName{}-0.5	156	133	67	44	1660	0.1725
\TheName{}-1.0	168	170	30	32	1602	0.17
\TheName{}-1.5	167	173	27	33	1594	0.175
\TheName{}-2.0	159	173	27	41	1542	0.17
\TheName{}-2.5	156	175	25	44	1494	0.1725
\TheName{}-3.0	156	175	25	44	1499	0.18
SVM	136	146	54	64	1	0.0075
LR	200	0	200	0	1	0.005
Ye-LDA	177	107	93	23	86	0.005
DTree-10	69	152	48	131	2	0.005
DTree-20	95	151	49	105	2	0.005
RFC-50	32	199	1	168	3	0.005
RFC-100	49	196	4	151	12	0.01
NLSVM-0.1	200	2	198	0	0	0.02
NLSVM-1.0	57	141	59	143	0	0.0175
NLSVM-10	0	200	0	200	0	0.015
LDA	177	121	79	23	282	0.5
SDA-0.5	151	173	27	49	1666	0.1725
SDA-1.0	150	173	27	50	1481	0.17
SDA-1.5	150	173	27	50	1594	0.17
SDA-2.0	149	173	27	51	1677	0.1775
SDA-2.5	148	173	27	52	1553	0.1775
SDA-3.0	148	173	27	52	1681	0.1775
\TheName{}-0.5	160	160	40	40	1647	0.185
\TheName{}-1.0	153	167	33	47	1626	0.1725
\TheName{}-1.5	153	168	32	47	1691	0.175
\TheName{}-2.0	152	171	29	48	1574	0.175
\TheName{}-2.5	152	171	29	48	1641	0.175
\TheName{}-3.0	152	171	29	48	1595	0.1725
SVM	183	125	75	17	1	0.005
LR	0	200	0	200	0	0.005
Ye-LDA	108	178	22	92	97	0.005
DTree-10	78	171	29	122	33	0.005
DTree-20	83	170	30	117	2	0.005
RFC-50	48	191	9	152	3	0.0075
RFC-100	55	185	15	145	6	0.0075
NLSVM-0.1	200	7	193	0	1	0.0175
NLSVM-1.0	200	23	177	0	1	0.015
NLSVM-10	86	194	6	114	0	0.015
LDA	161	132	68	39	358	0.23
SDA-0.5	195	67	133	5	1604	0.1725
SDA-1.0	195	69	131	5	1603	0.1725
SDA-1.5	195	69	131	5	1467	0.1725
SDA-2.0	195	69	131	5	1506	0.1925
SDA-2.5	195	69	131	5	1569	0.175
SDA-3.0	195	69	131	5	1511	0.175
\TheName{}-0.5	47	190	10	153	1563	0.19
\TheName{}-1.0	171	135	65	29	1631	0.1775
\TheName{}-1.5	190	112	88	10	1669	0.175
\TheName{}-2.0	192	92	108	8	1624	0.175
\TheName{}-2.5	192	86	114	8	1535	0.1725
\TheName{}-3.0	192	84	116	8	1645	0.18
SVM	163	132	68	37	1	0.005
LR	0	200	0	200	0	0.005
Ye-LDA	191	92	108	9	91	0.005
DTree-10	145	100	100	55	3	0.0025
DTree-20	130	114	86	70	2	0.005
RFC-50	81	168	32	119	3	0.005
RFC-100	73	169	31	127	24	0.0075
NLSVM-0.1	1	200	0	199	0	0.02
NLSVM-1.0	199	29	171	1	1	0.015
NLSVM-10	200	2	198	0	0	0.015
LDA	127	142	58	73	292	0.1875
SDA-0.5	131	183	17	69	1640	0.1825
SDA-1.0	130	181	19	70	1590	0.175
SDA-1.5	130	181	19	70	1560	0.1775
SDA-2.0	130	181	19	70	1623	0.17
SDA-2.5	130	181	19	70	1571	0.235
SDA-3.0	130	181	19	70	1481	0.1725
\TheName{}-0.5	124	70	130	76	1580	0.1725
\TheName{}-1.0	168	153	47	32	1567	0.17
\TheName{}-1.5	153	178	22	47	1776	0.17
\TheName{}-2.0	143	181	19	57	1655	0.175
\TheName{}-2.5	138	182	18	62	1673	0.1825
\TheName{}-3.0	134	182	18	66	1585	0.175
SVM	155	142	58	45	1	0.005
LR	0	200	0	200	0	0.005
Ye-LDA	106	174	26	94	96	0.005
DTree-10	71	182	18	129	12	0.0025
DTree-20	71	182	18	129	2	0.005
RFC-50	40	189	11	160	3	0.0075
RFC-100	47	185	15	153	7	0.01
NLSVM-0.1	0	200	0	200	0	0.0225
NLSVM-1.0	46	176	24	154	0	0.0175
NLSVM-10	42	196	4	158	1	0.015
LDA	175	121	79	25	273	0.3175
SDA-0.5	159	155	45	41	1554	0.165
SDA-1.0	160	156	44	40	1538	0.2675
SDA-1.5	160	155	45	40	1619	0.1875
SDA-2.0	160	155	45	40	1516	0.18
SDA-2.5	160	155	45	40	1454	0.1775
SDA-3.0	160	155	45	40	1616	0.1775
\TheName{}-0.5	141	63	137	59	1623	0.18
\TheName{}-1.0	183	118	82	17	1622	0.1775
\TheName{}-1.5	182	124	76	18	1595	0.1775
\TheName{}-2.0	182	131	69	18	1602	0.1725
\TheName{}-2.5	179	139	61	21	1638	0.1825
\TheName{}-3.0	178	142	58	22	1699	0.1825
SVM	173	125	75	27	1	0.005
LR	0	200	0	200	1	0.01
Ye-LDA	147	134	66	53	93	0.005
DTree-10	165	105	95	35	2	0.005
DTree-20	165	105	95	35	1	0.005
RFC-50	96	154	46	104	3	0.0075
RFC-100	85	164	36	115	14	0.0125
NLSVM-0.1	0	200	0	200	1	0.02
NLSVM-1.0	199	33	167	1	0	0.0175
NLSVM-10	0	200	0	200	0	0.02
LDA	170	131	69	30	336	0.2775
SDA-0.5	185	134	66	15	1480	0.1775
SDA-1.0	185	134	66	15	1589	0.1725
SDA-1.5	185	134	66	15	1633	0.17
SDA-2.0	185	134	66	15	1564	0.185
SDA-2.5	185	134	66	15	1560	0.1725
SDA-3.0	184	137	63	16	1549	0.175
\TheName{}-0.5	175	150	50	25	1578	0.1775
\TheName{}-1.0	182	140	60	18	1641	0.1775
\TheName{}-1.5	183	138	62	17	1753	0.17
\TheName{}-2.0	183	138	62	17	1593	0.175
\TheName{}-2.5	183	137	63	17	1618	0.185
\TheName{}-3.0	183	137	63	17	1496	0.175
SVM	172	151	49	28	1	0.0025
LR	200	0	200	0	1	0.0025
Ye-LDA	178	96	104	22	98	0.0025
DTree-10	101	155	45	99	1	0.0025
DTree-20	109	137	63	91	3	0.0025
RFC-50	85	178	22	115	4	0.0025
RFC-100	72	189	11	128	9	0.0075
NLSVM-0.1	112	111	89	88	1	0.02
NLSVM-1.0	20	190	10	180	0	0.015
NLSVM-10	198	72	128	2	0	0.015
LDA	142	165	35	58	348	0.3325
SDA-0.5	149	165	35	51	1534	0.175
SDA-1.0	147	165	35	53	1532	0.1875
SDA-1.5	147	164	36	53	1631	0.1825
SDA-2.0	147	163	37	53	1536	0.175
SDA-2.5	147	163	37	53	1602	0.175
SDA-3.0	147	163	37	53	1809	0.2275
\TheName{}-0.5	165	109	91	35	1664	0.1725
\TheName{}-1.0	168	161	39	32	1789	0.17
\TheName{}-1.5	157	162	38	43	1751	0.1725
\TheName{}-2.0	153	162	38	47	1758	0.1725
\TheName{}-2.5	152	163	37	48	1619	0.1825
\TheName{}-3.0	149	162	38	51	1709	0.1825
SVM	148	162	38	52	0	0.005
LR	0	200	0	200	1	0.0025
Ye-LDA	125	172	28	75	95	0.005
DTree-10	105	154	46	95	2	0.0025
DTree-20	109	141	59	91	2	0.005
RFC-50	56	191	9	144	3	0.005
RFC-100	41	197	3	159	11	0.0075
NLSVM-0.1	0	200	0	200	0	0.02
NLSVM-1.0	155	94	106	45	1	0.015
NLSVM-10	73	191	9	127	0	0.015
LDA	169	120	80	31	289	0.5025
SDA-0.5	187	115	85	13	1634	0.19
SDA-1.0	186	113	87	14	1533	0.1725
SDA-1.5	186	112	88	14	1665	0.18
SDA-2.0	186	112	88	14	1539	0.17
SDA-2.5	186	112	88	14	1527	0.1975
SDA-3.0	186	112	88	14	1534	0.175
\TheName{}-0.5	125	147	53	75	1629	0.175
\TheName{}-1.0	178	129	71	22	1626	0.175
\TheName{}-1.5	184	122	78	16	1536	0.175
\TheName{}-2.0	188	122	78	12	1729	0.18
\TheName{}-2.5	190	118	82	10	1660	0.175
\TheName{}-3.0	187	118	82	13	1649	0.18
SVM	167	125	75	33	0	0.0075
LR	0	200	0	200	0	0.005
Ye-LDA	180	107	93	20	94	0.0025
DTree-10	89	165	35	111	6	0.005
DTree-20	92	165	35	108	2	0.005
RFC-50	34	191	9	166	6	0.0075
RFC-100	37	193	7	163	12	0.01
NLSVM-0.1	200	5	195	0	0	0.025
NLSVM-1.0	21	185	15	179	0	0.02
NLSVM-10	200	20	180	0	0	0.015
LDA	128	163	37	72	285	0.2625
SDA-0.5	113	150	50	87	1528	0.17
SDA-1.0	113	150	50	87	1591	0.1775
SDA-1.5	112	150	50	88	1504	0.175
SDA-2.0	112	150	50	88	1499	0.1725
SDA-2.5	112	150	50	88	1558	0.175
SDA-3.0	112	150	50	88	1588	0.175
\TheName{}-0.5	79	75	125	121	1714	0.1725
\TheName{}-1.0	83	179	21	117	1639	0.1725
\TheName{}-1.5	98	165	35	102	1634	0.1725
\TheName{}-2.0	106	158	42	94	1616	0.185
\TheName{}-2.5	109	153	47	91	1665	0.1775
\TheName{}-3.0	110	154	46	90	1618	0.1725
SVM	139	156	44	61	0	0.005
LR	200	0	200	0	1	0.0025
Ye-LDA	114	153	47	86	95	0.015
DTree-10	82	158	42	118	1	0.0125
DTree-20	82	158	42	118	12	0.0125
RFC-50	56	176	24	144	4	0.0125
RFC-100	55	176	24	145	9	0.01
NLSVM-0.1	200	14	186	0	0	0.025
NLSVM-1.0	186	53	147	14	0	0.015
NLSVM-10	200	7	193	0	0	0.0125
LDA	168	115	85	32	265	0.2425
SDA-0.5	187	117	83	13	1501	0.175
SDA-1.0	187	115	85	13	1542	0.18
SDA-1.5	187	114	86	13	1528	0.1725
SDA-2.0	188	114	86	12	1575	0.1725
SDA-2.5	188	113	87	12	1491	0.1725
SDA-3.0	188	113	87	12	1516	0.1725
\TheName{}-0.5	179	128	72	21	1612	0.1725
\TheName{}-1.0	188	119	81	12	1600	0.17
\TheName{}-1.5	188	117	83	12	1681	0.1725
\TheName{}-2.0	188	116	84	12	1659	0.17
\TheName{}-2.5	188	114	86	12	1606	0.1725
\TheName{}-3.0	188	113	87	12	1658	0.175
SVM	175	117	83	25	1	0.005
LR	200	0	200	0	0	0.005
Ye-LDA	187	101	99	13	92	0.005
DTree-10	188	75	125	12	6	0.0025
DTree-20	125	137	63	75	34	0.005
RFC-50	196	54	146	4	3	0.0075
RFC-100	198	47	153	2	10	0.0075
NLSVM-0.1	0	200	0	200	1	0.0175
NLSVM-1.0	46	162	38	154	0	0.015
NLSVM-10	198	38	162	2	0	0.015
LDA	127	167	33	73	322	0.2775
SDA-0.5	109	180	20	91	1599	0.175
SDA-1.0	106	180	20	94	1528	0.1725
SDA-1.5	105	181	19	95	1484	0.1725
SDA-2.0	105	181	19	95	1524	0.1725
SDA-2.5	105	181	19	95	1578	0.185
SDA-3.0	105	181	19	95	1506	0.1775
\TheName{}-0.5	136	95	105	64	1636	0.1725
\TheName{}-1.0	125	181	19	75	1542	0.185
\TheName{}-1.5	120	184	16	80	1713	0.175
\TheName{}-2.0	119	183	17	81	1596	0.175
\TheName{}-2.5	116	182	18	84	1723	0.17
\TheName{}-3.0	113	182	18	87	1738	0.175
SVM	130	159	41	70	1	0.005
LR	0	200	0	200	0	0.005
Ye-LDA	105	179	21	95	99	0.005
DTree-10	110	153	47	90	2	0.005
DTree-20	112	152	48	88	20	0.005
RFC-50	46	187	13	154	3	0.005
RFC-100	58	185	15	142	14	0.0125
NLSVM-0.1	200	11	189	0	0	0.02
NLSVM-1.0	174	46	154	26	1	0.015
NLSVM-10	32	199	1	168	0	0.015
LDA	178	96	104	22	303	0.3175
SDA-0.5	168	154	46	32	1604	0.175
SDA-1.0	166	154	46	34	1554	0.175
SDA-1.5	165	155	45	35	1496	0.1725
SDA-2.0	165	156	44	35	1570	0.175
SDA-2.5	165	156	44	35	1549	0.1775
SDA-3.0	163	157	43	37	1451	0.1725
\TheName{}-0.5	163	112	88	37	1656	0.1725
\TheName{}-1.0	178	139	61	22	1580	0.17
\TheName{}-1.5	170	147	53	30	1699	0.1725
\TheName{}-2.0	166	151	49	34	1623	0.2075
\TheName{}-2.5	165	151	49	35	1642	0.17
\TheName{}-3.0	165	152	48	35	1592	0.175
SVM	148	127	73	52	1	0.005
LR	0	200	0	200	0	0.005
Ye-LDA	144	169	31	56	95	0.005
DTree-10	76	163	37	124	2	0.0025
DTree-20	92	158	42	108	8	0.005
RFC-50	95	149	51	105	6	0.005
RFC-100	64	180	20	136	10	0.01
NLSVM-0.1	200	9	191	0	0	0.02
NLSVM-1.0	200	17	183	0	0	0.015
NLSVM-10	97	189	11	103	1	0.015
LDA	151	137	63	49	275	0.3725
SDA-0.5	112	182	18	88	1600	0.18
SDA-1.0	110	181	19	90	1477	0.1875
SDA-1.5	110	181	19	90	1469	0.1725
SDA-2.0	110	181	19	90	1500	0.17
SDA-2.5	108	181	19	92	1505	0.185
SDA-3.0	108	181	19	92	1565	0.18
\TheName{}-0.5	120	97	103	80	1632	0.1775
\TheName{}-1.0	138	184	16	62	1627	0.17
\TheName{}-1.5	130	183	17	70	1644	0.1725
\TheName{}-2.0	122	182	18	78	1686	0.1725
\TheName{}-2.5	117	180	20	83	1553	0.1775
\TheName{}-3.0	115	181	19	85	1621	0.175
SVM	141	170	30	59	1	0.005
LR	0	200	0	200	0	0.0075
Ye-LDA	95	187	13	105	92	0.005
DTree-10	78	165	35	122	12	0.005
DTree-20	115	143	57	85	4	0.005
RFC-50	45	186	14	155	4	0.005
RFC-100	58	184	16	142	15	0.01
NLSVM-0.1	199	2	198	1	0	0.02
NLSVM-1.0	196	21	179	4	0	0.015
NLSVM-10	200	0	200	0	1	0.0125
LDA	148	125	75	52	307	0.2225
SDA-0.5	115	175	25	85	1550	0.1825
SDA-1.0	111	176	24	89	1588	0.175
SDA-1.5	107	176	24	93	1501	0.175
SDA-2.0	107	175	25	93	1530	0.1725
SDA-2.5	107	175	25	93	1590	0.1775
SDA-3.0	107	175	25	93	1518	0.1775
\TheName{}-0.5	150	119	81	50	1604	0.18
\TheName{}-1.0	144	167	33	56	1576	0.1725
\TheName{}-1.5	128	171	29	72	1724	0.1725
\TheName{}-2.0	123	174	26	77	1608	0.1725
\TheName{}-2.5	119	175	25	81	1619	0.17
\TheName{}-3.0	119	175	25	81	1616	0.1775
SVM	157	132	68	43	1	0.005
LR	0	200	0	200	0	0.005
Ye-LDA	94	174	26	106	93	0.0025
DTree-10	158	85	115	42	11	0.0025
DTree-20	86	156	44	114	3	0.005
RFC-50	38	178	22	162	3	0.005
RFC-100	38	180	20	162	7	0.01
NLSVM-0.1	0	199	1	200	0	0.02
NLSVM-1.0	199	15	185	1	1	0.015
NLSVM-10	200	0	200	0	0	0.015
LDA	113	157	43	87	333	0.2575
SDA-0.5	106	181	19	94	1593	0.1775
SDA-1.0	106	181	19	94	1565	0.1775
SDA-1.5	106	181	19	94	1595	0.1725
SDA-2.0	105	181	19	95	1404	0.1775
SDA-2.5	105	181	19	95	1607	0.1875
SDA-3.0	105	181	19	95	1548	0.1775
\TheName{}-0.5	148	72	128	52	1628	0.175
\TheName{}-1.0	131	162	38	69	1646	0.18
\TheName{}-1.5	121	172	28	79	1649	0.1725
\TheName{}-2.0	120	172	28	80	1701	0.1775
\TheName{}-2.5	115	176	24	85	1680	0.175
\TheName{}-3.0	111	178	22	89	1743	0.1725
SVM	123	158	42	77	1	0.005
LR	0	200	0	200	0	0.005
Ye-LDA	93	181	19	107	95	0.0025
DTree-10	95	153	47	105	9	0.005
DTree-20	100	149	51	100	2	0.005
RFC-50	33	197	3	167	3	0.005
RFC-100	34	198	2	166	6	0.0075
NLSVM-0.1	0	200	0	200	0	0.02
NLSVM-1.0	155	82	118	45	1	0.015
NLSVM-10	200	0	200	0	0	0.015
LDA	156	132	68	44	328	0.3
SDA-0.5	101	189	11	99	1596	0.1725
SDA-1.0	101	189	11	99	1608	0.17
SDA-1.5	101	189	11	99	1690	0.1725
SDA-2.0	101	189	11	99	1535	0.1725
SDA-2.5	101	189	11	99	1512	0.1675
SDA-3.0	101	189	11	99	1630	0.1725
\TheName{}-0.5	127	48	152	73	1583	0.1725
\TheName{}-1.0	152	134	66	48	1620	0.1775
\TheName{}-1.5	137	186	14	63	1676	0.27
\TheName{}-2.0	124	188	12	76	1723	0.1825
\TheName{}-2.5	115	189	11	85	1768	0.1775
\TheName{}-3.0	108	189	11	92	1639	0.175
SVM	160	134	66	40	1	0.005
LR	200	0	200	0	0	0.005
Ye-LDA	131	183	17	69	102	0.005
DTree-10	94	169	31	106	13	0.005
DTree-20	99	168	32	101	2	0.0025
RFC-50	57	191	9	143	4	0.005
RFC-100	94	177	23	106	12	0.01
NLSVM-0.1	7	200	0	193	0	0.02
NLSVM-1.0	120	134	66	80	1	0.015
NLSVM-10	1	200	0	199	0	0.015
LDA	108	172	28	92	297	0.335
SDA-0.5	141	171	29	59	1509	0.1725
SDA-1.0	144	171	29	56	1560	0.1675
SDA-1.5	144	170	30	56	1591	0.1725
SDA-2.0	147	168	32	53	1565	0.1725
SDA-2.5	148	167	33	52	1521	0.1725
SDA-3.0	149	167	33	51	1618	0.175
\TheName{}-0.5	148	176	24	52	1629	0.175
\TheName{}-1.0	144	179	21	56	1618	0.1775
\TheName{}-1.5	142	176	24	58	1746	0.1725
\TheName{}-2.0	145	174	26	55	1659	0.1775
\TheName{}-2.5	146	170	30	54	1620	0.1775
\TheName{}-3.0	147	169	31	53	1594	0.175
SVM	133	177	23	67	1	0.005
LR	0	200	0	200	0	0.005
Ye-LDA	107	178	22	93	90	0.0075
DTree-10	77	167	33	123	2	0.005
DTree-20	102	154	46	98	2	0.005
RFC-50	31	199	1	169	3	0.005
RFC-100	54	188	12	146	5	0.0075
NLSVM-0.1	200	17	183	0	1	0.0175
NLSVM-1.0	171	74	126	29	1	0.015
NLSVM-10	152	167	33	48	0	0.0175
LDA	144	141	59	56	365	0.2025
SDA-0.5	128	179	21	72	1535	0.175
SDA-1.0	128	178	22	72	1471	0.1725
SDA-1.5	128	178	22	72	1594	0.18
SDA-2.0	130	178	22	70	1460	0.18
SDA-2.5	130	178	22	70	1600	0.1725
SDA-3.0	130	178	22	70	1525	0.1875
\TheName{}-0.5	146	176	24	54	1572	0.18
\TheName{}-1.0	133	183	17	67	1635	0.175
\TheName{}-1.5	135	182	18	65	1563	0.175
\TheName{}-2.0	134	181	19	66	1657	0.1725
\TheName{}-2.5	132	181	19	68	1530	0.1775
\TheName{}-3.0	129	180	20	71	1611	0.1775
SVM	141	160	40	59	1	0.005
LR	0	200	0	200	0	0.005
Ye-LDA	105	173	27	95	101	0.005
DTree-10	105	156	44	95	2	0.005
DTree-20	105	156	44	95	13	0.005
RFC-50	48	193	7	152	3	0.005
RFC-100	58	186	14	142	13	0.01
NLSVM-0.1	54	188	12	146	1	0.025
NLSVM-1.0	177	61	139	23	0	0.02
NLSVM-10	0	200	0	200	0	0.015
