LDA	170	125	75	30	351	0.2475
SDA-0.5	146	181	19	54	1736	0.1625
SDA-1.0	146	181	19	54	1670	0.1725
SDA-1.5	142	181	19	58	1694	0.1625
SDA-2.0	141	181	19	59	1668	0.165
SDA-2.5	140	181	19	60	1638	0.1725
SDA-3.0	138	179	21	62	1611	0.1625
\TheName{}-0.5	173	152	48	27	1842	0.1625
\TheName{}-1.0	162	180	20	38	1708	0.1725
\TheName{}-1.5	153	181	19	47	1811	0.1625
\TheName{}-2.0	147	180	20	53	1746	0.1725
\TheName{}-2.5	146	179	21	54	1747	0.1625
\TheName{}-3.0	146	179	21	54	1734	0.165
SVM	162	144	56	38	4	0.005
LR	0	200	0	200	1	0.0025
Ye-LDA	150	180	20	50	142	0.005
DTree-10	87	178	22	113	3	0.005
DTree-20	105	171	29	95	5	0.005
RFC-50	93	183	17	107	11	0.01
RFC-100	101	182	18	99	59	0.0225
NLSVM-0.1	200	17	183	0	3	0.05
NLSVM-1.0	200	49	151	0	2	0.04
NLSVM-10	100	189	11	100	2	0.0375
LDA	126	156	44	74	386	0.215
SDA-0.5	115	182	18	85	1674	0.165
SDA-1.0	115	182	18	85	1777	0.165
SDA-1.5	115	180	20	85	1715	0.175
SDA-2.0	114	180	20	86	1715	0.17
SDA-2.5	114	179	21	86	1675	0.1675
SDA-3.0	114	179	21	86	1726	0.1775
\TheName{}-0.5	169	131	69	31	1903	0.1625
\TheName{}-1.0	150	185	15	50	1763	0.175
\TheName{}-1.5	134	184	16	66	1710	0.1625
\TheName{}-2.0	131	182	18	69	1727	0.1625
\TheName{}-2.5	128	180	20	72	1782	0.1625
\TheName{}-3.0	126	180	20	74	1753	0.16
SVM	150	164	36	50	3	0.005
LR	0	200	0	200	1	0.0025
Ye-LDA	138	183	17	62	151	0.0125
DTree-10	84	184	16	116	2	0.015
DTree-20	118	166	34	82	14	0.0025
RFC-50	91	176	24	109	11	0.01
RFC-100	92	177	23	108	70	0.06
NLSVM-0.1	199	23	177	1	2	0.0525
NLSVM-1.0	177	78	122	23	2	0.05
NLSVM-10	21	199	1	179	3	0.085
LDA	161	153	47	39	391	0.2125
SDA-0.5	165	178	22	35	1728	0.1625
SDA-1.0	165	177	23	35	1651	0.165
SDA-1.5	165	177	23	35	1678	0.1825
SDA-2.0	163	178	22	37	1651	0.1625
SDA-2.5	161	178	22	39	1608	0.1625
SDA-3.0	160	178	22	40	1661	0.175
\TheName{}-0.5	167	150	50	33	1877	0.165
\TheName{}-1.0	171	174	26	29	1860	0.1775
\TheName{}-1.5	168	176	24	32	1718	0.1625
\TheName{}-2.0	166	177	23	34	2017	0.1675
\TheName{}-2.5	164	177	23	36	1793	0.25
\TheName{}-3.0	164	177	23	36	1810	0.1625
SVM	166	162	38	34	4	0.005
LR	0	200	0	200	1	0.005
Ye-LDA	135	174	26	65	153	0.0125
DTree-10	72	175	25	128	3	0.005
DTree-20	123	167	33	77	5	0.005
RFC-50	98	181	19	102	34	0.01
RFC-100	96	180	20	104	130	0.0325
NLSVM-0.1	0	200	0	200	4	0.0575
NLSVM-1.0	183	58	142	17	3	0.1525
NLSVM-10	140	186	14	60	4	0.0875
LDA	153	145	55	47	385	0.2525
SDA-0.5	137	172	28	63	1656	0.1625
SDA-1.0	133	172	28	67	1715	0.1625
SDA-1.5	131	172	28	69	1669	0.1725
SDA-2.0	131	172	28	69	1630	0.1625
SDA-2.5	130	172	28	70	1635	0.1625
SDA-3.0	130	172	28	70	1687	0.1725
\TheName{}-0.5	141	117	83	59	1781	0.1675
\TheName{}-1.0	176	166	34	24	1703	0.205
\TheName{}-1.5	160	169	31	40	1794	0.1625
\TheName{}-2.0	156	170	30	44	1748	0.1625
\TheName{}-2.5	151	171	29	49	1746	0.17
\TheName{}-3.0	148	171	29	52	1813	0.1625
SVM	172	160	40	28	3	0.005
LR	0	200	0	200	1	0.0025
Ye-LDA	139	176	24	61	162	0.0775
DTree-10	82	172	28	118	3	0.0775
DTree-20	109	164	36	91	5	0.005
RFC-50	95	174	26	105	12	0.01
RFC-100	92	175	25	108	24	0.025
NLSVM-0.1	2	199	1	198	3	0.05
NLSVM-1.0	200	49	151	0	2	0.0375
NLSVM-10	197	116	84	3	3	0.0325
LDA	166	148	52	34	396	0.4225
SDA-0.5	157	166	34	43	1693	0.175
SDA-1.0	153	165	35	47	1682	0.1675
SDA-1.5	153	166	34	47	1713	0.1675
SDA-2.0	153	166	34	47	1693	0.1675
SDA-2.5	153	166	34	47	1793	0.1675
SDA-3.0	153	166	34	47	1678	0.1625
\TheName{}-0.5	162	140	60	38	1806	0.175
\TheName{}-1.0	175	169	31	25	1796	0.1625
\TheName{}-1.5	164	170	30	36	1700	0.1725
\TheName{}-2.0	160	170	30	40	1734	0.165
\TheName{}-2.5	159	169	31	41	1710	0.165
\TheName{}-3.0	158	168	32	42	1743	0.1725
SVM	163	161	39	37	4	0.005
LR	0	200	0	200	1	0.0025
Ye-LDA	144	161	39	56	140	0.005
DTree-10	85	184	16	115	2	0.005
DTree-20	120	165	35	80	4	0.005
RFC-50	107	181	19	93	11	0.01
RFC-100	113	183	17	87	60	0.0225
NLSVM-0.1	200	26	174	0	3	0.05
NLSVM-1.0	200	56	144	0	2	0.045
NLSVM-10	200	0	200	0	2	0.04
LDA	136	127	73	64	343	0.275
SDA-0.5	175	169	31	25	1666	0.17
SDA-1.0	174	167	33	26	1711	0.1625
SDA-1.5	173	166	34	27	1519	0.1625
SDA-2.0	173	166	34	27	1641	0.1625
SDA-2.5	170	166	34	30	1644	0.1825
SDA-3.0	170	166	34	30	1642	0.1625
\TheName{}-0.5	180	169	31	20	1817	0.2
\TheName{}-1.0	175	166	34	25	1710	0.1625
\TheName{}-1.5	175	167	33	25	1726	0.1625
\TheName{}-2.0	174	168	32	26	1602	0.1725
\TheName{}-2.5	174	168	32	26	1732	0.1625
\TheName{}-3.0	174	168	32	26	1693	0.1625
SVM	171	164	36	29	4	0.005
LR	0	200	0	200	1	0.0025
Ye-LDA	161	166	34	39	145	0.0075
DTree-10	66	178	22	134	2	0.005
DTree-20	120	168	32	80	5	0.005
RFC-50	126	172	28	74	25	0.01
RFC-100	126	175	25	74	23	0.025
NLSVM-0.1	200	11	189	0	3	0.0475
NLSVM-1.0	185	71	129	15	3	0.0375
NLSVM-10	107	190	10	93	2	0.035
LDA	135	159	41	65	437	0.25
SDA-0.5	118	176	24	82	1689	0.1675
SDA-1.0	118	175	25	82	1609	0.165
SDA-1.5	117	175	25	83	1653	0.1725
SDA-2.0	117	175	25	83	1586	0.17
SDA-2.5	117	175	25	83	1608	0.1675
SDA-3.0	117	175	25	83	1657	0.18
\TheName{}-0.5	117	62	138	83	1752	0.165
\TheName{}-1.0	167	150	50	33	1612	0.165
\TheName{}-1.5	149	174	26	51	1702	0.1875
\TheName{}-2.0	134	174	26	66	1715	0.1675
\TheName{}-2.5	132	175	25	68	1750	0.17
\TheName{}-3.0	129	175	25	71	1712	0.165
SVM	168	150	50	32	3	0.0075
LR	0	200	0	200	0	0.005
Ye-LDA	126	168	32	74	148	0.0025
DTree-10	71	165	35	129	13	0.005
DTree-20	104	148	52	96	4	0.005
RFC-50	92	172	28	108	28	0.01
RFC-100	94	171	29	106	21	0.02
NLSVM-0.1	200	18	182	0	4	0.05
NLSVM-1.0	200	45	155	0	2	0.0375
NLSVM-10	33	196	4	167	2	0.035
LDA	159	140	60	41	342	0.235
SDA-0.5	126	171	29	74	1755	0.17
SDA-1.0	126	170	30	74	1666	0.1625
SDA-1.5	122	170	30	78	1608	0.165
SDA-2.0	123	169	31	77	1695	0.1675
SDA-2.5	123	169	31	77	1695	0.175
SDA-3.0	123	168	32	77	1673	0.2325
\TheName{}-0.5	167	172	28	33	1694	0.1675
\TheName{}-1.0	137	174	26	63	1717	0.175
\TheName{}-1.5	134	170	30	66	1655	0.165
\TheName{}-2.0	131	170	30	69	1759	0.1825
\TheName{}-2.5	129	170	30	71	1710	0.1625
\TheName{}-3.0	129	170	30	71	1763	0.1725
SVM	160	169	31	40	3	0.0075
LR	0	200	0	200	0	0.005
Ye-LDA	128	171	29	72	148	0.005
DTree-10	77	177	23	123	9	0.005
DTree-20	125	148	52	75	5	0.0025
RFC-50	96	179	21	104	11	0.01
RFC-100	96	183	17	104	58	0.015
NLSVM-0.1	199	23	177	1	3	0.0475
NLSVM-1.0	181	70	130	19	3	0.0375
NLSVM-10	15	200	0	185	3	0.0325
LDA	155	164	36	45	376	0.25
SDA-0.5	120	176	24	80	1733	0.1625
SDA-1.0	115	174	26	85	1682	0.1625
SDA-1.5	115	174	26	85	1584	0.1725
SDA-2.0	115	174	26	85	1542	0.18
SDA-2.5	115	174	26	85	1710	0.1725
SDA-3.0	115	174	26	85	1661	0.1675
\TheName{}-0.5	161	101	99	39	1968	0.175
\TheName{}-1.0	177	170	30	23	1713	0.1625
\TheName{}-1.5	152	177	23	48	1898	0.1725
\TheName{}-2.0	140	178	22	60	1767	0.1825
\TheName{}-2.5	136	177	23	64	1856	0.1625
\TheName{}-3.0	132	176	24	68	1710	0.1725
SVM	164	170	30	36	4	0.005
LR	0	200	0	200	0	0.005
Ye-LDA	145	175	25	55	141	0.005
DTree-10	95	160	40	105	2	0.005
DTree-20	142	142	58	58	15	0.0025
RFC-50	99	175	25	101	12	0.01
RFC-100	104	173	27	96	57	0.0225
NLSVM-0.1	200	8	192	0	3	0.05
NLSVM-1.0	28	196	4	172	2	0.0375
NLSVM-10	198	111	89	2	3	0.0375
LDA	151	105	95	49	369	0.2225
SDA-0.5	174	167	33	26	1686	0.1675
SDA-1.0	174	165	35	26	1714	0.1725
SDA-1.5	173	165	35	27	1574	0.165
SDA-2.0	173	165	35	27	1772	0.1625
SDA-2.5	173	165	35	27	1595	0.1725
SDA-3.0	173	165	35	27	1840	0.2325
\TheName{}-0.5	179	153	47	21	1737	0.1675
\TheName{}-1.0	174	157	43	26	1715	0.1725
\TheName{}-1.5	174	158	42	26	1817	0.1625
\TheName{}-2.0	173	157	43	27	1733	0.165
\TheName{}-2.5	173	158	42	27	1749	0.175
\TheName{}-3.0	173	157	43	27	1641	0.175
SVM	171	161	39	29	9	0.005
LR	0	200	0	200	0	0.005
Ye-LDA	150	178	22	50	148	0.005
DTree-10	64	185	15	136	2	0.005
DTree-20	100	177	23	100	15	0.005
RFC-50	95	184	16	105	29	0.01
RFC-100	90	180	20	110	21	0.0225
NLSVM-0.1	198	19	181	2	3	0.0475
NLSVM-1.0	195	56	144	5	3	0.0375
NLSVM-10	199	14	186	1	2	0.0375
LDA	128	138	62	72	344	0.27
SDA-0.5	149	176	24	51	1713	0.1725
SDA-1.0	148	176	24	52	1686	0.1625
SDA-1.5	148	176	24	52	1646	0.165
SDA-2.0	147	176	24	53	1732	0.1775
SDA-2.5	147	176	24	53	1688	0.1625
SDA-3.0	147	176	24	53	1840	0.1675
\TheName{}-0.5	175	168	32	25	1774	0.175
\TheName{}-1.0	157	177	23	43	1676	0.165
\TheName{}-1.5	154	177	23	46	1776	0.1625
\TheName{}-2.0	151	176	24	49	1732	0.1725
\TheName{}-2.5	151	176	24	49	1740	0.1625
\TheName{}-3.0	149	176	24	51	1745	0.1725
SVM	170	171	29	30	4	0.0075
LR	200	0	200	0	0	0.005
Ye-LDA	168	157	43	32	141	0.0025
DTree-10	76	182	18	124	2	0.005
DTree-20	118	169	31	82	4	0.005
RFC-50	97	182	18	103	13	0.01
RFC-100	96	175	25	104	70	0.0325
NLSVM-0.1	200	12	188	0	3	0.0575
NLSVM-1.0	184	83	117	16	3	0.0425
NLSVM-10	199	39	161	1	2	0.0375
LDA	114	140	60	86	302	0.27
SDA-0.5	119	172	28	81	1653	0.1625
SDA-1.0	118	172	28	82	1648	0.17
SDA-1.5	118	172	28	82	1600	0.16
SDA-2.0	118	172	28	82	1597	0.1675
SDA-2.5	118	172	28	82	1584	0.1625
SDA-3.0	118	172	28	82	1646	0.1725
\TheName{}-0.5	154	122	78	46	1794	0.165
\TheName{}-1.0	138	183	17	62	1794	0.1625
\TheName{}-1.5	128	180	20	72	1730	0.1825
\TheName{}-2.0	125	175	25	75	1760	0.1625
\TheName{}-2.5	124	174	26	76	1737	0.1675
\TheName{}-3.0	123	174	26	77	1784	0.175
SVM	179	161	39	21	3	0.005
LR	0	200	0	200	1	0.0025
Ye-LDA	108	184	16	92	142	0.0075
DTree-10	60	181	19	140	2	0.005
DTree-20	116	163	37	84	4	0.005
RFC-50	95	180	20	105	28	0.01
RFC-100	94	178	22	106	57	0.025
NLSVM-0.1	1	200	0	199	3	0.05
NLSVM-1.0	195	48	152	5	2	0.0375
NLSVM-10	67	196	4	133	2	0.035
LDA	135	115	85	65	425	0.3225
SDA-0.5	139	169	31	61	1765	0.1675
SDA-1.0	139	169	31	61	1717	0.195
SDA-1.5	138	169	31	62	1693	0.18
SDA-2.0	138	169	31	62	1722	0.17
SDA-2.5	138	169	31	62	1791	0.1725
SDA-3.0	138	169	31	62	1705	0.165
\TheName{}-0.5	155	126	74	45	1790	0.165
\TheName{}-1.0	175	162	38	25	1730	0.1925
\TheName{}-1.5	155	166	34	45	1718	0.1625
\TheName{}-2.0	151	166	34	49	1804	0.175
\TheName{}-2.5	147	167	33	53	1760	0.1625
\TheName{}-3.0	147	168	32	53	1841	0.18
SVM	166	151	49	34	3	0.0075
LR	200	0	200	0	0	0.005
Ye-LDA	176	149	51	24	154	0.0175
DTree-10	104	165	35	96	3	0.015
DTree-20	132	149	51	68	9	0.015
RFC-50	99	178	22	101	10	0.015
RFC-100	93	179	21	107	21	0.0225
NLSVM-0.1	200	18	182	0	10	0.085
NLSVM-1.0	175	62	138	25	5	0.0575
NLSVM-10	200	18	182	0	2	0.0525
LDA	134	144	56	66	315	0.2375
SDA-0.5	126	178	22	74	1645	0.1675
SDA-1.0	129	178	22	71	1540	0.1625
SDA-1.5	128	178	22	72	1639	0.1725
SDA-2.0	128	178	22	72	1610	0.1675
SDA-2.5	128	178	22	72	1664	0.17
SDA-3.0	127	178	22	73	1616	0.165
\TheName{}-0.5	172	175	25	28	1767	0.17
\TheName{}-1.0	145	179	21	55	1859	0.165
\TheName{}-1.5	129	178	22	71	1696	0.1675
\TheName{}-2.0	129	178	22	71	1718	0.1825
\TheName{}-2.5	128	179	21	72	1750	0.1675
\TheName{}-3.0	128	179	21	72	1681	0.1675
SVM	175	158	42	25	4	0.005
LR	0	200	0	200	1	0.0025
Ye-LDA	130	184	16	70	141	0.025
DTree-10	76	177	23	124	3	0.0025
DTree-20	108	153	47	92	4	0.0025
RFC-50	98	183	17	102	40	0.0125
RFC-100	84	181	19	116	20	0.025
NLSVM-0.1	200	20	180	0	3	0.0475
NLSVM-1.0	40	190	10	160	2	0.06
NLSVM-10	200	0	200	0	2	0.0425
LDA	145	131	69	55	318	0.2575
SDA-0.5	129	178	22	71	1617	0.175
SDA-1.0	127	178	22	73	1576	0.165
SDA-1.5	127	179	21	73	1613	0.1625
SDA-2.0	127	178	22	73	1517	0.17
SDA-2.5	127	178	22	73	1581	0.17
SDA-3.0	127	178	22	73	1671	0.19
\TheName{}-0.5	180	144	56	20	1643	0.17
\TheName{}-1.0	138	178	22	62	1784	0.1675
\TheName{}-1.5	135	179	21	65	1792	0.165
\TheName{}-2.0	136	177	23	64	1775	0.18
\TheName{}-2.5	135	178	22	65	1702	0.1725
\TheName{}-3.0	132	178	22	68	1691	0.1675
SVM	167	147	53	33	5	0.005
LR	0	200	0	200	0	0.005
Ye-LDA	130	170	30	70	139	0.005
DTree-10	88	183	17	112	2	0.0075
DTree-20	111	166	34	89	4	0.005
RFC-50	109	181	19	91	12	0.01
RFC-100	100	182	18	100	76	0.0325
NLSVM-0.1	200	20	180	0	3	0.055
NLSVM-1.0	196	64	136	4	3	0.0475
NLSVM-10	200	40	160	0	3	0.04
LDA	117	150	50	83	327	0.2475
SDA-0.5	155	172	28	45	1658	0.17
SDA-1.0	155	170	30	45	1917	0.1625
SDA-1.5	153	170	30	47	1652	0.1625
SDA-2.0	153	170	30	47	1641	0.1725
SDA-2.5	153	170	30	47	1664	0.1675
SDA-3.0	153	170	30	47	1647	0.1625
\TheName{}-0.5	152	123	77	48	1737	0.17
\TheName{}-1.0	172	173	27	28	1800	0.17
\TheName{}-1.5	168	174	26	32	1890	0.1625
\TheName{}-2.0	162	173	27	38	1740	0.1775
\TheName{}-2.5	162	173	27	38	1773	0.165
\TheName{}-3.0	161	172	28	39	1664	0.175
SVM	154	150	50	46	3	0.0075
LR	0	200	0	200	0	0.005
Ye-LDA	144	170	30	56	172	0.005
DTree-10	63	189	11	137	2	0.005
DTree-20	98	182	18	102	5	0.0025
RFC-50	107	182	18	93	12	0.01
RFC-100	107	180	20	93	77	0.0325
NLSVM-0.1	117	131	69	83	6	0.06
NLSVM-1.0	200	49	151	0	2	0.0375
NLSVM-10	200	0	200	0	5	0.0525
LDA	133	127	73	67	342	0.2775
SDA-0.5	179	168	32	21	1860	0.165
SDA-1.0	180	167	33	20	1742	0.1625
SDA-1.5	180	167	33	20	1694	0.1625
SDA-2.0	180	166	34	20	1641	0.1625
SDA-2.5	180	165	35	20	1683	0.1625
SDA-3.0	180	164	36	20	1709	0.175
\TheName{}-0.5	171	154	46	29	1725	0.165
\TheName{}-1.0	180	163	37	20	1755	0.1725
\TheName{}-1.5	182	165	35	18	1800	0.16
\TheName{}-2.0	183	165	35	17	1800	0.1625
\TheName{}-2.5	181	167	33	19	1713	0.175
\TheName{}-3.0	182	165	35	18	1816	0.1625
SVM	165	161	39	35	4	0.005
LR	0	200	0	200	0	0.005
Ye-LDA	171	167	33	29	147	0.0075
DTree-10	77	180	20	123	2	0.005
DTree-20	122	158	42	78	4	0.005
RFC-50	100	179	21	100	48	0.0125
RFC-100	104	176	24	96	74	0.0425
NLSVM-0.1	200	11	189	0	3	0.0575
NLSVM-1.0	26	189	11	174	3	0.045
NLSVM-10	197	60	140	3	3	0.05
LDA	146	140	60	54	364	0.235
SDA-0.5	117	175	25	83	1732	0.1725
SDA-1.0	117	175	25	83	1576	0.16
SDA-1.5	117	175	25	83	1695	0.1625
SDA-2.0	117	175	25	83	1602	0.1725
SDA-2.5	117	175	25	83	1705	0.165
SDA-3.0	117	175	25	83	1683	0.165
\TheName{}-0.5	158	126	74	42	1778	0.1675
\TheName{}-1.0	143	178	22	57	1732	0.1625
\TheName{}-1.5	130	178	22	70	1779	0.165
\TheName{}-2.0	124	175	25	76	1789	0.175
\TheName{}-2.5	120	174	26	80	1701	0.1625
\TheName{}-3.0	119	174	26	81	1783	0.1675
SVM	170	162	38	30	4	0.005
LR	0	200	0	200	0	0.005
Ye-LDA	141	178	22	59	141	0.005
DTree-10	90	171	29	110	2	0.005
DTree-20	111	159	41	89	4	0.005
RFC-50	95	180	20	105	10	0.01
RFC-100	103	177	23	97	61	0.0275
NLSVM-0.1	199	24	176	1	3	0.05
NLSVM-1.0	191	74	126	9	2	0.0375
NLSVM-10	87	188	12	113	2	0.0375
LDA	133	148	52	67	391	0.27
SDA-0.5	121	172	28	79	1691	0.1625
SDA-1.0	118	169	31	82	1704	0.1625
SDA-1.5	118	169	31	82	1579	0.1825
SDA-2.0	118	169	31	82	1775	0.1625
SDA-2.5	118	169	31	82	1770	0.165
SDA-3.0	118	169	31	82	1696	0.1625
\TheName{}-0.5	142	99	101	58	1834	0.175
\TheName{}-1.0	147	173	27	53	1779	0.18
\TheName{}-1.5	132	173	27	68	1764	0.1725
\TheName{}-2.0	128	170	30	72	1799	0.165
\TheName{}-2.5	127	170	30	73	1832	0.1625
\TheName{}-3.0	126	169	31	74	1906	0.1725
SVM	155	166	34	45	3	0.005
LR	0	200	0	200	1	0.005
Ye-LDA	126	169	31	74	145	0.0075
DTree-10	101	190	10	99	2	0.0025
DTree-20	124	175	25	76	5	0.005
RFC-50	108	178	22	92	11	0.0125
RFC-100	103	183	17	97	64	0.03
NLSVM-0.1	3	199	1	197	4	0.0675
NLSVM-1.0	174	84	116	26	3	0.0925
NLSVM-10	200	35	165	0	3	0.045
LDA	144	149	51	56	319	0.3425
SDA-0.5	133	180	20	67	1685	0.1675
SDA-1.0	129	179	21	71	1673	0.17
SDA-1.5	128	179	21	72	1626	0.16
SDA-2.0	127	179	21	73	1706	0.1625
SDA-2.5	127	179	21	73	1642	0.17
SDA-3.0	126	179	21	74	1747	0.1625
\TheName{}-0.5	179	138	62	21	1758	0.1625
\TheName{}-1.0	158	181	19	42	1783	0.1775
\TheName{}-1.5	146	178	22	54	1891	0.1625
\TheName{}-2.0	140	177	23	60	1849	0.1725
\TheName{}-2.5	138	177	23	62	1802	0.1775
\TheName{}-3.0	136	177	23	64	1846	0.165
SVM	169	166	34	31	4	0.005
LR	0	200	0	200	0	0.005
Ye-LDA	143	175	25	57	142	0.0075
DTree-10	82	178	22	118	3	0.0025
DTree-20	113	166	34	87	15	0.005
RFC-50	113	181	19	87	34	0.01
RFC-100	108	181	19	92	74	0.0275
NLSVM-0.1	200	22	178	0	3	0.0675
NLSVM-1.0	199	42	158	1	3	0.04
NLSVM-10	179	140	60	21	3	0.05
LDA	127	124	76	73	327	0.245
SDA-0.5	140	174	26	60	1641	0.17
SDA-1.0	135	175	25	65	1601	0.1625
SDA-1.5	135	173	27	65	1804	0.165
SDA-2.0	135	173	27	65	1660	0.18
SDA-2.5	134	174	26	66	1635	0.165
SDA-3.0	134	174	26	66	1642	0.1925
\TheName{}-0.5	154	117	83	46	1670	0.1675
\TheName{}-1.0	179	171	29	21	1675	0.1725
\TheName{}-1.5	151	179	21	49	1828	0.1725
\TheName{}-2.0	144	178	22	56	1853	0.18
\TheName{}-2.5	143	177	23	57	1863	0.185
\TheName{}-3.0	142	177	23	58	1756	0.1625
SVM	174	161	39	26	4	0.005
LR	0	200	0	200	1	0.0025
Ye-LDA	121	168	32	79	137	0.0025
DTree-10	92	179	21	108	3	0.0025
DTree-20	117	163	37	83	5	0.0025
RFC-50	95	188	12	105	12	0.0075
RFC-100	103	183	17	97	24	0.0225
NLSVM-0.1	200	15	185	0	3	0.0475
NLSVM-1.0	185	71	129	15	3	0.0375
NLSVM-10	200	0	200	0	2	0.035
LDA	136	135	65	64	395	0.2325
SDA-0.5	137	173	27	63	1736	0.1725
SDA-1.0	136	173	27	64	1711	0.165
SDA-1.5	133	173	27	67	1776	0.1625
SDA-2.0	133	173	27	67	1737	0.1825
SDA-2.5	132	173	27	68	1777	0.185
SDA-3.0	132	173	27	68	1673	0.165
\TheName{}-0.5	155	127	73	45	1774	0.1825
\TheName{}-1.0	160	172	28	40	1757	0.165
\TheName{}-1.5	153	175	25	47	1716	0.175
\TheName{}-2.0	145	173	27	55	1814	0.1625
\TheName{}-2.5	143	173	27	57	1715	0.16
\TheName{}-3.0	142	173	27	58	1812	0.205
SVM	176	154	46	24	4	0.0025
LR	0	200	0	200	0	0.005
Ye-LDA	135	174	26	65	154	0.0025
DTree-10	88	177	23	112	24	0.005
DTree-20	113	168	32	87	17	0.005
RFC-50	104	170	30	96	10	0.01
RFC-100	111	166	34	89	62	0.04
NLSVM-0.1	2	200	0	198	3	0.0775
NLSVM-1.0	199	51	149	1	3	0.0425
NLSVM-10	200	39	161	0	2	0.0375
LDA	130	128	72	70	355	0.48
SDA-0.5	116	169	31	84	1680	0.17
SDA-1.0	115	169	31	85	1604	0.1675
SDA-1.5	116	168	32	84	1634	0.165
SDA-2.0	116	168	32	84	1650	0.1825
SDA-2.5	116	168	32	84	1578	0.1625
SDA-3.0	116	167	33	84	1556	0.1625
\TheName{}-0.5	128	50	150	72	1764	0.165
\TheName{}-1.0	191	125	75	9	1731	0.1625
\TheName{}-1.5	140	166	34	60	1725	0.1625
\TheName{}-2.0	129	168	32	71	1751	0.1775
\TheName{}-2.5	124	169	31	76	1655	0.165
\TheName{}-3.0	122	170	30	78	1669	0.1625
SVM	175	135	65	25	4	0.005
LR	200	0	200	0	0	0.005
Ye-LDA	184	147	53	16	138	0.005
DTree-10	82	165	35	118	3	0.005
DTree-20	105	154	46	95	5	0.0025
RFC-50	100	171	29	100	12	0.0075
RFC-100	103	173	27	97	25	0.0225
NLSVM-0.1	92	144	56	108	3	0.05
NLSVM-1.0	198	50	150	2	3	0.0375
NLSVM-10	200	26	174	0	2	0.035
LDA	127	158	42	73	381	0.305
SDA-0.5	114	174	26	86	1704	0.17
SDA-1.0	114	173	27	86	1688	0.165
SDA-1.5	113	172	28	87	1631	0.1625
SDA-2.0	112	172	28	88	1596	0.185
SDA-2.5	112	172	28	88	1614	0.1625
SDA-3.0	112	172	28	88	1669	0.1625
\TheName{}-0.5	169	135	65	31	1779	0.1725
\TheName{}-1.0	143	173	27	57	1770	0.165
\TheName{}-1.5	127	172	28	73	1817	0.1675
\TheName{}-2.0	118	171	29	82	1765	0.1725
\TheName{}-2.5	115	172	28	85	1752	0.1775
\TheName{}-3.0	115	173	27	85	1736	0.1725
SVM	152	178	22	48	3	0.005
LR	0	200	0	200	1	0.0025
Ye-LDA	128	163	37	72	140	0.005
DTree-10	106	162	38	94	2	0.005
DTree-20	121	151	49	79	4	0.005
RFC-50	113	161	39	87	29	0.01
RFC-100	114	165	35	86	20	0.0225
NLSVM-0.1	200	29	171	0	3	0.05
NLSVM-1.0	172	91	109	28	2	0.0375
NLSVM-10	37	198	2	163	3	0.035
LDA	112	148	52	88	398	0.2525
SDA-0.5	160	171	29	40	1583	0.1775
SDA-1.0	155	171	29	45	1652	0.1625
SDA-1.5	155	171	29	45	1671	0.1725
SDA-2.0	155	170	30	45	1579	0.1625
SDA-2.5	155	170	30	45	1629	0.1675
SDA-3.0	155	170	30	45	1619	0.17
\TheName{}-0.5	176	173	27	24	1761	0.1625
\TheName{}-1.0	168	172	28	32	1846	0.175
\TheName{}-1.5	163	172	28	37	1756	0.175
\TheName{}-2.0	160	172	28	40	1809	0.17
\TheName{}-2.5	158	172	28	42	1604	0.165
\TheName{}-3.0	158	171	29	42	1838	0.175
SVM	168	165	35	32	3	0.0075
LR	0	200	0	200	0	0.005
Ye-LDA	161	171	29	39	141	0.005
DTree-10	88	179	21	112	3	0.0025
DTree-20	129	165	35	71	5	0.005
RFC-50	111	182	18	89	11	0.0075
RFC-100	118	177	23	82	33	0.03
NLSVM-0.1	200	22	178	0	3	0.0675
NLSVM-1.0	188	63	137	12	3	0.045
NLSVM-10	200	0	200	0	5	0.035
LDA	129	155	45	71	364	0.215
SDA-0.5	138	183	17	62	1613	0.165
SDA-1.0	138	183	17	62	1714	0.165
SDA-1.5	136	183	17	64	1665	0.175
SDA-2.0	135	183	17	65	1598	0.165
SDA-2.5	135	183	17	65	1670	0.1675
SDA-3.0	133	183	17	67	1655	0.165
\TheName{}-0.5	171	176	24	29	1580	0.1725
\TheName{}-1.0	145	183	17	55	1719	0.1625
\TheName{}-1.5	140	183	17	60	1695	0.175
\TheName{}-2.0	139	183	17	61	1796	0.165
\TheName{}-2.5	137	183	17	63	1728	0.1625
\TheName{}-3.0	138	183	17	62	1808	0.175
SVM	161	178	22	39	6	0.005
LR	0	200	0	200	1	0.0025
Ye-LDA	119	186	14	81	145	0.005
DTree-10	78	178	22	122	2	0.005
DTree-20	112	163	37	88	4	0.005
RFC-50	106	185	15	94	14	0.01
RFC-100	109	186	14	91	65	0.0275
NLSVM-0.1	2	200	0	198	3	0.05
NLSVM-1.0	172	83	117	28	2	0.0375
NLSVM-10	6	200	0	194	3	0.035
LDA	170	141	59	30	383	0.26
SDA-0.5	108	185	15	92	1678	0.17
SDA-1.0	106	184	16	94	1617	0.1625
SDA-1.5	107	183	17	93	1747	0.175
SDA-2.0	107	183	17	93	1650	0.165
SDA-2.5	107	183	17	93	1624	0.1625
SDA-3.0	107	183	17	93	1712	0.165
\TheName{}-0.5	179	164	36	21	1749	0.1725
\TheName{}-1.0	125	183	17	75	1707	0.165
\TheName{}-1.5	117	185	15	83	1626	0.1875
\TheName{}-2.0	111	184	16	89	1822	0.185
\TheName{}-2.5	109	183	17	91	1727	0.16
\TheName{}-3.0	109	183	17	91	1862	0.1675
SVM	179	157	43	21	3	0.0175
LR	0	200	0	200	1	0.0025
Ye-LDA	126	180	20	74	146	0.0075
DTree-10	85	168	32	115	8	0.005
DTree-20	104	158	42	96	4	0.0125
RFC-50	91	183	17	109	12	0.025
RFC-100	96	182	18	104	72	0.0475
NLSVM-0.1	200	17	183	0	3	0.055
NLSVM-1.0	172	87	113	28	3	0.045
NLSVM-10	48	198	2	152	3	0.1125
LDA	134	113	87	66	388	0.36
SDA-0.5	164	168	32	36	1634	0.165
SDA-1.0	165	164	36	35	1711	0.165
SDA-1.5	163	164	36	37	1617	0.17
SDA-2.0	163	164	36	37	1637	0.16
SDA-2.5	163	164	36	37	1656	0.1625
SDA-3.0	163	164	36	37	1665	0.1625
\TheName{}-0.5	179	174	26	21	1783	0.1975
\TheName{}-1.0	169	171	29	31	1727	0.165
\TheName{}-1.5	167	171	29	33	1795	0.175
\TheName{}-2.0	165	169	31	35	1809	0.2475
\TheName{}-2.5	166	167	33	34	1972	0.2
\TheName{}-3.0	165	166	34	35	1816	0.1625
SVM	167	161	39	33	5	0.005
LR	0	200	0	200	0	0.005
Ye-LDA	139	161	39	61	154	0.015
DTree-10	79	161	39	121	3	0.0025
DTree-20	102	153	47	98	5	0.0025
RFC-50	97	174	26	103	10	0.01
RFC-100	97	178	22	103	55	0.0275
NLSVM-0.1	200	23	177	0	2	0.085
NLSVM-1.0	192	75	125	8	3	0.085
NLSVM-10	7	199	1	193	3	0.04
LDA	136	148	52	64	336	0.2375
SDA-0.5	156	161	39	44	1668	0.16
SDA-1.0	153	161	39	47	1651	0.17
SDA-1.5	152	161	39	48	1656	0.1775
SDA-2.0	152	161	39	48	1553	0.175
SDA-2.5	151	161	39	49	1703	0.1675
SDA-3.0	151	161	39	49	1661	0.165
\TheName{}-0.5	176	171	29	24	1750	0.2475
\TheName{}-1.0	165	167	33	35	1766	0.17
\TheName{}-1.5	162	167	33	38	1693	0.1675
\TheName{}-2.0	159	163	37	41	1738	0.1775
\TheName{}-2.5	156	163	37	44	1679	0.165
\TheName{}-3.0	156	162	38	44	1794	0.165
SVM	168	165	35	32	3	0.005
LR	0	200	0	200	0	0.005
Ye-LDA	162	162	38	38	142	0.005
DTree-10	82	166	34	118	2	0.005
DTree-20	125	150	50	75	4	0.005
RFC-50	109	177	23	91	12	0.0075
RFC-100	108	173	27	92	52	0.02
NLSVM-0.1	200	13	187	0	3	0.0475
NLSVM-1.0	167	118	82	33	3	0.035
NLSVM-10	3	200	0	197	3	0.035
LDA	125	153	47	75	306	0.215
SDA-0.5	146	179	21	54	1701	0.17
SDA-1.0	146	179	21	54	1675	0.165
SDA-1.5	146	178	22	54	1650	0.1775
SDA-2.0	147	178	22	53	1735	0.165
SDA-2.5	146	178	22	54	1684	0.165
SDA-3.0	146	178	22	54	1666	0.165
\TheName{}-0.5	181	154	46	19	1782	0.175
\TheName{}-1.0	174	182	18	26	1761	0.1625
\TheName{}-1.5	156	177	23	44	1756	0.1775
\TheName{}-2.0	154	179	21	46	1750	0.165
\TheName{}-2.5	150	178	22	50	1706	0.1625
\TheName{}-3.0	149	177	23	51	1756	0.1725
SVM	172	168	32	28	5	0.005
LR	0	200	0	200	0	0.005
Ye-LDA	116	184	16	84	144	0.005
DTree-10	181	117	83	19	3	0.0025
DTree-20	170	143	57	30	5	0.0025
RFC-50	123	177	23	77	14	0.01
RFC-100	117	182	18	83	31	0.0275
NLSVM-0.1	66	184	16	134	3	0.0725
NLSVM-1.0	181	47	153	19	3	0.07
NLSVM-10	199	71	129	1	3	0.0375
LDA	171	158	42	29	543	0.2075
SDA-0.5	186	160	40	14	1561	0.1625
SDA-1.0	186	160	40	14	1595	0.16
SDA-1.5	184	159	41	16	1629	0.1825
SDA-2.0	184	158	42	16	1579	0.1625
SDA-2.5	184	158	42	16	1530	0.1625
SDA-3.0	184	158	42	16	1683	0.165
\TheName{}-0.5	189	153	47	11	1696	0.175
\TheName{}-1.0	186	156	44	14	1663	0.17
\TheName{}-1.5	186	154	46	14	1684	0.1625
\TheName{}-2.0	186	155	45	14	1737	0.1725
\TheName{}-2.5	186	159	41	14	1676	0.1775
\TheName{}-3.0	186	159	41	14	1658	0.1625
SVM	170	172	28	30	3	0.0075
LR	0	200	0	200	0	0.005
Ye-LDA	179	146	54	21	147	0.005
DTree-10	173	92	108	27	3	0.0025
DTree-20	120	166	34	80	15	0.005
RFC-50	121	175	25	79	10	0.01
RFC-100	115	175	25	85	21	0.0225
NLSVM-0.1	200	22	178	0	3	0.0475
NLSVM-1.0	198	61	139	2	2	0.0375
NLSVM-10	200	3	197	0	3	0.035
LDA	118	138	62	82	354	0.4825
SDA-0.5	150	170	30	50	1706	0.175
SDA-1.0	150	169	31	50	1714	0.1625
SDA-1.5	149	169	31	51	1703	0.1625
SDA-2.0	149	168	32	51	1597	0.1725
SDA-2.5	149	167	33	51	1698	0.16
SDA-3.0	149	167	33	51	1683	0.185
\TheName{}-0.5	172	169	31	28	1716	0.1725
\TheName{}-1.0	160	174	26	40	1781	0.1675
\TheName{}-1.5	154	175	25	46	1799	0.18
\TheName{}-2.0	154	173	27	46	1778	0.1775
\TheName{}-2.5	153	171	29	47	1875	0.165
\TheName{}-3.0	151	171	29	49	1754	0.1675
SVM	168	160	40	32	4	0.0075
LR	0	200	0	200	0	0.005
Ye-LDA	137	163	37	63	255	0.02
DTree-10	82	174	26	118	16	0.005
DTree-20	116	159	41	84	4	0.0025
RFC-50	107	180	20	93	11	0.01
RFC-100	109	174	26	91	72	0.04
NLSVM-0.1	200	24	176	0	3	0.08
NLSVM-1.0	11	196	4	189	3	0.0425
NLSVM-10	200	23	177	0	3	0.05
LDA	160	132	68	40	357	0.24
SDA-0.5	145	171	29	55	1748	0.1625
SDA-1.0	144	171	29	56	1581	0.165
SDA-1.5	144	172	28	56	1690	0.165
SDA-2.0	144	171	29	56	1546	0.1625
SDA-2.5	144	171	29	56	1708	0.1625
SDA-3.0	144	171	29	56	1706	0.165
\TheName{}-0.5	176	160	40	24	1729	0.1725
\TheName{}-1.0	162	171	29	38	1837	0.165
\TheName{}-1.5	148	172	28	52	1735	0.175
\TheName{}-2.0	145	171	29	55	1824	0.1725
\TheName{}-2.5	144	171	29	56	1757	0.1625
\TheName{}-3.0	144	171	29	56	1789	0.1675
SVM	172	149	51	28	3	0.005
LR	0	200	0	200	0	0.005
Ye-LDA	121	168	32	79	142	0.0075
DTree-10	57	184	16	143	14	0.005
DTree-20	85	173	27	115	15	0.005
RFC-50	94	180	20	106	28	0.01
RFC-100	94	179	21	106	57	0.0175
NLSVM-0.1	2	198	2	198	3	0.05
NLSVM-1.0	75	160	40	125	2	0.04
NLSVM-10	200	7	193	0	3	0.035
LDA	163	123	77	37	346	0.3575
SDA-0.5	166	179	21	34	1590	0.1625
SDA-1.0	165	178	22	35	1666	0.16
SDA-1.5	165	178	22	35	1737	0.1625
SDA-2.0	164	178	22	36	1681	0.17
SDA-2.5	164	178	22	36	1696	0.1675
SDA-3.0	164	177	23	36	1726	0.165
\TheName{}-0.5	166	133	67	34	1832	0.1675
\TheName{}-1.0	175	153	47	25	1766	0.165
\TheName{}-1.5	171	164	36	29	1806	0.1625
\TheName{}-2.0	170	173	27	30	1796	0.2025
\TheName{}-2.5	168	176	24	32	1719	0.1625
\TheName{}-3.0	166	178	22	34	1825	0.165
SVM	166	149	51	34	3	0.0075
LR	0	200	0	200	0	0.005
Ye-LDA	152	159	41	48	142	0.005
DTree-10	79	170	30	121	2	0.005
DTree-20	123	159	41	77	4	0.005
RFC-50	106	176	24	94	13	0.01
RFC-100	114	179	21	86	23	0.025
NLSVM-0.1	199	10	190	1	3	0.05
NLSVM-1.0	196	52	148	4	2	0.0375
NLSVM-10	199	27	173	1	3	0.035
LDA	139	115	85	61	338	0.2475
SDA-0.5	129	170	30	71	1577	0.17
SDA-1.0	129	169	31	71	1633	0.1625
SDA-1.5	127	169	31	73	1673	0.175
SDA-2.0	127	169	31	73	1657	0.1625
SDA-2.5	127	169	31	73	1655	0.17
SDA-3.0	126	169	31	74	1602	0.165
\TheName{}-0.5	176	134	66	24	1725	0.1625
\TheName{}-1.0	149	176	24	51	1647	0.17
\TheName{}-1.5	140	173	27	60	1701	0.1975
\TheName{}-2.0	135	172	28	65	1683	0.1675
\TheName{}-2.5	132	172	28	68	1674	0.165
\TheName{}-3.0	131	172	28	69	1714	0.1725
SVM	165	167	33	35	4	0.005
LR	0	200	0	200	1	0.005
Ye-LDA	142	170	30	58	143	0.0175
DTree-10	63	179	21	137	19	0.015
DTree-20	103	169	31	97	5	0.015
RFC-50	108	167	33	92	13	0.01
RFC-100	103	165	35	97	80	0.03
NLSVM-0.1	200	16	184	0	3	0.0775
NLSVM-1.0	184	68	132	16	9	0.0475
NLSVM-10	61	195	5	139	3	0.0425
LDA	142	145	55	58	328	0.2975
SDA-0.5	114	183	17	86	1728	0.165
SDA-1.0	114	181	19	86	1767	0.1625
SDA-1.5	115	180	20	85	1696	0.175
SDA-2.0	115	180	20	85	1726	0.165
SDA-2.5	116	180	20	84	1703	0.2875
SDA-3.0	116	180	20	84	1730	0.17
\TheName{}-0.5	149	115	85	51	1811	0.18
\TheName{}-1.0	167	178	22	33	1775	0.1625
\TheName{}-1.5	143	183	17	57	1854	0.175
\TheName{}-2.0	131	182	18	69	1763	0.165
\TheName{}-2.5	129	184	16	71	1933	0.165
\TheName{}-3.0	123	183	17	77	1784	0.175
SVM	160	161	39	40	4	0.005
LR	200	0	200	0	1	0.005
Ye-LDA	173	146	54	27	142	0.005
DTree-10	67	158	42	133	4	0.0025
DTree-20	93	155	45	107	36	0.005
RFC-50	94	177	23	106	10	0.01
RFC-100	91	180	20	109	22	0.025
NLSVM-0.1	200	19	181	0	3	0.0525
NLSVM-1.0	52	188	12	148	2	0.04
NLSVM-10	4	200	0	196	2	0.0375
LDA	120	151	49	80	338	0.255
SDA-0.5	153	179	21	47	1842	0.1625
SDA-1.0	151	179	21	49	1591	0.175
SDA-1.5	151	179	21	49	1646	0.1625
SDA-2.0	151	179	21	49	1598	0.1625
SDA-2.5	151	179	21	49	1676	0.1675
SDA-3.0	151	179	21	49	1599	0.175
\TheName{}-0.5	168	156	44	32	1686	0.165
\TheName{}-1.0	168	174	26	32	1669	0.175
\TheName{}-1.5	163	181	19	37	1718	0.1675
\TheName{}-2.0	158	181	19	42	1671	0.1725
\TheName{}-2.5	156	181	19	44	1724	0.1625
\TheName{}-3.0	155	181	19	45	1694	0.165
SVM	161	167	33	39	4	0.005
LR	0	200	0	200	1	0.005
Ye-LDA	151	178	22	49	149	0.005
DTree-10	102	173	27	98	3	0.0025
DTree-20	128	154	46	72	5	0.0025
RFC-50	101	190	10	99	12	0.01
RFC-100	111	189	11	89	24	0.025
NLSVM-0.1	200	22	178	0	3	0.0475
NLSVM-1.0	7	199	1	193	3	0.0375
NLSVM-10	200	2	198	0	2	0.035
LDA	130	146	54	70	370	0.2575
SDA-0.5	144	179	21	56	1684	0.1625
SDA-1.0	145	178	22	55	1752	0.1675
SDA-1.5	145	178	22	55	1586	0.1625
SDA-2.0	143	178	22	57	1642	0.1725
SDA-2.5	143	178	22	57	1694	0.17
SDA-3.0	143	178	22	57	1646	0.165
\TheName{}-0.5	157	83	117	43	1722	0.165
\TheName{}-1.0	183	156	44	17	1737	0.1775
\TheName{}-1.5	175	172	28	25	1767	0.16
\TheName{}-2.0	161	175	25	39	1752	0.165
\TheName{}-2.5	158	175	25	42	1700	0.175
\TheName{}-3.0	152	177	23	48	1787	0.165
SVM	164	150	50	36	3	0.0025
LR	0	200	0	200	1	0.0025
Ye-LDA	161	172	28	39	153	0.005
DTree-10	172	94	106	28	13	0.005
DTree-20	155	116	84	45	4	0.005
RFC-50	104	185	15	96	11	0.0125
RFC-100	97	189	11	103	68	0.025
NLSVM-0.1	1	200	0	199	3	0.0525
NLSVM-1.0	176	108	92	24	2	0.0375
NLSVM-10	55	198	2	145	3	0.0375
LDA	124	143	57	76	332	0.195
SDA-0.5	97	176	24	103	1655	0.1775
SDA-1.0	97	176	24	103	1534	0.1625
SDA-1.5	97	176	24	103	1587	0.1625
SDA-2.0	97	175	25	103	1640	0.175
SDA-2.5	98	175	25	102	1584	0.165
SDA-3.0	98	175	25	102	1609	0.1725
\TheName{}-0.5	139	62	138	61	1624	0.1625
\TheName{}-1.0	166	165	35	34	1740	0.165
\TheName{}-1.5	133	179	21	67	1693	0.175
\TheName{}-2.0	112	177	23	88	1645	0.165
\TheName{}-2.5	107	177	23	93	1713	0.1675
\TheName{}-3.0	106	177	23	94	1657	0.165
SVM	165	165	35	35	3	0.005
LR	0	200	0	200	1	0.005
Ye-LDA	132	172	28	68	141	0.005
DTree-10	104	153	47	96	3	0.0025
DTree-20	103	157	43	97	14	0.0075
RFC-50	98	165	35	102	11	0.01
RFC-100	100	163	37	100	62	0.0225
NLSVM-0.1	200	26	174	0	3	0.05
NLSVM-1.0	178	72	128	22	2	0.0375
NLSVM-10	200	3	197	0	3	0.035
LDA	121	142	58	79	297	0.2
SDA-0.5	180	156	44	20	1737	0.1625
SDA-1.0	179	155	45	21	1705	0.1625
SDA-1.5	179	155	45	21	1687	0.1625
SDA-2.0	179	155	45	21	1682	0.1725
SDA-2.5	179	154	46	21	1733	0.1625
SDA-3.0	179	154	46	21	1684	0.1625
\TheName{}-0.5	180	161	39	20	1801	0.175
\TheName{}-1.0	178	158	42	22	1800	0.165
\TheName{}-1.5	179	156	44	21	1696	0.1625
\TheName{}-2.0	179	154	46	21	1797	0.1725
\TheName{}-2.5	179	153	47	21	1845	0.1625
\TheName{}-3.0	179	154	46	21	1785	0.165
SVM	162	153	47	38	4	0.005
LR	0	200	0	200	0	0.005
Ye-LDA	163	153	47	37	181	0.005
DTree-10	73	177	23	127	2	0.005
DTree-20	106	162	38	94	5	0.005
RFC-50	94	178	22	106	35	0.0125
RFC-100	90	185	15	110	20	0.035
NLSVM-0.1	200	27	173	0	3	0.0525
NLSVM-1.0	182	109	91	18	3	0.0425
NLSVM-10	55	196	4	145	3	0.045
LDA	106	157	43	94	391	0.18
SDA-0.5	148	174	26	52	1700	0.175
SDA-1.0	148	173	27	52	1599	0.1625
SDA-1.5	148	173	27	52	1694	0.1625
SDA-2.0	146	173	27	54	1637	0.1625
SDA-2.5	146	173	27	54	1641	0.1625
SDA-3.0	146	173	27	54	1575	0.165
\TheName{}-0.5	159	184	16	41	1773	0.165
\TheName{}-1.0	157	180	20	43	1868	0.175
\TheName{}-1.5	155	177	23	45	1781	0.16
\TheName{}-2.0	153	177	23	47	1804	0.1625
\TheName{}-2.5	151	177	23	49	1710	0.1725
\TheName{}-3.0	149	176	24	51	1801	0.165
SVM	144	161	39	56	5	0.005
LR	0	200	0	200	1	0.005
Ye-LDA	127	174	26	73	149	0.005
DTree-10	78	181	19	122	2	0.005
DTree-20	107	174	26	93	4	0.005
RFC-50	96	184	16	104	12	0.01
RFC-100	96	185	15	104	65	0.0275
NLSVM-0.1	199	16	184	1	3	0.0475
NLSVM-1.0	2	200	0	198	2	0.04
NLSVM-10	12	199	1	188	2	0.0375
LDA	146	138	62	54	369	0.19
SDA-0.5	122	180	20	78	1778	0.165
SDA-1.0	119	179	21	81	1824	0.1825
SDA-1.5	118	179	21	82	1743	0.165
SDA-2.0	118	179	21	82	1707	0.1675
SDA-2.5	118	179	21	82	1711	0.1775
SDA-3.0	118	179	21	82	1683	0.1625
\TheName{}-0.5	121	84	116	79	1843	0.1725
\TheName{}-1.0	162	178	22	38	1663	0.1725
\TheName{}-1.5	135	179	21	65	1828	0.1775
\TheName{}-2.0	133	179	21	67	1823	0.1625
\TheName{}-2.5	130	180	20	70	1821	0.1725
\TheName{}-3.0	128	180	20	72	1710	0.1775
SVM	179	158	42	21	4	0.005
LR	0	200	0	200	1	0.0025
Ye-LDA	118	176	24	82	154	0.0225
DTree-10	104	164	36	96	9	0.015
DTree-20	120	157	43	80	5	0.0125
RFC-50	106	178	22	94	11	0.01
RFC-100	102	184	16	98	21	0.0325
NLSVM-0.1	200	20	180	0	3	0.0525
NLSVM-1.0	199	73	127	1	2	0.04
NLSVM-10	12	200	0	188	2	0.0375
LDA	160	121	79	40	316	0.2575
SDA-0.5	120	171	29	80	1722	0.1625
SDA-1.0	118	171	29	82	1633	0.1875
SDA-1.5	116	171	29	84	1657	0.1625
SDA-2.0	116	171	29	84	1705	0.1625
SDA-2.5	116	171	29	84	1672	0.1625
SDA-3.0	116	171	29	84	1748	0.175
\TheName{}-0.5	185	117	83	15	1779	0.1625
\TheName{}-1.0	163	161	39	37	1804	0.165
\TheName{}-1.5	139	167	33	61	1770	0.1725
\TheName{}-2.0	132	171	29	68	1821	0.165
\TheName{}-2.5	129	171	29	71	1809	0.1625
\TheName{}-3.0	125	171	29	75	1739	0.18
SVM	168	144	56	32	4	0.005
LR	0	200	0	200	0	0.005
Ye-LDA	134	172	28	66	142	0.0075
DTree-10	69	172	28	131	2	0.0025
DTree-20	103	157	43	97	5	0.0025
RFC-50	85	178	22	115	33	0.0175
RFC-100	83	178	22	117	62	0.0275
NLSVM-0.1	1	199	1	199	3	0.09
NLSVM-1.0	198	68	132	2	2	0.045
NLSVM-10	6	200	0	194	2	0.04
LDA	117	144	56	83	325	0.47
SDA-0.5	111	180	20	89	1752	0.1625
SDA-1.0	112	180	20	88	1674	0.17
SDA-1.5	112	180	20	88	1645	0.17
SDA-2.0	112	180	20	88	1635	0.1625
SDA-2.5	112	180	20	88	1657	0.165
SDA-3.0	112	180	20	88	1660	0.165
\TheName{}-0.5	130	72	128	70	1731	0.18
\TheName{}-1.0	165	177	23	35	1748	0.165
\TheName{}-1.5	134	181	19	66	1711	0.1625
\TheName{}-2.0	123	182	18	77	1910	0.19
\TheName{}-2.5	118	180	20	82	1655	0.165
\TheName{}-3.0	116	180	20	84	1672	0.1625
SVM	155	156	44	45	4	0.005
LR	0	200	0	200	0	0.005
Ye-LDA	116	179	21	84	141	0.005
DTree-10	80	166	34	120	2	0.0075
DTree-20	115	168	32	85	6	0.005
RFC-50	92	182	18	108	32	0.0125
RFC-100	95	185	15	105	62	0.0275
NLSVM-0.1	200	14	186	0	3	0.05
NLSVM-1.0	13	199	1	187	3	0.04
NLSVM-10	43	199	1	157	2	0.04
LDA	147	153	47	53	337	0.2475
SDA-0.5	120	175	25	80	1709	0.1775
SDA-1.0	120	176	24	80	1623	0.165
SDA-1.5	120	176	24	80	1687	0.1625
SDA-2.0	120	176	24	80	1733	0.1825
SDA-2.5	120	176	24	80	1624	0.175
SDA-3.0	120	176	24	80	1585	0.16
\TheName{}-0.5	131	138	62	69	1800	0.1725
\TheName{}-1.0	147	182	18	53	1645	0.165
\TheName{}-1.5	135	178	22	65	1761	0.1775
\TheName{}-2.0	133	176	24	67	1627	0.165
\TheName{}-2.5	131	177	23	69	1679	0.1625
\TheName{}-3.0	129	177	23	71	1709	0.195
SVM	160	160	40	40	4	0.005
LR	0	200	0	200	1	0.005
Ye-LDA	109	174	26	91	141	0.0025
DTree-10	67	180	20	133	13	0.0025
DTree-20	96	168	32	104	4	0.005
RFC-50	89	174	26	111	10	0.0075
RFC-100	94	173	27	106	50	0.0225
NLSVM-0.1	200	16	184	0	3	0.0475
NLSVM-1.0	195	96	104	5	2	0.04
NLSVM-10	200	0	200	0	2	0.035
LDA	125	131	69	75	373	0.23
SDA-0.5	172	167	33	28	1653	0.165
SDA-1.0	172	165	35	28	1625	0.165
SDA-1.5	172	166	34	28	1683	0.1675
SDA-2.0	172	166	34	28	1574	0.1775
SDA-2.5	171	166	34	29	1699	0.1625
SDA-3.0	170	166	34	30	1579	0.1675
\TheName{}-0.5	191	146	54	9	1731	0.1625
\TheName{}-1.0	189	159	41	11	1698	0.1725
\TheName{}-1.5	189	165	35	11	1759	0.1625
\TheName{}-2.0	186	168	32	14	1686	0.1625
\TheName{}-2.5	183	167	33	17	1650	0.17
\TheName{}-3.0	182	167	33	18	1752	0.1625
SVM	162	159	41	38	4	0.005
LR	0	200	0	200	0	0.005
Ye-LDA	175	166	34	25	144	0.005
DTree-10	72	186	14	128	23	0.005
DTree-20	111	178	22	89	4	0.005
RFC-50	114	182	18	86	26	0.0075
RFC-100	121	184	16	79	20	0.0225
NLSVM-0.1	107	145	55	93	2	0.05
NLSVM-1.0	198	42	158	2	3	0.035
NLSVM-10	200	15	185	0	3	0.0325
LDA	166	138	62	34	437	0.3025
SDA-0.5	125	181	19	75	1536	0.1625
SDA-1.0	123	180	20	77	1651	0.17
SDA-1.5	122	180	20	78	1580	0.16
SDA-2.0	121	180	20	79	1638	0.1625
SDA-2.5	121	180	20	79	1595	0.16
SDA-3.0	120	180	20	80	1556	0.1625
\TheName{}-0.5	165	154	46	35	1717	0.175
\TheName{}-1.0	142	184	16	58	1708	0.1625
\TheName{}-1.5	134	182	18	66	1652	0.165
\TheName{}-2.0	133	182	18	67	1759	0.1825
\TheName{}-2.5	130	181	19	70	1704	0.175
\TheName{}-3.0	127	180	20	73	1763	0.165
SVM	176	162	38	24	4	0.005
LR	0	200	0	200	0	0.005
Ye-LDA	121	179	21	79	151	0.005
DTree-10	60	176	24	140	3	0.005
DTree-20	114	164	36	86	31	0.0075
RFC-50	100	183	17	100	12	0.01
RFC-100	102	176	24	98	23	0.0225
NLSVM-0.1	200	23	177	0	3	0.0475
NLSVM-1.0	196	46	154	4	3	0.0375
NLSVM-10	70	197	3	130	2	0.035
LDA	101	145	55	99	310	0.2325
SDA-0.5	170	179	21	30	1950	0.1725
SDA-1.0	169	178	22	31	1676	0.1625
SDA-1.5	169	178	22	31	1624	0.165
SDA-2.0	169	178	22	31	1742	0.165
SDA-2.5	169	178	22	31	1600	0.1875
SDA-3.0	169	178	22	31	1597	0.1625
\TheName{}-0.5	176	167	33	24	1805	0.1625
\TheName{}-1.0	173	178	22	27	1724	0.165
\TheName{}-1.5	172	178	22	28	1841	0.1725
\TheName{}-2.0	172	176	24	28	1836	0.165
\TheName{}-2.5	172	178	22	28	1726	0.17
\TheName{}-3.0	172	178	22	28	1751	0.1725
SVM	139	173	27	61	4	0.005
LR	0	200	0	200	0	0.005
Ye-LDA	146	173	27	54	148	0.0075
DTree-10	90	176	24	110	2	0.005
DTree-20	122	163	37	78	16	0.005
RFC-50	109	181	19	91	29	0.01
RFC-100	113	177	23	87	23	0.0225
NLSVM-0.1	1	199	1	199	3	0.0775
NLSVM-1.0	14	197	3	186	3	0.0575
NLSVM-10	42	200	0	158	2	0.06
LDA	159	149	51	41	361	0.28
SDA-0.5	186	161	39	14	1682	0.165
SDA-1.0	185	159	41	15	1747	0.1625
SDA-1.5	184	159	41	16	1561	0.1725
SDA-2.0	183	159	41	17	1614	0.1625
SDA-2.5	183	159	41	17	1616	0.165
SDA-3.0	183	159	41	17	1617	0.165
\TheName{}-0.5	183	149	51	17	1836	0.18
\TheName{}-1.0	186	153	47	14	1788	0.1675
\TheName{}-1.5	186	155	45	14	1844	0.165
\TheName{}-2.0	185	155	45	15	1702	0.165
\TheName{}-2.5	185	158	42	15	1671	0.18
\TheName{}-3.0	184	158	42	16	1710	0.1625
SVM	181	161	39	19	4	0.005
LR	0	200	0	200	0	0.005
Ye-LDA	151	167	33	49	144	0.005
DTree-10	80	174	26	120	13	0.005
DTree-20	102	163	37	98	4	0.005
RFC-50	112	156	44	88	29	0.01
RFC-100	108	166	34	92	57	0.0275
NLSVM-0.1	198	25	175	2	4	0.065
NLSVM-1.0	38	186	14	162	2	0.0675
NLSVM-10	190	146	54	10	2	0.045
LDA	164	146	54	36	530	0.17
SDA-0.5	187	139	61	13	1580	0.165
SDA-1.0	187	143	57	13	1652	0.1825
SDA-1.5	187	142	58	13	1676	0.1625
SDA-2.0	187	142	58	13	1630	0.1625
SDA-2.5	187	142	58	13	1636	0.165
SDA-3.0	187	142	58	13	1902	0.18
\TheName{}-0.5	175	169	31	25	1956	0.1675
\TheName{}-1.0	183	156	44	17	1716	0.165
\TheName{}-1.5	183	150	50	17	1888	0.17
\TheName{}-2.0	184	148	52	16	1838	0.1625
\TheName{}-2.5	185	146	54	15	1729	0.17
\TheName{}-3.0	185	144	56	15	1748	0.16
SVM	178	154	46	22	3	0.005
LR	0	200	0	200	0	0.005
Ye-LDA	153	164	36	47	150	0.015
DTree-10	92	162	38	108	2	0.015
DTree-20	111	150	50	89	4	0.0125
RFC-50	116	180	20	84	14	0.0175
RFC-100	121	182	18	79	26	0.0225
NLSVM-0.1	200	12	188	0	3	0.0475
NLSVM-1.0	64	174	26	136	2	0.0425
NLSVM-10	200	9	191	0	2	0.0425
LDA	156	136	64	44	384	0.2875
SDA-0.5	106	186	14	94	1613	0.1625
SDA-1.0	106	184	16	94	1674	0.1625
SDA-1.5	105	184	16	95	1740	0.1625
SDA-2.0	104	184	16	96	1612	0.185
SDA-2.5	104	184	16	96	1629	0.17
SDA-3.0	104	184	16	96	1740	0.1625
\TheName{}-0.5	156	61	139	44	1892	0.17
\TheName{}-1.0	159	175	25	41	1687	0.17
\TheName{}-1.5	120	181	19	80	1807	0.185
\TheName{}-2.0	108	184	16	92	1915	0.1625
\TheName{}-2.5	109	182	18	91	1851	0.165
\TheName{}-3.0	108	185	15	92	1678	0.185
SVM	167	157	43	33	4	0.005
LR	0	200	0	200	1	0.0025
Ye-LDA	152	169	31	48	144	0.005
DTree-10	54	179	21	146	3	0.005
DTree-20	93	165	35	107	10	0.0025
RFC-50	83	185	15	117	30	0.0175
RFC-100	81	190	10	119	70	0.0275
NLSVM-0.1	199	12	188	1	3	0.05
NLSVM-1.0	185	71	129	15	14	0.0875
NLSVM-10	41	196	4	159	2	0.0825
LDA	160	157	43	40	412	0.4025
SDA-0.5	140	166	34	60	1734	0.17
SDA-1.0	139	165	35	61	1750	0.1625
SDA-1.5	139	165	35	61	1788	0.165
SDA-2.0	138	165	35	62	1690	0.1625
SDA-2.5	138	165	35	62	1860	0.19
SDA-3.0	138	165	35	62	1760	0.175
\TheName{}-0.5	141	111	89	59	1856	0.165
\TheName{}-1.0	171	169	31	29	1772	0.17
\TheName{}-1.5	157	168	32	43	1893	0.1725
\TheName{}-2.0	152	168	32	48	1780	0.165
\TheName{}-2.5	148	167	33	52	1812	0.1775
\TheName{}-3.0	143	168	32	57	1885	0.1725
SVM	163	166	34	37	4	0.005
LR	0	200	0	200	1	0.0025
Ye-LDA	146	164	36	54	144	0.0025
DTree-10	78	164	36	122	2	0.005
DTree-20	110	160	40	90	5	0.0025
RFC-50	95	172	28	105	10	0.01
RFC-100	96	175	25	104	20	0.025
NLSVM-0.1	200	27	173	0	3	0.07
NLSVM-1.0	52	192	8	148	3	0.055
NLSVM-10	200	91	109	0	2	0.0425
LDA	128	145	55	72	439	0.275
SDA-0.5	103	181	19	97	1549	0.1625
SDA-1.0	102	179	21	98	1585	0.1625
SDA-1.5	102	178	22	98	1797	0.17
SDA-2.0	103	178	22	97	1553	0.165
SDA-2.5	103	178	22	97	1664	0.1625
SDA-3.0	102	178	22	98	1660	0.1725
\TheName{}-0.5	135	92	108	65	1699	0.165
\TheName{}-1.0	145	187	13	55	1720	0.1675
\TheName{}-1.5	124	185	15	76	1790	0.165
\TheName{}-2.0	115	181	19	85	1752	0.165
\TheName{}-2.5	113	180	20	87	1649	0.1775
\TheName{}-3.0	113	180	20	87	1801	0.16
SVM	152	166	34	48	3	0.0075
LR	0	200	0	200	0	0.0025
Ye-LDA	117	182	18	83	175	0.005
DTree-10	81	170	30	119	3	0.005
DTree-20	116	156	44	84	15	0.005
RFC-50	98	184	16	102	27	0.01
RFC-100	90	187	13	110	51	0.025
NLSVM-0.1	200	23	177	0	3	0.05
NLSVM-1.0	180	70	130	20	2	0.04
NLSVM-10	200	0	200	0	3	0.0425
LDA	134	145	55	66	401	0.2825
SDA-0.5	147	152	48	53	1600	0.1625
SDA-1.0	143	151	49	57	1526	0.1725
SDA-1.5	143	151	49	57	1723	0.165
SDA-2.0	143	151	49	57	1704	0.165
SDA-2.5	142	151	49	58	1623	0.16
SDA-3.0	142	151	49	58	1766	0.175
\TheName{}-0.5	185	107	93	15	1659	0.165
\TheName{}-1.0	184	146	54	16	1715	0.165
\TheName{}-1.5	169	153	47	31	1741	0.1675
\TheName{}-2.0	160	154	46	40	1682	0.1725
\TheName{}-2.5	159	152	48	41	1670	0.1675
\TheName{}-3.0	156	151	49	44	1750	0.1625
SVM	180	141	59	20	5	0.0025
LR	0	200	0	200	0	0.0075
Ye-LDA	162	151	49	38	140	0.005
DTree-10	77	171	29	123	3	0.0025
DTree-20	126	150	50	74	5	0.005
RFC-50	96	174	26	104	11	0.0075
RFC-100	107	168	32	93	62	0.0225
NLSVM-0.1	4	199	1	196	3	0.05
NLSVM-1.0	66	155	45	134	2	0.0375
NLSVM-10	30	196	4	170	2	0.035
LDA	98	147	53	102	380	0.3025
SDA-0.5	106	181	19	94	1643	0.17
SDA-1.0	104	181	19	96	1610	0.1625
SDA-1.5	102	181	19	98	1645	0.1625
SDA-2.0	102	181	19	98	1563	0.1625
SDA-2.5	102	180	20	98	1639	0.1725
SDA-3.0	102	180	20	98	1646	0.1675
\TheName{}-0.5	134	54	146	66	1703	0.1625
\TheName{}-1.0	142	173	27	58	1644	0.1625
\TheName{}-1.5	118	179	21	82	1741	0.1675
\TheName{}-2.0	109	178	22	91	1656	0.165
\TheName{}-2.5	110	178	22	90	1669	0.1675
\TheName{}-3.0	109	179	21	91	1631	0.1675
SVM	160	162	38	40	3	0.005
LR	0	200	0	200	1	0.0025
Ye-LDA	96	179	21	104	145	0.005
DTree-10	76	167	33	124	3	0.0025
DTree-20	102	131	69	98	5	0.005
RFC-50	89	174	26	111	9	0.0075
RFC-100	89	178	22	111	55	0.02
NLSVM-0.1	44	189	11	156	3	0.05
NLSVM-1.0	176	66	134	24	2	0.0375
NLSVM-10	161	127	73	39	2	0.035
LDA	140	136	64	60	389	0.2575
SDA-0.5	148	161	39	52	1589	0.1775
SDA-1.0	147	159	41	53	1657	0.16
SDA-1.5	147	158	42	53	1637	0.1625
SDA-2.0	147	159	41	53	1576	0.16
SDA-2.5	147	159	41	53	1590	0.1725
SDA-3.0	147	159	41	53	1651	0.165
\TheName{}-0.5	183	165	35	17	1670	0.1625
\TheName{}-1.0	161	165	35	39	1693	0.165
\TheName{}-1.5	159	163	37	41	1782	0.1725
\TheName{}-2.0	155	162	38	45	1734	0.165
\TheName{}-2.5	152	164	36	48	1746	0.165
\TheName{}-3.0	151	164	36	49	1670	0.1925
SVM	171	160	40	29	3	0.005
LR	0	200	0	200	1	0.005
Ye-LDA	153	162	38	47	164	0.0775
DTree-10	95	159	41	105	2	0.0375
DTree-20	144	130	70	56	8	0.005
RFC-50	123	164	36	77	11	0.01
RFC-100	125	161	39	75	27	0.0175
NLSVM-0.1	2	199	1	198	3	0.0475
NLSVM-1.0	193	64	136	7	2	0.0375
NLSVM-10	6	200	0	194	2	0.035
LDA	131	149	51	69	381	0.2575
SDA-0.5	107	178	22	93	1654	0.1625
SDA-1.0	106	177	23	94	1693	0.1775
SDA-1.5	106	177	23	94	1579	0.1625
SDA-2.0	104	177	23	96	1707	0.1725
SDA-2.5	104	178	22	96	1761	0.17
SDA-3.0	104	179	21	96	1632	0.1625
\TheName{}-0.5	138	106	94	62	1755	0.165
\TheName{}-1.0	127	179	21	73	1670	0.175
\TheName{}-1.5	119	182	18	81	1927	0.165
\TheName{}-2.0	113	182	18	87	1586	0.165
\TheName{}-2.5	107	181	19	93	1714	0.1625
\TheName{}-3.0	105	181	19	95	1764	0.17
SVM	145	165	35	55	3	0.005
LR	0	200	0	200	1	0.0025
Ye-LDA	123	178	22	77	138	0.005
DTree-10	109	146	54	91	3	0.0025
DTree-20	131	146	54	69	4	0.005
RFC-50	111	166	34	89	12	0.01
RFC-100	107	171	29	93	64	0.0275
NLSVM-0.1	200	12	188	0	3	0.0475
NLSVM-1.0	173	70	130	27	3	0.0375
NLSVM-10	79	191	9	121	2	0.035
LDA	97	150	50	103	390	0.255
SDA-0.5	146	175	25	54	1677	0.17
SDA-1.0	145	174	26	55	1617	0.1625
SDA-1.5	145	174	26	55	1656	0.185
SDA-2.0	145	174	26	55	1719	0.165
SDA-2.5	145	174	26	55	1635	0.1625
SDA-3.0	145	174	26	55	1640	0.1675
\TheName{}-0.5	178	151	49	22	1720	0.18
\TheName{}-1.0	169	175	25	31	1715	0.165
\TheName{}-1.5	161	172	28	39	1766	0.1725
\TheName{}-2.0	156	173	27	44	1733	0.185
\TheName{}-2.5	154	172	28	46	1665	0.18
\TheName{}-3.0	151	172	28	49	1696	0.17
SVM	160	160	40	40	3	0.005
LR	0	200	0	200	0	0.005
Ye-LDA	148	168	32	52	140	0.0075
DTree-10	83	170	30	117	3	0.005
DTree-20	109	151	49	91	5	0.015
RFC-50	103	165	35	97	33	0.06
RFC-100	111	157	43	89	99	0.0325
NLSVM-0.1	1	200	0	199	3	0.0525
NLSVM-1.0	186	77	123	14	3	0.0425
NLSVM-10	200	0	200	0	2	0.055
LDA	155	133	67	45	454	0.2325
SDA-0.5	129	184	16	71	1663	0.1725
SDA-1.0	126	183	17	74	1712	0.1825
SDA-1.5	125	183	17	75	1637	0.175
SDA-2.0	125	183	17	75	1733	0.17
SDA-2.5	125	183	17	75	1680	0.165
SDA-3.0	125	183	17	75	1569	0.1925
\TheName{}-0.5	154	88	112	46	1819	0.165
\TheName{}-1.0	166	170	30	34	1726	0.16
\TheName{}-1.5	145	185	15	55	1809	0.1675
\TheName{}-2.0	137	183	17	63	1653	0.17
\TheName{}-2.5	135	183	17	65	1822	0.1675
\TheName{}-3.0	134	183	17	66	1689	0.1625
SVM	152	143	57	48	5	0.005
LR	0	200	0	200	1	0.005
Ye-LDA	123	187	13	77	146	0.005
DTree-10	72	181	19	128	2	0.005
DTree-20	91	171	29	109	6	0.005
RFC-50	73	187	13	127	10	0.0075
RFC-100	78	186	14	122	52	0.0225
NLSVM-0.1	198	13	187	2	3	0.0525
NLSVM-1.0	193	71	129	7	2	0.0425
NLSVM-10	12	200	0	188	3	0.035
LDA	96	154	46	104	331	0.2625
SDA-0.5	164	170	30	36	1667	0.17
SDA-1.0	164	170	30	36	1680	0.165
SDA-1.5	164	170	30	36	1659	0.1625
SDA-2.0	164	170	30	36	1837	0.1675
SDA-2.5	164	170	30	36	1684	0.175
SDA-3.0	164	170	30	36	1743	0.17
\TheName{}-0.5	183	162	38	17	1731	0.1625
\TheName{}-1.0	172	170	30	28	1796	0.1825
\TheName{}-1.5	167	170	30	33	1708	0.1625
\TheName{}-2.0	164	170	30	36	1773	0.1625
\TheName{}-2.5	164	170	30	36	1831	0.1725
\TheName{}-3.0	164	170	30	36	1714	0.165
SVM	149	164	36	51	4	0.005
LR	0	200	0	200	0	0.0125
Ye-LDA	164	166	34	36	152	0.005
DTree-10	92	183	17	108	43	0.005
DTree-20	116	170	30	84	43	0.0025
RFC-50	104	186	14	96	30	0.0075
RFC-100	112	179	21	88	65	0.055
NLSVM-0.1	1	199	1	199	3	0.055
NLSVM-1.0	175	84	116	25	3	0.0525
NLSVM-10	7	199	1	193	3	0.065
LDA	115	153	47	85	335	0.2825
SDA-0.5	175	173	27	25	1719	0.17
SDA-1.0	174	173	27	26	1772	0.1725
SDA-1.5	173	173	27	27	1650	0.165
SDA-2.0	172	173	27	28	1802	0.17
SDA-2.5	171	173	27	29	1586	0.1625
SDA-3.0	170	173	27	30	1795	0.175
\TheName{}-0.5	185	156	44	15	1830	0.1625
\TheName{}-1.0	182	170	30	18	1817	0.16
\TheName{}-1.5	180	173	27	20	1743	0.1875
\TheName{}-2.0	180	173	27	20	1758	0.1625
\TheName{}-2.5	177	173	27	23	1768	0.1775
\TheName{}-3.0	175	173	27	25	1794	0.1725
SVM	174	169	31	26	5	0.005
LR	0	200	0	200	0	0.005
Ye-LDA	160	170	30	40	145	0.005
DTree-10	48	194	6	152	22	0.005
DTree-20	88	180	20	112	4	0.0125
RFC-50	106	182	18	94	14	0.01
RFC-100	105	181	19	95	60	0.025
NLSVM-0.1	79	173	27	121	3	0.0475
NLSVM-1.0	192	74	126	8	3	0.0375
NLSVM-10	8	200	0	192	3	0.0475
LDA	142	147	53	58	362	0.215
SDA-0.5	158	170	30	42	1730	0.1675
SDA-1.0	157	169	31	43	1707	0.165
SDA-1.5	156	169	31	44	1610	0.17
SDA-2.0	156	169	31	44	1688	0.165
SDA-2.5	156	169	31	44	1676	0.165
SDA-3.0	156	169	31	44	1624	0.22
\TheName{}-0.5	182	160	40	18	1857	0.1725
\TheName{}-1.0	163	172	28	37	1768	0.1625
\TheName{}-1.5	160	169	31	40	1771	0.165
\TheName{}-2.0	158	169	31	42	1700	0.1725
\TheName{}-2.5	158	169	31	42	1680	0.1625
\TheName{}-3.0	158	169	31	42	1871	0.17
SVM	174	156	44	26	4	0.005
LR	0	200	0	200	0	0.005
Ye-LDA	152	162	38	48	149	0.015
DTree-10	97	156	44	103	3	0.0125
DTree-20	121	152	48	79	4	0.0125
RFC-50	93	169	31	107	10	0.015
RFC-100	101	167	33	99	54	0.025
NLSVM-0.1	200	17	183	0	3	0.05
NLSVM-1.0	197	49	151	3	2	0.04
NLSVM-10	198	66	134	2	2	0.0375
LDA	143	177	23	57	332	0.2475
SDA-0.5	116	174	26	84	1812	0.1775
SDA-1.0	115	173	27	85	1602	0.1625
SDA-1.5	115	173	27	85	1709	0.1675
SDA-2.0	116	173	27	84	1614	0.1625
SDA-2.5	115	173	27	85	1625	0.1625
SDA-3.0	117	172	28	83	1694	0.165
\TheName{}-0.5	161	131	69	39	1813	0.1625
\TheName{}-1.0	141	186	14	59	1807	0.1625
\TheName{}-1.5	128	182	18	72	1821	0.1725
\TheName{}-2.0	123	177	23	77	1882	0.1625
\TheName{}-2.5	122	177	23	78	1782	0.165
\TheName{}-3.0	120	175	25	80	1809	0.1625
SVM	154	177	23	46	4	0.005
LR	0	200	0	200	0	0.005
Ye-LDA	118	184	16	82	142	0.0075
DTree-10	83	169	31	117	6	0.015
DTree-20	116	162	38	84	6	0.0125
RFC-50	102	168	32	98	30	0.0275
RFC-100	107	172	28	93	76	0.0225
NLSVM-0.1	0	200	0	200	3	0.0475
NLSVM-1.0	4	200	0	196	3	0.0375
NLSVM-10	17	200	0	183	3	0.035
LDA	143	158	42	57	364	0.295
SDA-0.5	128	186	14	72	1686	0.1825
SDA-1.0	127	186	14	73	1806	0.1625
SDA-1.5	127	186	14	73	1630	0.165
SDA-2.0	126	186	14	74	1671	0.175
SDA-2.5	126	186	14	74	1683	0.1625
SDA-3.0	127	186	14	73	1715	0.17
\TheName{}-0.5	138	94	106	62	1772	0.1725
\TheName{}-1.0	171	185	15	29	1801	0.17
\TheName{}-1.5	151	189	11	49	1745	0.175
\TheName{}-2.0	143	187	13	57	1864	0.17
\TheName{}-2.5	140	187	13	60	1930	0.1775
\TheName{}-3.0	137	187	13	63	1724	0.165
SVM	171	168	32	29	5	0.005
LR	0	200	0	200	1	0.0025
Ye-LDA	119	187	13	81	141	0.0025
DTree-10	83	176	24	117	3	0.005
DTree-20	107	164	36	93	4	0.005
RFC-50	90	181	19	110	11	0.01
RFC-100	101	177	23	99	63	0.0275
NLSVM-0.1	0	200	0	200	3	0.05
NLSVM-1.0	197	46	154	3	2	0.04
NLSVM-10	196	102	98	4	2	0.0375
LDA	139	142	58	61	344	0.2525
SDA-0.5	123	181	19	77	1702	0.1625
SDA-1.0	121	181	19	79	1655	0.1725
SDA-1.5	121	181	19	79	1676	0.1625
SDA-2.0	120	181	19	80	1733	0.1625
SDA-2.5	120	180	20	80	1719	0.165
SDA-3.0	120	180	20	80	1696	0.1825
\TheName{}-0.5	152	109	91	48	1776	0.1625
\TheName{}-1.0	159	173	27	41	1881	0.17
\TheName{}-1.5	137	180	20	63	1782	0.1725
\TheName{}-2.0	129	179	21	71	1841	0.1725
\TheName{}-2.5	128	178	22	72	1779	0.1675
\TheName{}-3.0	126	178	22	74	1804	0.1825
SVM	144	163	37	56	4	0.005
LR	0	200	0	200	1	0.005
Ye-LDA	120	168	32	80	143	0.005
DTree-10	78	171	29	122	12	0.005
DTree-20	109	156	44	91	4	0.005
RFC-50	96	176	24	104	11	0.01
RFC-100	102	173	27	98	62	0.025
NLSVM-0.1	200	12	188	0	3	0.05
NLSVM-1.0	9	197	3	191	2	0.04
NLSVM-10	200	5	195	0	2	0.055
LDA	130	134	66	70	343	0.31
SDA-0.5	144	170	30	56	1727	0.1625
SDA-1.0	141	170	30	59	1667	0.1625
SDA-1.5	141	170	30	59	1726	0.17
SDA-2.0	141	170	30	59	1776	0.1825
SDA-2.5	141	170	30	59	1746	0.16
SDA-3.0	141	170	30	59	1700	0.165
\TheName{}-0.5	170	158	42	30	1704	0.1625
\TheName{}-1.0	160	169	31	40	1867	0.1725
\TheName{}-1.5	152	169	31	48	1753	0.1625
\TheName{}-2.0	148	171	29	52	1828	0.1775
\TheName{}-2.5	146	170	30	54	1653	0.1725
\TheName{}-3.0	145	170	30	55	1769	0.165
SVM	173	153	47	27	4	0.005
LR	0	200	0	200	1	0.0025
Ye-LDA	130	167	33	70	149	0.005
DTree-10	67	181	19	133	3	0.0025
DTree-20	119	161	39	81	5	0.0025
RFC-50	93	179	21	107	11	0.01
RFC-100	92	180	20	108	23	0.025
NLSVM-0.1	199	18	182	1	3	0.0575
NLSVM-1.0	24	193	7	176	3	0.04
NLSVM-10	199	37	163	1	2	0.0375
LDA	162	145	55	38	335	0.3825
SDA-0.5	123	173	27	77	1571	0.17
SDA-1.0	123	173	27	77	1656	0.17
SDA-1.5	123	173	27	77	1603	0.185
SDA-2.0	123	173	27	77	1679	0.1675
SDA-2.5	122	173	27	78	1642	0.1925
SDA-3.0	122	173	27	78	1691	0.165
\TheName{}-0.5	174	139	61	26	1737	0.1725
\TheName{}-1.0	156	175	25	44	1746	0.1625
\TheName{}-1.5	139	175	25	61	1679	0.1625
\TheName{}-2.0	137	176	24	63	1808	0.1625
\TheName{}-2.5	131	173	27	69	1843	0.1725
\TheName{}-3.0	130	173	27	70	1820	0.18
SVM	170	173	27	30	4	0.005
LR	0	200	0	200	0	0.005
Ye-LDA	137	176	24	63	153	0.0025
DTree-10	75	172	28	125	5	0.015
DTree-20	108	150	50	92	4	0.015
RFC-50	108	173	27	92	31	0.0125
RFC-100	113	174	26	87	22	0.0375
NLSVM-0.1	200	22	178	0	3	0.0575
NLSVM-1.0	180	90	110	20	3	0.0375
NLSVM-10	196	90	110	4	2	0.035
LDA	111	156	44	89	338	0.2575
SDA-0.5	95	178	22	105	1678	0.1625
SDA-1.0	93	178	22	107	1540	0.1675
SDA-1.5	93	178	22	107	1677	0.1675
SDA-2.0	93	178	22	107	1570	0.1625
SDA-2.5	93	178	22	107	1629	0.1625
SDA-3.0	93	178	22	107	1676	0.1625
\TheName{}-0.5	146	86	114	54	1772	0.1625
\TheName{}-1.0	148	180	20	52	1853	0.165
\TheName{}-1.5	115	183	17	85	1683	0.165
\TheName{}-2.0	100	183	17	100	1762	0.19
\TheName{}-2.5	100	182	18	100	1879	0.165
\TheName{}-3.0	99	182	18	101	1762	0.1725
SVM	120	177	23	80	4	0.005
LR	0	200	0	200	1	0.005
Ye-LDA	128	178	22	72	138	0.005
DTree-10	61	180	20	139	2	0.005
DTree-20	88	166	34	112	15	0.005
RFC-50	95	180	20	105	29	0.01
RFC-100	92	178	22	108	59	0.0225
NLSVM-0.1	200	31	169	0	3	0.0475
NLSVM-1.0	180	73	127	20	2	0.045
NLSVM-10	3	200	0	197	2	0.0375
LDA	132	145	55	68	353	0.2725
SDA-0.5	154	166	34	46	1713	0.175
SDA-1.0	154	166	34	46	1675	0.165
SDA-1.5	154	166	34	46	1578	0.165
SDA-2.0	153	166	34	47	1798	0.1825
SDA-2.5	153	166	34	47	1772	0.1675
SDA-3.0	153	166	34	47	1656	0.1625
\TheName{}-0.5	163	169	31	37	1847	0.165
\TheName{}-1.0	159	170	30	41	1824	0.1725
\TheName{}-1.5	156	169	31	44	1830	0.1675
\TheName{}-2.0	156	168	32	44	1818	0.1625
\TheName{}-2.5	156	167	33	44	1877	0.185
\TheName{}-3.0	156	166	34	44	1740	0.1625
SVM	159	160	40	41	4	0.0075
LR	0	200	0	200	0	0.005
Ye-LDA	128	175	25	72	169	0.105
DTree-10	100	166	34	100	3	0.0175
DTree-20	118	148	52	82	5	0.0025
RFC-50	102	180	20	98	33	0.0125
RFC-100	92	179	21	108	83	0.0325
NLSVM-0.1	200	14	186	0	3	0.07
NLSVM-1.0	195	56	144	5	3	0.07
NLSVM-10	30	200	0	170	3	0.0525
LDA	156	117	83	44	382	0.27
SDA-0.5	141	182	18	59	1699	0.165
SDA-1.0	140	182	18	60	1691	0.18
SDA-1.5	137	182	18	63	1631	0.1625
SDA-2.0	136	182	18	64	1700	0.1625
SDA-2.5	136	182	18	64	1751	0.17
SDA-3.0	136	182	18	64	1689	0.175
\TheName{}-0.5	175	147	53	25	1991	0.1675
\TheName{}-1.0	150	183	17	50	1797	0.165
\TheName{}-1.5	144	184	16	56	1855	0.1975
\TheName{}-2.0	143	182	18	57	1667	0.1625
\TheName{}-2.5	140	182	18	60	1664	0.16
\TheName{}-3.0	140	181	19	60	1701	0.1625
SVM	169	141	59	31	4	0.005
LR	0	200	0	200	0	0.01
Ye-LDA	134	179	21	66	137	0.0075
DTree-10	102	167	33	98	2	0.005
DTree-20	119	156	44	81	5	0.0025
RFC-50	94	180	20	106	12	0.0075
RFC-100	101	179	21	99	22	0.025
NLSVM-0.1	200	21	179	0	2	0.05
NLSVM-1.0	197	57	143	3	2	0.0375
NLSVM-10	90	194	6	110	3	0.035
LDA	122	142	58	78	370	0.325
SDA-0.5	119	169	31	81	1676	0.165
SDA-1.0	115	169	31	85	1524	0.17
SDA-1.5	116	168	32	84	1633	0.17
SDA-2.0	116	168	32	84	1627	0.17
SDA-2.5	116	168	32	84	1681	0.1625
SDA-3.0	116	168	32	84	1667	0.1625
\TheName{}-0.5	164	166	34	36	1752	0.1625
\TheName{}-1.0	134	171	29	66	1740	0.1825
\TheName{}-1.5	125	170	30	75	1725	0.2025
\TheName{}-2.0	120	170	30	80	1718	0.1625
\TheName{}-2.5	121	170	30	79	1683	0.165
\TheName{}-3.0	120	169	31	80	1732	0.17
SVM	145	173	27	55	4	0.005
LR	0	200	0	200	0	0.005
Ye-LDA	130	172	28	70	139	0.0075
DTree-10	97	173	27	103	2	0.005
DTree-20	120	165	35	80	4	0.005
RFC-50	112	168	32	88	12	0.01
RFC-100	118	162	38	82	67	0.0275
NLSVM-0.1	200	27	173	0	3	0.05
NLSVM-1.0	158	99	101	42	2	0.0375
NLSVM-10	183	138	62	17	3	0.035
LDA	140	135	65	60	346	0.175
SDA-0.5	137	181	19	63	1675	0.17
SDA-1.0	137	181	19	63	1759	0.1725
SDA-1.5	137	181	19	63	1664	0.1725
SDA-2.0	137	180	20	63	1682	0.1675
SDA-2.5	137	180	20	63	1598	0.165
SDA-3.0	137	180	20	63	1645	0.1625
\TheName{}-0.5	153	187	13	47	1796	0.17
\TheName{}-1.0	147	187	13	53	1752	0.16
\TheName{}-1.5	145	183	17	55	1878	0.18
\TheName{}-2.0	139	181	19	61	1778	0.1625
\TheName{}-2.5	138	181	19	62	1800	0.175
\TheName{}-3.0	138	181	19	62	1707	0.165
SVM	159	179	21	41	3	0.005
LR	0	200	0	200	0	0.005
Ye-LDA	127	186	14	73	149	0.0125
DTree-10	86	185	15	114	2	0.005
DTree-20	127	163	37	73	7	0.0025
RFC-50	102	182	18	98	32	0.015
RFC-100	103	185	15	97	64	0.03
NLSVM-0.1	200	17	183	0	3	0.05
NLSVM-1.0	191	58	142	9	2	0.0625
NLSVM-10	75	196	4	125	3	0.035
LDA	167	138	62	33	349	0.2325
SDA-0.5	142	168	32	58	1693	0.1675
SDA-1.0	142	168	32	58	1679	0.1725
SDA-1.5	142	169	31	58	1690	0.165
SDA-2.0	142	169	31	58	1822	0.165
SDA-2.5	142	169	31	58	1688	0.165
SDA-3.0	142	169	31	58	1770	0.1725
\TheName{}-0.5	173	163	37	27	1784	0.1625
\TheName{}-1.0	160	170	30	40	1896	0.1625
\TheName{}-1.5	148	170	30	52	1752	0.175
\TheName{}-2.0	145	170	30	55	1733	0.16
\TheName{}-2.5	143	170	30	57	1881	0.165
\TheName{}-3.0	143	171	29	57	1823	0.1725
SVM	171	142	58	29	5	0.005
LR	0	200	0	200	0	0.005
Ye-LDA	138	175	25	62	144	0.015
DTree-10	76	170	30	124	3	0.015
DTree-20	87	167	33	113	7	0.0125
RFC-50	102	172	28	98	11	0.01
RFC-100	103	173	27	97	67	0.025
NLSVM-0.1	200	20	180	0	3	0.0525
NLSVM-1.0	195	74	126	5	2	0.0375
NLSVM-10	11	200	0	189	3	0.05
LDA	153	139	61	47	439	0.275
SDA-0.5	146	170	30	54	1629	0.165
SDA-1.0	142	170	30	58	1741	0.1625
SDA-1.5	142	170	30	58	1604	0.1625
SDA-2.0	142	170	30	58	1624	0.17
SDA-2.5	142	170	30	58	1631	0.165
SDA-3.0	142	170	30	58	1598	0.1625
\TheName{}-0.5	169	175	25	31	1705	0.1625
\TheName{}-1.0	155	174	26	45	1733	0.165
\TheName{}-1.5	152	172	28	48	1653	0.17
\TheName{}-2.0	146	171	29	54	1862	0.1675
\TheName{}-2.5	146	170	30	54	1712	0.1625
\TheName{}-3.0	146	170	30	54	1761	0.1725
SVM	170	150	50	30	4	0.005
LR	0	200	0	200	1	0.005
Ye-LDA	147	177	23	53	149	0.0075
DTree-10	93	168	32	107	2	0.005
DTree-20	107	163	37	93	4	0.005
RFC-50	113	180	20	87	29	0.0075
RFC-100	110	176	24	90	66	0.03
NLSVM-0.1	200	25	175	0	3	0.055
NLSVM-1.0	200	49	151	0	2	0.0525
NLSVM-10	200	0	200	0	2	0.0375
LDA	131	159	41	69	298	0.25
SDA-0.5	114	174	26	86	1724	0.1625
SDA-1.0	113	175	25	87	1703	0.16
SDA-1.5	111	175	25	89	1703	0.1625
SDA-2.0	111	175	25	89	1665	0.17
SDA-2.5	110	174	26	90	1769	0.1875
SDA-3.0	110	174	26	90	1587	0.165
\TheName{}-0.5	178	150	50	22	1764	0.16
\TheName{}-1.0	137	178	22	63	1816	0.1725
\TheName{}-1.5	123	180	20	77	1713	0.165
\TheName{}-2.0	118	179	21	82	1772	0.165
\TheName{}-2.5	117	178	22	83	1699	0.1725
\TheName{}-3.0	116	176	24	84	1792	0.17
SVM	144	173	27	56	5	0.0025
LR	0	200	0	200	1	0.0025
Ye-LDA	125	178	22	75	145	0.005
DTree-10	63	178	22	137	2	0.005
DTree-20	101	166	34	99	4	0.005
RFC-50	107	177	23	93	30	0.0075
RFC-100	98	183	17	102	62	0.025
NLSVM-0.1	198	20	180	2	3	0.05
NLSVM-1.0	125	165	35	75	4	0.0475
NLSVM-10	21	199	1	179	3	0.04
LDA	165	138	62	35	383	0.235
SDA-0.5	128	165	35	72	1658	0.1625
SDA-1.0	127	164	36	73	1665	0.175
SDA-1.5	126	164	36	74	1675	0.165
SDA-2.0	126	164	36	74	1619	0.1625
SDA-2.5	126	164	36	74	1630	0.165
SDA-3.0	126	164	36	74	1671	0.165
\TheName{}-0.5	176	157	43	24	1796	0.1675
\TheName{}-1.0	145	165	35	55	1855	0.17
\TheName{}-1.5	133	161	39	67	1775	0.1625
\TheName{}-2.0	132	164	36	68	1785	0.2
\TheName{}-2.5	130	164	36	70	1767	0.1875
\TheName{}-3.0	130	164	36	70	1649	0.165
SVM	163	162	38	37	3	0.0075
LR	0	200	0	200	0	0.005
Ye-LDA	138	173	27	62	142	0.005
DTree-10	85	179	21	115	3	0.0025
DTree-20	100	162	38	100	4	0.005
RFC-50	96	172	28	104	10	0.01
RFC-100	102	170	30	98	117	0.05
NLSVM-0.1	3	200	0	197	14	0.11
NLSVM-1.0	180	77	123	20	2	0.04
NLSVM-10	49	198	2	151	26	0.0525
LDA	141	159	41	59	376	0.375
SDA-0.5	127	171	29	73	1775	0.17
SDA-1.0	127	171	29	73	1592	0.1775
SDA-1.5	127	171	29	73	1620	0.1675
SDA-2.0	127	169	31	73	1651	0.1625
SDA-2.5	127	169	31	73	1663	0.165
SDA-3.0	126	169	31	74	1630	0.1625
\TheName{}-0.5	164	183	17	36	1709	0.1675
\TheName{}-1.0	140	175	25	60	1745	0.1625
\TheName{}-1.5	134	173	27	66	1673	0.165
\TheName{}-2.0	133	174	26	67	1629	0.1625
\TheName{}-2.5	133	172	28	67	1771	0.165
\TheName{}-3.0	133	172	28	67	1639	0.1625
SVM	153	174	26	47	3	0.005
LR	0	200	0	200	1	0.0025
Ye-LDA	114	176	24	86	150	0.005
DTree-10	101	152	48	99	3	0.005
DTree-20	114	151	49	86	4	0.005
RFC-50	91	176	24	109	10	0.01
RFC-100	99	172	28	101	57	0.025
NLSVM-0.1	200	29	171	0	3	0.0475
NLSVM-1.0	187	57	143	13	3	0.0375
NLSVM-10	200	61	139	0	2	0.0375
LDA	143	145	55	57	360	0.2325
SDA-0.5	158	163	37	42	1556	0.16
SDA-1.0	155	164	36	45	1686	0.175
SDA-1.5	154	164	36	46	1564	0.1675
SDA-2.0	154	164	36	46	1512	0.1725
SDA-2.5	154	164	36	46	1695	0.1675
SDA-3.0	154	164	36	46	1629	0.1725
\TheName{}-0.5	183	171	29	17	1765	0.1775
\TheName{}-1.0	166	169	31	34	1646	0.18
\TheName{}-1.5	163	166	34	37	1755	0.1675
\TheName{}-2.0	160	164	36	40	1688	0.1675
\TheName{}-2.5	160	164	36	40	1723	0.175
\TheName{}-3.0	156	164	36	44	1672	0.1675
SVM	175	164	36	25	3	0.005
LR	0	200	0	200	0	0.005
Ye-LDA	163	172	28	37	139	0.005
DTree-10	83	167	33	117	2	0.0075
DTree-20	112	152	48	88	4	0.005
RFC-50	88	176	24	112	27	0.0125
RFC-100	92	176	24	108	72	0.0275
NLSVM-0.1	2	200	0	198	3	0.06
NLSVM-1.0	187	99	101	13	2	0.0425
NLSVM-10	196	94	106	4	31	0.1
LDA	115	136	64	85	341	0.2575
SDA-0.5	137	169	31	63	1680	0.1625
SDA-1.0	132	169	31	68	1761	0.19
SDA-1.5	131	169	31	69	1608	0.1725
SDA-2.0	131	169	31	69	1622	0.1675
SDA-2.5	131	169	31	69	1704	0.1675
SDA-3.0	130	169	31	70	1775	0.165
\TheName{}-0.5	165	128	72	35	1805	0.175
\TheName{}-1.0	160	168	32	40	1706	0.165
\TheName{}-1.5	152	166	34	48	1743	0.175
\TheName{}-2.0	146	166	34	54	1811	0.165
\TheName{}-2.5	143	167	33	57	1634	0.175
\TheName{}-3.0	140	167	33	60	1747	0.165
SVM	139	172	28	61	11	0.005
LR	0	200	0	200	1	0.005
Ye-LDA	131	175	25	69	181	0.015
DTree-10	95	160	40	105	4	0.0075
DTree-20	125	142	58	75	4	0.01
RFC-50	122	163	37	78	12	0.0175
RFC-100	120	165	35	80	36	0.0675
NLSVM-0.1	0	200	0	200	4	0.05
NLSVM-1.0	169	88	112	31	3	0.0525
NLSVM-10	102	187	13	98	2	0.0875
LDA	123	153	47	77	316	0.22
SDA-0.5	142	166	34	58	1669	0.1625
SDA-1.0	139	165	35	61	1665	0.1725
SDA-1.5	138	163	37	62	1734	0.16
SDA-2.0	135	163	37	65	1697	0.1625
SDA-2.5	135	163	37	65	1662	0.1625
SDA-3.0	135	163	37	65	1680	0.18
\TheName{}-0.5	156	116	84	44	1824	0.1625
\TheName{}-1.0	165	159	41	35	1795	0.1625
\TheName{}-1.5	153	162	38	47	1735	0.1625
\TheName{}-2.0	151	165	35	49	1725	0.1725
\TheName{}-2.5	145	164	36	55	1690	0.1625
\TheName{}-3.0	142	164	36	58	1819	0.17
SVM	173	157	43	27	4	0.005
LR	0	200	0	200	1	0.005
Ye-LDA	154	148	52	46	154	0.015
DTree-10	63	176	24	137	3	0.015
DTree-20	125	145	55	75	4	0.005
RFC-50	106	166	34	94	12	0.01
RFC-100	117	161	39	83	86	0.03
NLSVM-0.1	2	200	0	198	3	0.0675
NLSVM-1.0	181	83	117	19	3	0.0925
NLSVM-10	163	145	55	37	3	0.0375
LDA	147	136	64	53	320	0.25
SDA-0.5	128	190	10	72	1687	0.175
SDA-1.0	128	190	10	72	1637	0.1625
SDA-1.5	128	190	10	72	1598	0.165
SDA-2.0	128	190	10	72	1629	0.175
SDA-2.5	128	190	10	72	1703	0.1625
SDA-3.0	128	190	10	72	1682	0.1725
\TheName{}-0.5	149	105	95	51	1734	0.165
\TheName{}-1.0	161	177	23	39	1777	0.165
\TheName{}-1.5	149	184	16	51	1734	0.17
\TheName{}-2.0	142	186	14	58	1815	0.1925
\TheName{}-2.5	139	188	12	61	1730	0.1675
\TheName{}-3.0	138	188	12	62	1842	0.1625
SVM	164	166	34	36	5	0.005
LR	200	0	200	0	0	0.005
Ye-LDA	170	129	71	30	148	0.005
DTree-10	85	175	25	115	23	0.005
DTree-20	106	177	23	94	4	0.005
RFC-50	86	187	13	114	11	0.01
RFC-100	86	192	8	114	21	0.02
NLSVM-0.1	200	9	191	0	3	0.0875
NLSVM-1.0	21	194	6	179	3	0.065
NLSVM-10	187	142	58	13	3	0.0475
LDA	149	156	44	51	332	0.2825
SDA-0.5	170	170	30	30	1779	0.17
SDA-1.0	169	170	30	31	1635	0.1625
SDA-1.5	167	170	30	33	1695	0.1625
SDA-2.0	167	170	30	33	1713	0.1675
SDA-2.5	167	170	30	33	1706	0.17
SDA-3.0	167	170	30	33	1725	0.185
\TheName{}-0.5	179	168	32	21	1805	0.165
\TheName{}-1.0	175	170	30	25	1920	0.17
\TheName{}-1.5	172	169	31	28	1800	0.1825
\TheName{}-2.0	170	169	31	30	1746	0.165
\TheName{}-2.5	170	169	31	30	1723	0.1675
\TheName{}-3.0	170	169	31	30	1737	0.1625
SVM	169	169	31	31	3	0.0075
LR	200	0	200	0	0	0.005
Ye-LDA	175	163	37	25	140	0.005
DTree-10	122	160	40	78	2	0.005
DTree-20	125	169	31	75	4	0.005
RFC-50	124	171	29	76	33	0.01
RFC-100	128	173	27	72	60	0.0225
NLSVM-0.1	200	13	187	0	3	0.05
NLSVM-1.0	45	188	12	155	2	0.0375
NLSVM-10	199	5	195	1	2	0.0525
LDA	147	142	58	53	389	0.495
SDA-0.5	127	178	22	73	1685	0.175
SDA-1.0	124	178	22	76	1585	0.165
SDA-1.5	121	178	22	79	1665	0.1625
SDA-2.0	121	178	22	79	1595	0.17
SDA-2.5	120	178	22	80	1720	0.1625
SDA-3.0	120	178	22	80	1604	0.1625
\TheName{}-0.5	157	93	107	43	1869	0.1675
\TheName{}-1.0	186	166	34	14	1636	0.1625
\TheName{}-1.5	162	174	26	38	1693	0.1725
\TheName{}-2.0	150	179	21	50	1814	0.1625
\TheName{}-2.5	139	179	21	61	1562	0.165
\TheName{}-3.0	133	179	21	67	1785	0.165
SVM	159	152	48	41	8	0.005
LR	200	0	200	0	0	0.005
Ye-LDA	183	131	69	17	145	0.005
DTree-10	72	177	23	128	4	0.0025
DTree-20	111	166	34	89	5	0.005
RFC-50	92	177	23	108	29	0.01
RFC-100	83	181	19	117	61	0.03
NLSVM-0.1	1	199	1	199	3	0.05
NLSVM-1.0	78	159	41	122	2	0.04
NLSVM-10	22	200	0	178	3	0.035
LDA	156	149	51	44	360	0.2525
SDA-0.5	145	181	19	55	1784	0.1625
SDA-1.0	142	180	20	58	1693	0.1675
SDA-1.5	141	180	20	59	1703	0.165
SDA-2.0	141	180	20	59	1596	0.17
SDA-2.5	141	180	20	59	1657	0.1675
SDA-3.0	141	180	20	59	1646	0.1625
\TheName{}-0.5	177	176	24	23	1712	0.1625
\TheName{}-1.0	150	181	19	50	1794	0.1725
\TheName{}-1.5	147	182	18	53	1825	0.1625
\TheName{}-2.0	148	182	18	52	1689	0.17
\TheName{}-2.5	146	180	20	54	1738	0.165
\TheName{}-3.0	143	180	20	57	1657	0.17
SVM	179	153	47	21	4	0.005
LR	0	200	0	200	1	0.005
Ye-LDA	145	173	27	55	143	0.0075
DTree-10	75	168	32	125	2	0.005
DTree-20	100	162	38	100	4	0.005
RFC-50	111	183	17	89	33	0.01
RFC-100	106	180	20	94	66	0.0225
NLSVM-0.1	200	19	181	0	3	0.05
NLSVM-1.0	191	80	120	9	2	0.0375
NLSVM-10	200	1	199	0	3	0.035
LDA	143	161	39	57	361	0.3525
SDA-0.5	132	172	28	68	1667	0.1625
SDA-1.0	131	172	28	69	1663	0.1675
SDA-1.5	131	172	28	69	1601	0.1725
SDA-2.0	131	172	28	69	1647	0.1625
SDA-2.5	131	172	28	69	1647	0.1625
SDA-3.0	131	172	28	69	1597	0.165
\TheName{}-0.5	182	154	46	18	1713	0.1775
\TheName{}-1.0	161	175	25	39	1727	0.18
\TheName{}-1.5	146	174	26	54	1725	0.165
\TheName{}-2.0	138	173	27	62	1711	0.1625
\TheName{}-2.5	134	173	27	66	1791	0.1625
\TheName{}-3.0	134	172	28	66	1702	0.17
SVM	175	162	38	25	4	0.005
LR	0	200	0	200	0	0.005
Ye-LDA	153	181	19	47	143	0.0075
DTree-10	110	166	34	90	2	0.005
DTree-20	133	148	52	67	4	0.005
RFC-50	109	168	32	91	10	0.0125
RFC-100	106	167	33	94	53	0.025
NLSVM-0.1	200	26	174	0	2	0.0475
NLSVM-1.0	196	72	128	4	3	0.0375
NLSVM-10	152	177	23	48	2	0.035
LDA	104	145	55	96	347	0.3075
SDA-0.5	105	182	18	95	1657	0.1625
SDA-1.0	104	182	18	96	1770	0.1975
SDA-1.5	103	182	18	97	1634	0.17
SDA-2.0	103	181	19	97	1677	0.1725
SDA-2.5	103	181	19	97	1650	0.17
SDA-3.0	103	181	19	97	1662	0.1775
\TheName{}-0.5	148	133	67	52	1716	0.1625
\TheName{}-1.0	119	187	13	81	1789	0.175
\TheName{}-1.5	113	185	15	87	1755	0.1625
\TheName{}-2.0	110	183	17	90	1644	0.1675
\TheName{}-2.5	108	182	18	92	1739	0.165
\TheName{}-3.0	105	182	18	95	1722	0.1675
SVM	162	178	22	38	5	0.0025
LR	0	200	0	200	0	0.005
Ye-LDA	110	181	19	90	148	0.005
DTree-10	80	175	25	120	2	0.005
DTree-20	108	161	39	92	4	0.005
RFC-50	86	183	17	114	11	0.0075
RFC-100	90	179	21	110	52	0.02
NLSVM-0.1	200	31	169	0	3	0.05
NLSVM-1.0	171	71	129	29	2	0.0375
NLSVM-10	32	199	1	168	3	0.035
LDA	125	159	41	75	319	0.3225
SDA-0.5	129	158	42	71	1678	0.1625
SDA-1.0	126	157	43	74	1673	0.1625
SDA-1.5	126	157	43	74	1640	0.1775
SDA-2.0	126	157	43	74	1679	0.1825
SDA-2.5	126	157	43	74	1723	0.165
SDA-3.0	126	157	43	74	1587	0.2125
\TheName{}-0.5	180	156	44	20	1713	0.165
\TheName{}-1.0	146	165	35	54	1711	0.185
\TheName{}-1.5	140	161	39	60	1774	0.165
\TheName{}-2.0	135	159	41	65	1711	0.1625
\TheName{}-2.5	131	161	39	69	1698	0.1625
\TheName{}-3.0	131	159	41	69	1825	0.175
SVM	163	155	45	37	4	0.005
LR	0	200	0	200	1	0.005
Ye-LDA	132	173	27	68	146	0.0075
DTree-10	121	145	55	79	2	0.005
DTree-20	141	125	75	59	4	0.005
RFC-50	106	155	45	94	25	0.01
RFC-100	110	156	44	90	19	0.02
NLSVM-0.1	200	21	179	0	3	0.05
NLSVM-1.0	177	76	124	23	2	0.045
NLSVM-10	14	199	1	186	2	0.035
LDA	156	151	49	44	326	0.335
SDA-0.5	145	171	29	55	1705	0.1625
SDA-1.0	145	170	30	55	1651	0.1625
SDA-1.5	145	170	30	55	1707	0.17
SDA-2.0	146	170	30	54	1730	0.22
SDA-2.5	146	170	30	54	1634	0.1625
SDA-3.0	146	170	30	54	1714	0.1625
\TheName{}-0.5	169	115	85	31	1765	0.1625
\TheName{}-1.0	181	172	28	19	1799	0.1725
\TheName{}-1.5	167	174	26	33	1745	0.16
\TheName{}-2.0	155	172	28	45	1776	0.1625
\TheName{}-2.5	153	172	28	47	1699	0.165
\TheName{}-3.0	152	171	29	48	1631	0.175
SVM	177	156	44	23	4	0.005
LR	0	200	0	200	1	0.005
Ye-LDA	150	172	28	50	167	0.0325
DTree-10	111	171	29	89	2	0.005
DTree-20	128	162	38	72	5	0.005
RFC-50	102	174	26	98	10	0.01
RFC-100	104	177	23	96	53	0.025
NLSVM-0.1	200	17	183	0	3	0.05
NLSVM-1.0	192	72	128	8	2	0.0375
NLSVM-10	4	200	0	196	2	0.035
LDA	164	157	43	36	339	0.26
SDA-0.5	169	178	22	31	1718	0.17
SDA-1.0	166	179	21	34	1708	0.1725
SDA-1.5	165	179	21	35	1774	0.165
SDA-2.0	165	179	21	35	1598	0.18
SDA-2.5	165	179	21	35	1650	0.165
SDA-3.0	165	179	21	35	1606	0.17
\TheName{}-0.5	180	168	32	20	1732	0.165
\TheName{}-1.0	177	176	24	23	1782	0.165
\TheName{}-1.5	171	175	25	29	1707	0.17
\TheName{}-2.0	168	177	23	32	1785	0.17
\TheName{}-2.5	168	178	22	32	1691	0.1625
\TheName{}-3.0	166	178	22	34	1850	0.1625
SVM	181	164	36	19	4	0.005
LR	0	200	0	200	0	0.005
Ye-LDA	171	172	28	29	149	0.0175
DTree-10	93	180	20	107	4	0.0125
DTree-20	121	159	41	79	61	0.0125
RFC-50	121	174	26	79	15	0.03
RFC-100	117	173	27	83	35	0.04
NLSVM-0.1	199	21	179	1	3	0.05
NLSVM-1.0	57	187	13	143	3	0.0425
NLSVM-10	0	200	0	200	2	0.04
LDA	135	145	55	65	346	0.2375
SDA-0.5	123	170	30	77	1783	0.165
SDA-1.0	122	170	30	78	1633	0.1675
SDA-1.5	122	170	30	78	1707	0.1775
SDA-2.0	122	170	30	78	1606	0.17
SDA-2.5	122	170	30	78	1819	0.18
SDA-3.0	122	169	31	78	1746	0.17
\TheName{}-0.5	162	163	37	38	1746	0.1625
\TheName{}-1.0	140	182	18	60	1847	0.1625
\TheName{}-1.5	129	179	21	71	1688	0.17
\TheName{}-2.0	130	175	25	70	1830	0.175
\TheName{}-2.5	128	174	26	72	1767	0.165
\TheName{}-3.0	126	173	27	74	1807	0.1675
SVM	154	168	32	46	4	0.0075
LR	200	0	200	0	1	0.0025
Ye-LDA	143	182	18	57	155	0.0175
DTree-10	92	177	23	108	4	0.01
DTree-20	113	168	32	87	4	0.005
RFC-50	107	168	32	93	34	0.015
RFC-100	112	164	36	88	23	0.0175
NLSVM-0.1	3	200	0	197	4	0.0475
NLSVM-1.0	166	85	115	34	3	0.035
NLSVM-10	28	198	2	172	3	0.035
LDA	153	126	74	47	286	0.2125
SDA-0.5	146	169	31	54	1679	0.1625
SDA-1.0	146	166	34	54	1574	0.1625
SDA-1.5	146	167	33	54	1665	0.165
SDA-2.0	145	167	33	55	1651	0.1625
SDA-2.5	144	167	33	56	1679	0.175
SDA-3.0	144	167	33	56	1735	0.165
\TheName{}-0.5	187	143	57	13	1798	0.165
\TheName{}-1.0	166	163	37	34	1765	0.165
\TheName{}-1.5	158	165	35	42	1675	0.175
\TheName{}-2.0	157	167	33	43	1827	0.165
\TheName{}-2.5	155	167	33	45	1749	0.165
\TheName{}-3.0	155	167	33	45	1831	0.165
SVM	155	155	45	45	3	0.005
LR	0	200	0	200	1	0.005
Ye-LDA	151	166	34	49	147	0.005
DTree-10	78	182	18	122	4	0.0025
DTree-20	115	170	30	85	5	0.0025
RFC-50	108	180	20	92	11	0.01
RFC-100	107	179	21	93	59	0.025
NLSVM-0.1	200	12	188	0	3	0.05
NLSVM-1.0	176	67	133	24	2	0.0375
NLSVM-10	31	199	1	169	3	0.035
LDA	126	144	56	74	363	0.4225
SDA-0.5	120	176	24	80	1544	0.165
SDA-1.0	121	175	25	79	1686	0.165
SDA-1.5	120	175	25	80	1705	0.165
SDA-2.0	120	175	25	80	1621	0.165
SDA-2.5	120	175	25	80	1558	0.17
SDA-3.0	120	175	25	80	1716	0.1625
\TheName{}-0.5	129	86	114	71	1696	0.1625
\TheName{}-1.0	141	188	12	59	1732	0.1775
\TheName{}-1.5	128	182	18	72	1829	0.175
\TheName{}-2.0	129	177	23	71	1782	0.1625
\TheName{}-2.5	127	174	26	73	1768	0.165
\TheName{}-3.0	124	174	26	76	1725	0.165
SVM	154	172	28	46	3	0.005
LR	0	200	0	200	1	0.005
Ye-LDA	116	184	16	84	148	0.005
DTree-10	81	177	23	119	3	0.005
DTree-20	96	166	34	104	4	0.005
RFC-50	83	183	17	117	10	0.01
RFC-100	81	183	17	119	21	0.0225
NLSVM-0.1	200	10	190	0	3	0.05
NLSVM-1.0	193	54	146	7	2	0.0375
NLSVM-10	200	1	199	0	3	0.0325
LDA	166	135	65	34	372	0.3325
SDA-0.5	125	176	24	75	1828	0.1775
SDA-1.0	123	176	24	77	1914	0.17
SDA-1.5	122	174	26	78	1758	0.1675
SDA-2.0	122	173	27	78	1686	0.165
SDA-2.5	122	173	27	78	1946	0.175
SDA-3.0	122	173	27	78	1681	0.165
\TheName{}-0.5	179	132	68	21	1784	0.1625
\TheName{}-1.0	151	179	21	49	1831	0.175
\TheName{}-1.5	138	177	23	62	1901	0.1825
\TheName{}-2.0	135	177	23	65	1855	0.1675
\TheName{}-2.5	131	176	24	69	1730	0.1725
\TheName{}-3.0	130	176	24	70	1859	0.175
SVM	179	163	37	21	4	0.005
LR	0	200	0	200	0	0.005
Ye-LDA	123	177	23	77	144	0.0075
DTree-10	94	161	39	106	3	0.0025
DTree-20	135	142	58	65	14	0.005
RFC-50	115	179	21	85	10	0.0125
RFC-100	112	181	19	88	21	0.0225
NLSVM-0.1	4	200	0	196	3	0.0475
NLSVM-1.0	187	76	124	13	3	0.0375
NLSVM-10	9	199	1	191	2	0.035
LDA	152	131	69	48	447	0.2525
SDA-0.5	164	171	29	36	1652	0.1625
SDA-1.0	162	168	32	38	1623	0.1625
SDA-1.5	162	167	33	38	1654	0.165
SDA-2.0	162	166	34	38	1553	0.165
SDA-2.5	161	166	34	39	1632	0.1725
SDA-3.0	161	166	34	39	1650	0.1675
\TheName{}-0.5	174	157	43	26	1747	0.165
\TheName{}-1.0	173	172	28	27	1716	0.165
\TheName{}-1.5	167	169	31	33	1872	0.175
\TheName{}-2.0	167	166	34	33	1671	0.1625
\TheName{}-2.5	165	166	34	35	1751	0.165
\TheName{}-3.0	165	166	34	35	1762	0.1675
SVM	160	147	53	40	3	0.005
LR	200	0	200	0	1	0.005
Ye-LDA	167	155	45	33	140	0.005
DTree-10	54	179	21	146	2	0.005
DTree-20	91	152	48	109	4	0.005
RFC-50	106	178	22	94	10	0.01
RFC-100	104	178	22	96	20	0.0225
NLSVM-0.1	200	17	183	0	3	0.05
NLSVM-1.0	17	197	3	183	2	0.05
NLSVM-10	199	16	184	1	7	0.0375
LDA	135	152	48	65	357	0.49
SDA-0.5	143	164	36	57	1632	0.185
SDA-1.0	143	163	37	57	1662	0.1675
SDA-1.5	141	163	37	59	1765	0.1825
SDA-2.0	141	163	37	59	1662	0.1675
SDA-2.5	139	163	37	61	1617	0.17
SDA-3.0	139	163	37	61	1711	0.175
\TheName{}-0.5	161	170	30	39	1618	0.1625
\TheName{}-1.0	152	165	35	48	1644	0.1625
\TheName{}-1.5	147	164	36	53	1737	0.1625
\TheName{}-2.0	142	163	37	58	1732	0.1875
\TheName{}-2.5	143	163	37	57	1675	0.165
\TheName{}-3.0	143	162	38	57	1753	0.165
SVM	165	157	43	35	3	0.0075
LR	0	200	0	200	0	0.005
Ye-LDA	139	167	33	61	146	0.005
DTree-10	72	179	21	128	3	0.0025
DTree-20	116	164	36	84	5	0.0025
RFC-50	105	176	24	95	32	0.01
RFC-100	112	175	25	88	69	0.04
NLSVM-0.1	199	20	180	1	3	0.0525
NLSVM-1.0	160	93	107	40	2	0.0425
NLSVM-10	200	10	190	0	2	0.035
LDA	108	152	48	92	403	0.205
SDA-0.5	130	178	22	70	1613	0.17
SDA-1.0	128	179	21	72	1691	0.1775
SDA-1.5	127	179	21	73	1817	0.1675
SDA-2.0	127	178	22	73	1684	0.1625
SDA-2.5	126	178	22	74	1700	0.17
SDA-3.0	126	178	22	74	1673	0.1725
\TheName{}-0.5	187	136	64	13	1787	0.1925
\TheName{}-1.0	160	178	22	40	1765	0.1625
\TheName{}-1.5	142	179	21	58	1695	0.165
\TheName{}-2.0	137	180	20	63	1801	0.1725
\TheName{}-2.5	136	179	21	64	1771	0.1625
\TheName{}-3.0	132	178	22	68	1712	0.165
SVM	166	162	38	34	4	0.005
LR	0	200	0	200	1	0.0025
Ye-LDA	124	176	24	76	147	0.005
DTree-10	89	185	15	111	3	0.005
DTree-20	106	180	20	94	4	0.005
RFC-50	105	185	15	95	32	0.015
RFC-100	97	179	21	103	63	0.025
NLSVM-0.1	199	22	178	1	3	0.05
NLSVM-1.0	174	87	113	26	3	0.0575
NLSVM-10	3	200	0	197	2	0.035
LDA	152	133	67	48	384	0.3775
SDA-0.5	129	178	22	71	1623	0.1625
SDA-1.0	128	178	22	72	1533	0.165
SDA-1.5	128	178	22	72	1678	0.165
SDA-2.0	127	178	22	73	1632	0.165
SDA-2.5	127	178	22	73	1780	0.1625
SDA-3.0	127	178	22	73	1704	0.1625
\TheName{}-0.5	176	138	62	24	1700	0.175
\TheName{}-1.0	160	170	30	40	1738	0.17
\TheName{}-1.5	142	172	28	58	1641	0.1625
\TheName{}-2.0	136	176	24	64	1676	0.1625
\TheName{}-2.5	134	177	23	66	1754	0.17
\TheName{}-3.0	134	177	23	66	1795	0.1625
SVM	172	152	48	28	3	0.005
LR	0	200	0	200	1	0.005
Ye-LDA	149	170	30	51	142	0.0025
DTree-10	98	174	26	102	3	0.0
DTree-20	132	159	41	68	6	0.0025
RFC-50	94	181	19	106	13	0.0125
RFC-100	101	179	21	99	21	0.02
NLSVM-0.1	2	200	0	198	4	0.065
NLSVM-1.0	41	181	19	159	2	0.0575
NLSVM-10	17	200	0	183	2	0.0375
LDA	146	155	45	54	305	0.235
SDA-0.5	147	178	22	53	1641	0.17
SDA-1.0	145	177	23	55	1617	0.1625
SDA-1.5	144	177	23	56	1628	0.17
SDA-2.0	144	176	24	56	1720	0.17
SDA-2.5	143	176	24	57	1623	0.1625
SDA-3.0	143	176	24	57	1665	0.1625
\TheName{}-0.5	166	110	90	34	1687	0.165
\TheName{}-1.0	183	159	41	17	1725	0.1725
\TheName{}-1.5	165	176	24	35	1742	0.165
\TheName{}-2.0	155	175	25	45	1717	0.1625
\TheName{}-2.5	153	176	24	47	1781	0.1725
\TheName{}-3.0	152	176	24	48	1765	0.19
SVM	170	162	38	30	4	0.005
LR	200	0	200	0	0	0.005
Ye-LDA	179	146	54	21	140	0.005
DTree-10	108	159	41	92	2	0.005
DTree-20	136	147	53	64	4	0.0025
RFC-50	104	179	21	96	25	0.0075
RFC-100	99	178	22	101	51	0.0175
NLSVM-0.1	200	14	186	0	7	0.06
NLSVM-1.0	20	195	5	180	5	0.05
NLSVM-10	4	200	0	196	2	0.08
LDA	138	161	39	62	374	0.2275
SDA-0.5	129	169	31	71	1697	0.16
SDA-1.0	128	169	31	72	1692	0.165
SDA-1.5	128	169	31	72	1699	0.1625
SDA-2.0	129	169	31	71	1706	0.18
SDA-2.5	128	169	31	72	1702	0.1625
SDA-3.0	128	169	31	72	1785	0.1625
\TheName{}-0.5	183	164	36	17	1768	0.1625
\TheName{}-1.0	146	173	27	54	1764	0.17
\TheName{}-1.5	133	169	31	67	1765	0.165
\TheName{}-2.0	131	168	32	69	1741	0.1625
\TheName{}-2.5	131	168	32	69	1806	0.17
\TheName{}-3.0	130	168	32	70	1673	0.1825
SVM	170	172	28	30	4	0.005
LR	0	200	0	200	0	0.005
Ye-LDA	137	172	28	63	144	0.005
DTree-10	104	168	32	96	10	0.005
DTree-20	134	154	46	66	5	0.005
RFC-50	108	171	29	92	36	0.01
RFC-100	104	174	26	96	55	0.025
NLSVM-0.1	199	24	176	1	3	0.0475
NLSVM-1.0	182	70	130	18	2	0.065
NLSVM-10	33	198	2	167	2	0.035
LDA	137	159	41	63	343	0.2775
SDA-0.5	141	170	30	59	1635	0.1675
SDA-1.0	142	170	30	58	1835	0.165
SDA-1.5	142	170	30	58	1584	0.1625
SDA-2.0	142	170	30	58	1628	0.17
SDA-2.5	142	170	30	58	1561	0.1675
SDA-3.0	142	170	30	58	1647	0.165
\TheName{}-0.5	181	154	46	19	1682	0.165
\TheName{}-1.0	147	173	27	53	1723	0.175
\TheName{}-1.5	143	171	29	57	1708	0.17
\TheName{}-2.0	141	171	29	59	1644	0.165
\TheName{}-2.5	141	171	29	59	1727	0.165
\TheName{}-3.0	141	170	30	59	1670	0.1625
SVM	161	166	34	39	4	0.005
LR	0	200	0	200	0	0.005
Ye-LDA	116	179	21	84	146	0.005
DTree-10	87	163	37	113	3	0.005
DTree-20	109	157	43	91	29	0.0025
RFC-50	98	167	33	102	11	0.0125
RFC-100	113	172	28	87	59	0.0325
NLSVM-0.1	2	200	0	198	3	0.075
NLSVM-1.0	175	68	132	25	2	0.06
NLSVM-10	200	51	149	0	2	0.04
