LDA	153	109	91	47	801	0.625
SDA-0.5	144	169	31	56	2009	0.2125
SDA-1.0	143	169	31	57	1937	0.185
SDA-1.5	143	169	31	57	1818	0.165
SDA-2.0	143	169	31	57	2034	0.18
SDA-2.5	142	169	31	58	1733	0.175
SDA-3.0	141	169	31	59	1663	0.195
\TheName{}-0.5	178	152	48	22	1875	0.26
\TheName{}-1.0	161	172	28	39	2027	0.1725
\TheName{}-1.5	150	172	28	50	2245	0.165
\TheName{}-2.0	144	172	28	56	1721	0.165
\TheName{}-2.5	143	170	30	57	1783	0.1675
\TheName{}-3.0	143	170	30	57	1630	0.2425
SVM	164	150	50	36	19	0.0275
LR	0	200	0	200	29	0.0125
Ye-LDA	123	171	29	77	313	0.02
DTree-10	95	170	30	105	81	0.015
DTree-20	112	152	48	88	19	0.01
RFC-50	73	185	15	127	84	0.0125
RFC-100	74	181	19	126	12	0.0175
NLSVM-0.1	200	9	191	0	32	0.045
NLSVM-1.0	75	150	50	125	2	0.03
NLSVM-10	199	71	129	1	2	0.0275
LDA	172	141	59	28	410	0.28
SDA-0.5	175	155	45	25	1795	0.1675
SDA-1.0	175	155	45	25	1676	0.17
SDA-1.5	175	154	46	25	1795	0.18
SDA-2.0	175	154	46	25	1870	0.165
SDA-2.5	175	154	46	25	1642	0.18
SDA-3.0	175	154	46	25	1611	0.165
\TheName{}-0.5	176	163	37	24	1636	0.165
\TheName{}-1.0	181	153	47	19	1700	0.175
\TheName{}-1.5	180	154	46	20	1984	0.165
\TheName{}-2.0	179	154	46	21	1677	0.165
\TheName{}-2.5	179	154	46	21	1708	0.2175
\TheName{}-3.0	178	154	46	22	1689	0.165
SVM	173	148	52	27	2	0.01
LR	0	200	0	200	3	0.015
Ye-LDA	127	161	39	73	144	0.0175
DTree-10	93	167	33	107	18	0.015
DTree-20	117	157	43	83	16	0.015
RFC-50	67	183	17	133	7	0.0125
RFC-100	63	189	11	137	11	0.0225
NLSVM-0.1	0	200	0	200	1	0.04
NLSVM-1.0	12	194	6	188	0	0.0375
NLSVM-10	54	195	5	146	1	0.02
LDA	149	143	57	51	517	0.2625
SDA-0.5	153	161	39	47	1596	0.165
SDA-1.0	152	162	38	48	1516	0.1625
SDA-1.5	151	162	38	49	1849	0.165
SDA-2.0	151	161	39	49	1623	0.1625
SDA-2.5	151	161	39	49	1670	0.1625
SDA-3.0	151	161	39	49	1737	0.185
\TheName{}-0.5	128	102	98	72	1861	0.1675
\TheName{}-1.0	170	161	39	30	1903	0.1775
\TheName{}-1.5	164	160	40	36	1839	0.17
\TheName{}-2.0	159	162	38	41	1881	0.1675
\TheName{}-2.5	159	161	39	41	1892	0.1825
\TheName{}-3.0	156	161	39	44	1778	0.165
SVM	158	142	58	42	2	0.005
LR	0	200	0	200	2	0.0075
Ye-LDA	123	163	37	77	133	0.0025
DTree-10	95	145	55	105	4	0.0175
DTree-20	124	131	69	76	7	0.01
RFC-50	70	180	20	130	34	0.0075
RFC-100	78	176	24	122	18	0.0175
NLSVM-0.1	1	200	0	199	1	0.07
NLSVM-1.0	197	66	134	3	6	0.02
NLSVM-10	200	0	200	0	0	0.0275
LDA	101	178	22	99	470	0.2425
SDA-0.5	80	185	15	120	1562	0.1825
SDA-1.0	80	185	15	120	1658	0.1825
SDA-1.5	80	184	16	120	1714	0.165
SDA-2.0	80	184	16	120	1532	0.1625
SDA-2.5	80	184	16	120	1575	0.165
SDA-3.0	80	184	16	120	1591	0.175
\TheName{}-0.5	129	23	177	71	1627	0.185
\TheName{}-1.0	134	38	162	66	1777	0.1625
\TheName{}-1.5	159	131	69	41	1719	0.1675
\TheName{}-2.0	97	183	17	103	1652	0.1625
\TheName{}-2.5	85	186	14	115	1635	0.1625
\TheName{}-3.0	84	185	15	116	1582	0.165
SVM	111	172	28	89	2	0.005
LR	0	200	0	200	2	0.005
Ye-LDA	79	172	28	121	120	0.0075
DTree-10	110	147	53	90	15	0.1175
DTree-20	112	144	56	88	6	0.0
RFC-50	53	193	7	147	7	0.01
RFC-100	53	189	11	147	19	0.0125
NLSVM-0.1	200	10	190	0	0	0.025
NLSVM-1.0	162	84	116	38	2	0.035
NLSVM-10	51	194	6	149	1	0.0175
LDA	131	153	47	69	391	0.3825
SDA-0.5	109	174	26	91	1734	0.175
SDA-1.0	105	174	26	95	1820	0.165
SDA-1.5	103	173	27	97	1782	0.1775
SDA-2.0	103	173	27	97	1614	0.165
SDA-2.5	103	173	27	97	1690	0.1625
SDA-3.0	103	173	27	97	1684	0.165
\TheName{}-0.5	129	111	89	71	1722	0.1775
\TheName{}-1.0	122	174	26	78	1920	0.1675
\TheName{}-1.5	115	173	27	85	1751	0.17
\TheName{}-2.0	113	174	26	87	1795	0.165
\TheName{}-2.5	111	174	26	89	1770	0.165
\TheName{}-3.0	110	173	27	90	1742	0.1675
SVM	153	151	49	47	2	0.0125
LR	200	0	200	0	3	0.015
Ye-LDA	122	165	35	78	105	0.005
DTree-10	99	145	55	101	13	0.0025
DTree-20	106	141	59	94	3	0.005
RFC-50	68	183	17	132	15	0.005
RFC-100	62	182	18	138	24	0.0125
NLSVM-0.1	198	6	194	2	1	0.04
NLSVM-1.0	190	34	166	10	1	0.0225
NLSVM-10	198	63	137	2	1	0.02
LDA	166	140	60	34	310	0.285
SDA-0.5	159	155	45	41	1643	0.165
SDA-1.0	159	155	45	41	1880	0.1725
SDA-1.5	159	155	45	41	1626	0.1675
SDA-2.0	160	155	45	40	1619	0.1625
SDA-2.5	160	155	45	40	1611	0.1625
SDA-3.0	160	154	46	40	1619	0.165
\TheName{}-0.5	149	154	46	51	1665	0.165
\TheName{}-1.0	161	160	40	39	1777	0.1775
\TheName{}-1.5	162	160	40	38	1795	0.17
\TheName{}-2.0	162	157	43	38	1734	0.1675
\TheName{}-2.5	160	157	43	40	1697	0.165
\TheName{}-3.0	160	156	44	40	1650	0.1675
SVM	173	144	56	27	1	0.0075
LR	0	200	0	200	1	0.005
Ye-LDA	135	162	38	65	111	0.0025
DTree-10	94	168	32	106	2	0.005
DTree-20	100	166	34	100	3	0.0025
RFC-50	38	190	10	162	45	0.005
RFC-100	45	189	11	155	34	0.01
NLSVM-0.1	200	9	191	0	3	0.0825
NLSVM-1.0	198	28	172	2	0	0.02
NLSVM-10	200	0	200	0	4	0.0175
LDA	159	141	59	41	304	0.29
SDA-0.5	186	119	81	14	1654	0.1675
SDA-1.0	186	120	80	14	1694	0.165
SDA-1.5	186	120	80	14	1654	0.1625
SDA-2.0	185	121	79	15	1616	0.17
SDA-2.5	185	121	79	15	1762	0.1675
SDA-3.0	185	122	78	15	1588	0.165
\TheName{}-0.5	185	129	71	15	1727	0.1625
\TheName{}-1.0	189	121	79	11	1910	0.175
\TheName{}-1.5	188	121	79	12	1712	0.165
\TheName{}-2.0	188	121	79	12	1733	0.1625
\TheName{}-2.5	188	120	80	12	1949	0.1725
\TheName{}-3.0	188	119	81	12	1761	0.1725
SVM	162	138	62	38	2	0.005
LR	0	200	0	200	1	0.0125
Ye-LDA	168	146	54	32	105	0.005
DTree-10	78	178	22	122	3	0.005
DTree-20	125	155	45	75	11	0.0125
RFC-50	50	194	6	150	4	0.005
RFC-100	34	198	2	166	15	0.025
NLSVM-0.1	147	84	116	53	1	0.025
NLSVM-1.0	199	25	175	1	1	0.0175
NLSVM-10	198	55	145	2	0	0.02
LDA	120	155	45	80	378	0.2975
SDA-0.5	156	160	40	44	1459	0.165
SDA-1.0	153	160	40	47	1556	0.1675
SDA-1.5	153	158	42	47	1644	0.1625
SDA-2.0	153	158	42	47	1717	0.1875
SDA-2.5	153	158	42	47	1719	0.1675
SDA-3.0	153	158	42	47	1665	0.1875
\TheName{}-0.5	172	164	36	28	1722	0.1675
\TheName{}-1.0	161	160	40	39	1746	0.175
\TheName{}-1.5	160	159	41	40	1691	0.165
\TheName{}-2.0	157	158	42	43	1707	0.1675
\TheName{}-2.5	157	160	40	43	1696	0.165
\TheName{}-3.0	155	159	41	45	1697	0.1875
SVM	162	169	31	38	1	0.01
LR	200	0	200	0	1	0.005
Ye-LDA	180	128	72	20	106	0.015
DTree-10	107	168	32	93	17	0.0175
DTree-20	110	159	41	90	18	0.0275
RFC-50	70	186	14	130	6	0.015
RFC-100	71	179	21	129	11	0.0125
NLSVM-0.1	126	140	60	74	1	0.0425
NLSVM-1.0	198	46	154	2	1	0.02
NLSVM-10	200	0	200	0	1	0.0275
LDA	127	171	29	73	328	0.1825
SDA-0.5	137	175	25	63	1831	0.1625
SDA-1.0	137	174	26	63	1491	0.1625
SDA-1.5	137	174	26	63	1694	0.1725
SDA-2.0	136	174	26	64	1605	0.1625
SDA-2.5	135	174	26	65	1654	0.1625
SDA-3.0	134	174	26	66	1568	0.1625
\TheName{}-0.5	149	125	75	51	1965	0.165
\TheName{}-1.0	148	153	47	52	1730	0.165
\TheName{}-1.5	150	167	33	50	1734	0.17
\TheName{}-2.0	146	167	33	54	1774	0.1675
\TheName{}-2.5	146	169	31	54	1868	0.1625
\TheName{}-3.0	145	170	30	55	1766	0.2125
SVM	132	165	35	68	3	0.0075
LR	0	200	0	200	1	0.005
Ye-LDA	136	166	34	64	141	0.0025
DTree-10	93	167	33	107	3	0.005
DTree-20	116	149	51	84	28	0.0125
RFC-50	57	186	14	143	7	0.0325
RFC-100	45	196	4	155	10	0.015
NLSVM-0.1	62	171	29	138	1	0.0325
NLSVM-1.0	1	199	1	199	1	0.0225
NLSVM-10	200	4	196	0	1	0.14
LDA	190	109	91	10	300	0.2925
SDA-0.5	185	139	61	15	1805	0.17
SDA-1.0	186	139	61	14	1605	0.165
SDA-1.5	186	139	61	14	1573	0.1625
SDA-2.0	186	139	61	14	1615	0.1625
SDA-2.5	186	137	63	14	1568	0.175
SDA-3.0	186	137	63	14	1512	0.1625
\TheName{}-0.5	193	118	82	7	1783	0.17
\TheName{}-1.0	190	126	74	10	1681	0.1625
\TheName{}-1.5	190	132	68	10	1759	0.17
\TheName{}-2.0	188	135	65	12	1713	0.1625
\TheName{}-2.5	186	136	64	14	1615	0.165
\TheName{}-3.0	186	136	64	14	1726	0.165
SVM	191	122	78	9	1	0.005
LR	200	0	200	0	1	0.005
Ye-LDA	189	120	80	11	100	0.005
DTree-10	91	169	31	109	2	0.005
DTree-20	140	142	58	60	3	0.005
RFC-50	55	189	11	145	8	0.0075
RFC-100	48	192	8	152	19	0.01
NLSVM-0.1	200	12	188	0	1	0.03
NLSVM-1.0	70	155	45	130	0	0.02
NLSVM-10	200	0	200	0	0	0.02
LDA	137	152	48	63	275	0.2725
SDA-0.5	142	164	36	58	1545	0.1675
SDA-1.0	141	165	35	59	1571	0.165
SDA-1.5	139	165	35	61	1521	0.1625
SDA-2.0	139	164	36	61	1617	0.1725
SDA-2.5	139	164	36	61	1652	0.1725
SDA-3.0	139	164	36	61	1583	0.1775
\TheName{}-0.5	122	167	33	78	1712	0.1675
\TheName{}-1.0	133	166	34	67	1571	0.165
\TheName{}-1.5	137	166	34	63	1679	0.16
\TheName{}-2.0	137	166	34	63	1677	0.175
\TheName{}-2.5	138	165	35	62	1671	0.165
\TheName{}-3.0	138	165	35	62	1681	0.1625
SVM	133	152	48	67	2	0.005
LR	0	200	0	200	0	0.005
Ye-LDA	135	164	36	65	102	0.0025
DTree-10	109	164	36	91	2	0.005
DTree-20	115	164	36	85	3	0.0025
RFC-50	62	183	17	138	15	0.005
RFC-100	71	180	20	129	18	0.01
NLSVM-0.1	43	174	26	157	1	0.0225
NLSVM-1.0	169	74	126	31	1	0.0175
NLSVM-10	71	196	4	129	0	0.0175
LDA	140	139	61	60	288	0.255
SDA-0.5	132	169	31	68	1586	0.1625
SDA-1.0	130	168	32	70	1711	0.165
SDA-1.5	129	168	32	71	1652	0.165
SDA-2.0	129	168	32	71	1588	0.1675
SDA-2.5	129	167	33	71	1722	0.1725
SDA-3.0	129	167	33	71	1499	0.165
\TheName{}-0.5	151	176	24	49	1743	0.1975
\TheName{}-1.0	139	173	27	61	1676	0.17
\TheName{}-1.5	133	171	29	67	1647	0.1625
\TheName{}-2.0	133	170	30	67	1633	0.1675
\TheName{}-2.5	131	170	30	69	1853	0.175
\TheName{}-3.0	131	170	30	69	1604	0.165
SVM	132	168	32	68	1	0.005
LR	0	200	0	200	1	0.005
Ye-LDA	111	171	29	89	104	0.0025
DTree-10	109	146	54	91	2	0.005
DTree-20	125	134	66	75	2	0.005
RFC-50	62	180	20	138	9	0.005
RFC-100	53	183	17	147	20	0.01
NLSVM-0.1	49	184	16	151	0	0.025
NLSVM-1.0	196	31	169	4	0	0.02
NLSVM-10	68	191	9	132	0	0.0175
LDA	133	164	36	67	308	0.27
SDA-0.5	156	178	22	44	1746	0.1625
SDA-1.0	155	178	22	45	1577	0.1675
SDA-1.5	155	178	22	45	1764	0.165
SDA-2.0	154	178	22	46	1614	0.1625
SDA-2.5	154	178	22	46	1692	0.185
SDA-3.0	154	178	22	46	1698	0.1675
\TheName{}-0.5	177	142	58	23	1661	0.1625
\TheName{}-1.0	167	172	28	33	1708	0.1825
\TheName{}-1.5	162	176	24	38	1678	0.1625
\TheName{}-2.0	156	176	24	44	1643	0.1625
\TheName{}-2.5	156	177	23	44	1758	0.17
\TheName{}-3.0	155	178	22	45	1626	0.165
SVM	151	160	40	49	1	0.005
LR	0	200	0	200	1	0.005
Ye-LDA	116	175	25	84	112	0.0025
DTree-10	81	176	24	119	13	0.005
DTree-20	114	156	44	86	3	0.005
RFC-50	68	181	19	132	11	0.0125
RFC-100	58	190	10	142	9	0.0275
NLSVM-0.1	3	200	0	197	0	0.0325
NLSVM-1.0	177	46	154	23	1	0.0375
NLSVM-10	0	200	0	200	1	0.0275
LDA	130	169	31	70	340	0.2225
SDA-0.5	100	188	12	100	1652	0.1625
SDA-1.0	100	188	12	100	1594	0.17
SDA-1.5	99	188	12	101	1609	0.165
SDA-2.0	99	188	12	101	1566	0.165
SDA-2.5	99	188	12	101	1624	0.1625
SDA-3.0	99	189	11	101	1686	0.165
\TheName{}-0.5	147	92	108	53	1706	0.17
\TheName{}-1.0	125	190	10	75	1777	0.17
\TheName{}-1.5	109	190	10	91	1732	0.17
\TheName{}-2.0	106	190	10	94	1875	0.1675
\TheName{}-2.5	103	190	10	97	1823	0.1725
\TheName{}-3.0	101	189	11	99	1627	0.1625
SVM	136	174	26	64	1	0.0075
LR	0	200	0	200	0	0.005
Ye-LDA	105	186	14	95	107	0.0025
DTree-10	76	175	25	124	2	0.005
DTree-20	97	160	40	103	25	0.005
RFC-50	66	188	12	134	3	0.0075
RFC-100	65	190	10	135	6	0.0125
NLSVM-0.1	39	193	7	161	1	0.025
NLSVM-1.0	167	69	131	33	1	0.0175
NLSVM-10	200	9	191	0	1	0.015
LDA	162	139	61	38	357	0.34
SDA-0.5	144	170	30	56	1602	0.1625
SDA-1.0	143	170	30	57	1594	0.1625
SDA-1.5	143	169	31	57	1573	0.185
SDA-2.0	143	169	31	57	1719	0.1725
SDA-2.5	143	169	31	57	1618	0.1625
SDA-3.0	143	169	31	57	1587	0.1625
\TheName{}-0.5	143	94	106	57	1643	0.1775
\TheName{}-1.0	177	141	59	23	1750	0.165
\TheName{}-1.5	159	169	31	41	1630	0.1675
\TheName{}-2.0	151	171	29	49	1764	0.17
\TheName{}-2.5	148	171	29	52	1620	0.1625
\TheName{}-3.0	146	171	29	54	1671	0.165
SVM	166	141	59	34	1	0.005
LR	0	200	0	200	1	0.0025
Ye-LDA	150	167	33	50	108	0.0025
DTree-10	105	168	32	95	3	0.0025
DTree-20	108	167	33	92	2	0.005
RFC-50	60	187	13	140	8	0.0075
RFC-100	60	190	10	140	15	0.0125
NLSVM-0.1	0	200	0	200	1	0.0225
NLSVM-1.0	198	43	157	2	1	0.0175
NLSVM-10	195	94	106	5	1	0.0175
LDA	118	155	45	82	347	0.255
SDA-0.5	162	150	50	38	1589	0.165
SDA-1.0	163	149	51	37	1625	0.165
SDA-1.5	163	149	51	37	1694	0.175
SDA-2.0	163	149	51	37	1509	0.1725
SDA-2.5	164	148	52	36	1649	0.1625
SDA-3.0	164	148	52	36	1633	0.1625
\TheName{}-0.5	73	178	22	127	1716	0.185
\TheName{}-1.0	146	166	34	54	1839	0.165
\TheName{}-1.5	154	158	42	46	1740	0.18
\TheName{}-2.0	156	153	47	44	1722	0.1825
\TheName{}-2.5	156	152	48	44	1743	0.1675
\TheName{}-3.0	157	151	49	43	1672	0.17
SVM	140	153	47	60	2	0.0125
LR	0	200	0	200	1	0.0125
Ye-LDA	129	163	37	71	120	0.005
DTree-10	90	167	33	110	13	0.005
DTree-20	110	153	47	90	3	0.0075
RFC-50	67	184	16	133	12	0.01
RFC-100	62	190	10	138	20	0.0175
NLSVM-0.1	33	194	6	167	1	0.03
NLSVM-1.0	166	77	123	34	1	0.0175
NLSVM-10	200	5	195	0	0	0.02
LDA	142	141	59	58	341	0.27
SDA-0.5	125	167	33	75	1609	0.18
SDA-1.0	125	167	33	75	1556	0.165
SDA-1.5	125	167	33	75	1623	0.165
SDA-2.0	125	167	33	75	1607	0.1675
SDA-2.5	125	167	33	75	1773	0.175
SDA-3.0	125	167	33	75	1605	0.1625
\TheName{}-0.5	136	163	37	64	1683	0.165
\TheName{}-1.0	134	167	33	66	1722	0.165
\TheName{}-1.5	127	165	35	73	1659	0.165
\TheName{}-2.0	127	165	35	73	1703	0.1625
\TheName{}-2.5	127	165	35	73	1588	0.165
\TheName{}-3.0	125	165	35	75	1699	0.17
SVM	148	143	57	52	1	0.005
LR	0	200	0	200	1	0.005
Ye-LDA	110	164	36	90	107	0.005
DTree-10	80	163	37	120	3	0.005
DTree-20	88	143	57	112	56	0.005
RFC-50	52	190	10	148	10	0.005
RFC-100	49	189	11	151	17	0.01
NLSVM-0.1	1	200	0	199	0	0.035
NLSVM-1.0	185	45	155	15	1	0.0175
NLSVM-10	0	200	0	200	1	0.0175
LDA	152	166	34	48	323	0.27
SDA-0.5	100	182	18	100	1696	0.1775
SDA-1.0	102	182	18	98	1526	0.165
SDA-1.5	102	182	18	98	1607	0.1625
SDA-2.0	102	182	18	98	1565	0.165
SDA-2.5	102	182	18	98	1705	0.1725
SDA-3.0	102	181	19	98	1631	0.1725
\TheName{}-0.5	147	151	49	53	1624	0.1825
\TheName{}-1.0	131	180	20	69	1695	0.1625
\TheName{}-1.5	114	182	18	86	1636	0.1725
\TheName{}-2.0	108	182	18	92	1618	0.165
\TheName{}-2.5	104	181	19	96	1635	0.16
\TheName{}-3.0	104	181	19	96	1732	0.1675
SVM	156	167	33	44	1	0.0075
LR	0	200	0	200	0	0.005
Ye-LDA	114	178	22	86	132	0.0025
DTree-10	88	173	27	112	2	0.0025
DTree-20	100	167	33	100	3	0.015
RFC-50	46	186	14	154	3	0.005
RFC-100	52	189	11	148	11	0.01
NLSVM-0.1	200	15	185	0	0	0.04
NLSVM-1.0	199	25	175	1	1	0.03
NLSVM-10	200	0	200	0	0	0.0175
LDA	145	146	54	55	263	0.2675
SDA-0.5	155	152	48	45	1683	0.1675
SDA-1.0	154	152	48	46	1606	0.1625
SDA-1.5	154	152	48	46	1609	0.1625
SDA-2.0	154	152	48	46	1536	0.1675
SDA-2.5	152	152	48	48	1585	0.1725
SDA-3.0	152	152	48	48	1693	0.165
\TheName{}-0.5	182	137	63	18	1676	0.165
\TheName{}-1.0	165	157	43	35	1824	0.1775
\TheName{}-1.5	164	153	47	36	1756	0.165
\TheName{}-2.0	163	152	48	37	1772	0.175
\TheName{}-2.5	162	151	49	38	1806	0.165
\TheName{}-3.0	161	151	49	39	1708	0.17
SVM	156	147	53	44	1	0.01
LR	200	0	200	0	1	0.0275
Ye-LDA	189	96	104	11	108	0.0075
DTree-10	116	148	52	84	4	0.01
DTree-20	121	137	63	79	3	0.005
RFC-50	71	182	18	129	10	0.025
RFC-100	76	181	19	124	21	0.0125
NLSVM-0.1	200	15	185	0	0	0.0625
NLSVM-1.0	144	104	96	56	0	0.0375
NLSVM-10	197	89	111	3	1	0.0325
LDA	157	134	66	43	280	0.2575
SDA-0.5	151	169	31	49	1554	0.16
SDA-1.0	152	168	32	48	1684	0.175
SDA-1.5	152	168	32	48	1639	0.165
SDA-2.0	152	168	32	48	1572	0.1625
SDA-2.5	152	168	32	48	1710	0.165
SDA-3.0	151	168	32	49	1652	0.165
\TheName{}-0.5	178	141	59	22	1695	0.1675
\TheName{}-1.0	162	162	38	38	1817	0.1775
\TheName{}-1.5	156	163	37	44	1680	0.1675
\TheName{}-2.0	155	166	34	45	1748	0.175
\TheName{}-2.5	155	165	35	45	1689	0.165
\TheName{}-3.0	155	166	34	45	1658	0.17
SVM	165	150	50	35	1	0.0075
LR	0	200	0	200	0	0.005
Ye-LDA	123	163	37	77	106	0.0025
DTree-10	105	161	39	95	2	0.005
DTree-20	116	158	42	84	3	0.0
RFC-50	61	184	16	139	10	0.02
RFC-100	54	188	12	146	18	0.0175
NLSVM-0.1	0	200	0	200	2	0.1075
NLSVM-1.0	186	70	130	14	1	0.0225
NLSVM-10	0	200	0	200	1	0.0425
LDA	164	143	57	36	276	0.285
SDA-0.5	107	176	24	93	1661	0.1725
SDA-1.0	106	175	25	94	1593	0.1625
SDA-1.5	106	174	26	94	1531	0.1625
SDA-2.0	106	174	26	94	1561	0.1625
SDA-2.5	106	174	26	94	1655	0.1725
SDA-3.0	106	174	26	94	1636	0.165
\TheName{}-0.5	131	54	146	69	1784	0.1625
\TheName{}-1.0	167	145	55	33	1721	0.1675
\TheName{}-1.5	133	171	29	67	1741	0.165
\TheName{}-2.0	122	172	28	78	1706	0.1775
\TheName{}-2.5	115	174	26	85	1645	0.18
\TheName{}-3.0	115	178	22	85	1654	0.1675
SVM	159	155	45	41	1	0.005
LR	0	200	0	200	1	0.005
Ye-LDA	91	183	17	109	135	0.005
DTree-10	92	180	20	108	2	0.005
DTree-20	124	152	48	76	3	0.005
RFC-50	66	183	17	134	8	0.005
RFC-100	65	192	8	135	16	0.0125
NLSVM-0.1	0	200	0	200	1	0.025
NLSVM-1.0	5	198	2	195	0	0.0175
NLSVM-10	0	200	0	200	1	0.0275
LDA	106	166	34	94	334	0.255
SDA-0.5	129	175	25	71	1647	0.1625
SDA-1.0	127	174	26	73	1670	0.175
SDA-1.5	127	174	26	73	1653	0.1625
SDA-2.0	127	174	26	73	1510	0.1625
SDA-2.5	127	174	26	73	1663	0.1625
SDA-3.0	127	174	26	73	1646	0.165
\TheName{}-0.5	121	174	26	79	1690	0.165
\TheName{}-1.0	127	179	21	73	1646	0.165
\TheName{}-1.5	127	176	24	73	1717	0.165
\TheName{}-2.0	127	176	24	73	1761	0.185
\TheName{}-2.5	127	176	24	73	1742	0.1625
\TheName{}-3.0	127	175	25	73	1612	0.1775
SVM	125	165	35	75	2	0.005
LR	0	200	0	200	1	0.005
Ye-LDA	107	177	23	93	112	0.0025
DTree-10	99	155	45	101	90	0.0025
DTree-20	101	154	46	99	2	0.0025
RFC-50	70	186	14	130	4	0.01
RFC-100	66	185	15	134	25	0.015
NLSVM-0.1	1	200	0	199	1	0.03
NLSVM-1.0	125	130	70	75	0	0.0175
NLSVM-10	200	6	194	0	1	0.0175
LDA	140	136	64	60	283	0.2525
SDA-0.5	128	173	27	72	1564	0.165
SDA-1.0	128	172	28	72	1583	0.1675
SDA-1.5	127	173	27	73	1615	0.165
SDA-2.0	127	173	27	73	1415	0.1775
SDA-2.5	126	173	27	74	1628	0.165
SDA-3.0	126	173	27	74	1654	0.1725
\TheName{}-0.5	157	82	118	43	1741	0.1625
\TheName{}-1.0	178	147	53	22	1665	0.165
\TheName{}-1.5	159	168	32	41	1781	0.175
\TheName{}-2.0	144	173	27	56	1530	0.1675
\TheName{}-2.5	140	173	27	60	1642	0.165
\TheName{}-3.0	133	173	27	67	1655	0.1625
SVM	160	139	61	40	1	0.005
LR	0	200	0	200	1	0.005
Ye-LDA	123	179	21	77	106	0.0075
DTree-10	92	157	43	108	2	0.005
DTree-20	92	157	43	108	7	0.005
RFC-50	38	194	6	162	8	0.0075
RFC-100	50	194	6	150	27	0.0125
NLSVM-0.1	3	200	0	197	0	0.025
NLSVM-1.0	198	42	158	2	1	0.02
NLSVM-10	0	200	0	200	0	0.0175
LDA	151	169	31	49	276	0.28
SDA-0.5	139	178	22	61	1684	0.1775
SDA-1.0	139	178	22	61	1708	0.1625
SDA-1.5	137	178	22	63	1544	0.165
SDA-2.0	137	178	22	63	1599	0.16
SDA-2.5	136	178	22	64	1671	0.1625
SDA-3.0	136	178	22	64	1722	0.1875
\TheName{}-0.5	153	125	75	47	1653	0.1625
\TheName{}-1.0	158	178	22	42	1736	0.1625
\TheName{}-1.5	146	179	21	54	1698	0.165
\TheName{}-2.0	143	179	21	57	1800	0.165
\TheName{}-2.5	141	179	21	59	1745	0.1625
\TheName{}-3.0	141	178	22	59	1701	0.17
SVM	153	176	24	47	1	0.01
LR	200	0	200	0	0	0.005
Ye-LDA	175	157	43	25	106	0.005
DTree-10	70	174	26	130	2	0.005
DTree-20	91	171	29	109	17	0.005
RFC-50	70	190	10	130	11	0.045
RFC-100	59	193	7	141	22	0.02
NLSVM-0.1	1	200	0	199	1	0.025
NLSVM-1.0	166	86	114	34	0	0.0175
NLSVM-10	0	200	0	200	1	0.0175
LDA	168	138	62	32	345	0.2925
SDA-0.5	107	184	16	93	1558	0.17
SDA-1.0	105	184	16	95	1782	0.1825
SDA-1.5	105	184	16	95	1561	0.1725
SDA-2.0	104	184	16	96	1644	0.17
SDA-2.5	102	184	16	98	1600	0.165
SDA-3.0	102	184	16	98	1600	0.18
\TheName{}-0.5	166	119	81	34	1658	0.1625
\TheName{}-1.0	132	181	19	68	1663	0.1625
\TheName{}-1.5	120	183	17	80	1639	0.185
\TheName{}-2.0	114	185	15	86	1603	0.165
\TheName{}-2.5	113	185	15	87	1650	0.16
\TheName{}-3.0	113	185	15	87	1749	0.165
SVM	164	157	43	36	1	0.005
LR	200	0	200	0	1	0.005
Ye-LDA	129	168	32	71	128	0.015
DTree-10	74	168	32	126	20	0.0075
DTree-20	80	167	33	120	14	0.005
RFC-50	61	192	8	139	15	0.0225
RFC-100	55	192	8	145	16	0.01
NLSVM-0.1	0	200	0	200	1	0.0225
NLSVM-1.0	196	33	167	4	1	0.0175
NLSVM-10	0	200	0	200	0	0.02
LDA	124	139	61	76	217	0.225
SDA-0.5	122	170	30	78	1589	0.1625
SDA-1.0	122	170	30	78	1704	0.17
SDA-1.5	123	170	30	77	1684	0.1625
SDA-2.0	123	170	30	77	1709	0.1625
SDA-2.5	123	170	30	77	1671	0.1675
SDA-3.0	123	170	30	77	1731	0.1675
\TheName{}-0.5	121	54	146	79	1718	0.245
\TheName{}-1.0	169	152	48	31	1787	0.165
\TheName{}-1.5	137	167	33	63	1721	0.165
\TheName{}-2.0	131	167	33	69	1697	0.1625
\TheName{}-2.5	129	170	30	71	1734	0.1625
\TheName{}-3.0	126	170	30	74	1630	0.1725
SVM	139	150	50	61	1	0.005
LR	0	200	0	200	1	0.005
Ye-LDA	106	161	39	94	103	0.005
DTree-10	110	140	60	90	2	0.005
DTree-20	103	151	49	97	3	0.005
RFC-50	79	182	18	121	7	0.0075
RFC-100	89	176	24	111	23	0.0125
NLSVM-0.1	4	200	0	196	0	0.0225
NLSVM-1.0	30	191	9	170	1	0.0175
NLSVM-10	0	200	0	200	1	0.0175
LDA	163	155	45	37	278	0.29
SDA-0.5	160	155	45	40	1691	0.1675
SDA-1.0	159	156	44	41	1540	0.165
SDA-1.5	159	155	45	41	1615	0.1625
SDA-2.0	160	155	45	40	1593	0.1625
SDA-2.5	160	155	45	40	1653	0.175
SDA-3.0	160	155	45	40	1624	0.1725
\TheName{}-0.5	186	150	50	14	1580	0.165
\TheName{}-1.0	170	153	47	30	1663	0.1625
\TheName{}-1.5	167	154	46	33	1685	0.175
\TheName{}-2.0	163	154	46	37	1627	0.165
\TheName{}-2.5	162	155	45	38	1545	0.1625
\TheName{}-3.0	161	154	46	39	1785	0.17
SVM	175	152	48	25	1	0.0075
LR	0	200	0	200	1	0.005
Ye-LDA	135	148	52	65	113	0.005
DTree-10	85	170	30	115	2	0.0075
DTree-20	104	164	36	96	2	0.005
RFC-50	81	182	18	119	3	0.0075
RFC-100	82	183	17	118	16	0.01
NLSVM-0.1	0	200	0	200	1	0.025
NLSVM-1.0	199	37	163	1	1	0.0175
NLSVM-10	0	200	0	200	1	0.0175
LDA	166	138	62	34	297	0.2775
SDA-0.5	138	153	47	62	1617	0.175
SDA-1.0	137	153	47	63	1599	0.165
SDA-1.5	137	153	47	63	1636	0.1625
SDA-2.0	138	153	47	62	1635	0.175
SDA-2.5	138	152	48	62	1681	0.1725
SDA-3.0	138	151	49	62	1556	0.185
\TheName{}-0.5	166	117	83	34	1679	0.1625
\TheName{}-1.0	167	151	49	33	1702	0.1625
\TheName{}-1.5	154	153	47	46	1682	0.1625
\TheName{}-2.0	146	152	48	54	1747	0.2075
\TheName{}-2.5	143	153	47	57	1642	0.1725
\TheName{}-3.0	142	154	46	58	1749	0.1725
SVM	171	143	57	29	2	0.0075
LR	200	0	200	0	1	0.005
Ye-LDA	180	130	70	20	100	0.0125
DTree-10	107	124	76	93	2	0.005
DTree-20	131	111	89	69	2	0.005
RFC-50	68	181	19	132	9	0.0075
RFC-100	69	178	22	131	17	0.0125
NLSVM-0.1	200	34	166	0	1	0.025
NLSVM-1.0	160	105	95	40	1	0.0175
NLSVM-10	0	200	0	200	0	0.0175
LDA	174	129	71	26	347	0.28
SDA-0.5	189	115	85	11	1585	0.1625
SDA-1.0	189	114	86	11	1677	0.175
SDA-1.5	189	114	86	11	1661	0.165
SDA-2.0	189	114	86	11	1585	0.1925
SDA-2.5	189	113	87	11	1636	0.18
SDA-3.0	189	113	87	11	1658	0.17
\TheName{}-0.5	175	162	38	25	1695	0.195
\TheName{}-1.0	183	134	66	17	1730	0.1725
\TheName{}-1.5	186	129	71	14	1605	0.1625
\TheName{}-2.0	185	127	73	15	1670	0.1625
\TheName{}-2.5	186	121	79	14	1664	0.17
\TheName{}-3.0	187	117	83	13	1697	0.165
SVM	180	132	68	20	1	0.005
LR	200	0	200	0	1	0.005
Ye-LDA	178	99	101	22	103	0.005
DTree-10	63	179	21	137	5	0.005
DTree-20	113	170	30	87	3	0.005
RFC-50	72	185	15	128	9	0.005
RFC-100	54	195	5	146	16	0.0125
NLSVM-0.1	123	124	76	77	1	0.0225
NLSVM-1.0	16	193	7	184	1	0.0175
NLSVM-10	200	0	200	0	1	0.0175
LDA	129	163	37	71	363	0.235
SDA-0.5	132	178	22	68	1638	0.165
SDA-1.0	132	174	26	68	1578	0.175
SDA-1.5	132	174	26	68	1676	0.17
SDA-2.0	132	174	26	68	1657	0.165
SDA-2.5	132	174	26	68	1535	0.165
SDA-3.0	132	174	26	68	1567	0.165
\TheName{}-0.5	152	137	63	48	1761	0.165
\TheName{}-1.0	153	184	16	47	1637	0.175
\TheName{}-1.5	148	182	18	52	1690	0.165
\TheName{}-2.0	144	183	17	56	1761	0.1725
\TheName{}-2.5	140	183	17	60	1697	0.165
\TheName{}-3.0	136	181	19	64	1745	0.185
SVM	136	169	31	64	1	0.005
LR	0	200	0	200	1	0.005
Ye-LDA	127	186	14	73	113	0.01
DTree-10	73	177	23	127	12	0.005
DTree-20	102	161	39	98	3	0.005
RFC-50	58	188	12	142	11	0.0225
RFC-100	64	188	12	136	22	0.0275
NLSVM-0.1	0	200	0	200	1	0.0225
NLSVM-1.0	176	44	156	24	1	0.0175
NLSVM-10	200	0	200	0	0	0.0175
LDA	144	154	46	56	290	0.23
SDA-0.5	113	170	30	87	1613	0.1675
SDA-1.0	112	169	31	88	1537	0.165
SDA-1.5	112	169	31	88	1758	0.165
SDA-2.0	112	169	31	88	1625	0.1725
SDA-2.5	112	169	31	88	1569	0.165
SDA-3.0	112	169	31	88	1538	0.1625
\TheName{}-0.5	130	64	136	70	1629	0.1725
\TheName{}-1.0	164	167	33	36	1697	0.1675
\TheName{}-1.5	133	171	29	67	1553	0.1625
\TheName{}-2.0	128	169	31	72	1699	0.17
\TheName{}-2.5	122	170	30	78	1656	0.1725
\TheName{}-3.0	119	169	31	81	1627	0.165
SVM	158	153	47	42	1	0.005
LR	0	200	0	200	1	0.005
Ye-LDA	110	172	28	90	108	0.0025
DTree-10	112	149	51	88	3	0.0025
DTree-20	145	121	79	55	3	0.005
RFC-50	80	168	32	120	8	0.005
RFC-100	73	176	24	127	17	0.01
NLSVM-0.1	43	183	17	157	1	0.0225
NLSVM-1.0	171	80	120	29	1	0.0175
NLSVM-10	4	199	1	196	0	0.0175
LDA	170	114	86	30	380	0.24
SDA-0.5	188	151	49	12	1540	0.17
SDA-1.0	188	151	49	12	1551	0.17
SDA-1.5	188	151	49	12	1655	0.185
SDA-2.0	187	151	49	13	1496	0.165
SDA-2.5	187	152	48	13	1645	0.1625
SDA-3.0	187	152	48	13	1573	0.165
\TheName{}-0.5	175	163	37	25	1708	0.17
\TheName{}-1.0	185	154	46	15	1727	0.1775
\TheName{}-1.5	186	155	45	14	1624	0.1625
\TheName{}-2.0	187	151	49	13	1746	0.1725
\TheName{}-2.5	187	152	48	13	1593	0.1825
\TheName{}-3.0	187	152	48	13	1667	0.1625
SVM	179	108	92	21	1	0.005
LR	0	200	0	200	1	0.005
Ye-LDA	164	158	42	36	106	0.0025
DTree-10	189	91	109	11	3	0.005
DTree-20	176	101	99	24	2	0.005
RFC-50	56	193	7	144	8	0.005
RFC-100	61	192	8	139	16	0.0125
NLSVM-0.1	143	92	108	57	0	0.025
NLSVM-1.0	199	30	170	1	1	0.0175
NLSVM-10	149	182	18	51	0	0.0175
LDA	158	151	49	42	305	0.255
SDA-0.5	141	171	29	59	1504	0.165
SDA-1.0	140	171	29	60	1537	0.165
SDA-1.5	139	171	29	61	1614	0.1625
SDA-2.0	139	171	29	61	1547	0.165
SDA-2.5	139	171	29	61	1603	0.1875
SDA-3.0	137	171	29	63	1537	0.165
\TheName{}-0.5	167	118	82	33	1631	0.1675
\TheName{}-1.0	163	171	29	37	1676	0.1625
\TheName{}-1.5	152	176	24	48	1696	0.1625
\TheName{}-2.0	150	173	27	50	1624	0.1725
\TheName{}-2.5	143	172	28	57	1689	0.1675
\TheName{}-3.0	141	172	28	59	1685	0.165
SVM	167	159	41	33	1	0.005
LR	0	200	0	200	1	0.005
Ye-LDA	137	181	19	63	127	0.0025
DTree-10	105	173	27	95	5	0.0025
DTree-20	105	173	27	95	2	0.0025
RFC-50	84	186	14	116	4	0.005
RFC-100	67	184	16	133	24	0.0225
NLSVM-0.1	0	200	0	200	1	0.035
NLSVM-1.0	184	68	132	16	0	0.025
NLSVM-10	200	6	194	0	1	0.02
LDA	150	126	74	50	360	0.26
SDA-0.5	149	154	46	51	1609	0.1625
SDA-1.0	149	153	47	51	1620	0.1625
SDA-1.5	148	153	47	52	1721	0.175
SDA-2.0	148	153	47	52	1605	0.165
SDA-2.5	145	153	47	55	1655	0.165
SDA-3.0	145	153	47	55	1653	0.1875
\TheName{}-0.5	154	102	98	46	1939	0.1725
\TheName{}-1.0	181	134	66	19	1661	0.185
\TheName{}-1.5	171	148	52	29	1673	0.1725
\TheName{}-2.0	163	150	50	37	1831	0.165
\TheName{}-2.5	161	152	48	39	1581	0.165
\TheName{}-3.0	159	153	47	41	1734	0.1625
SVM	157	139	61	43	1	0.005
LR	0	200	0	200	1	0.005
Ye-LDA	148	144	56	52	100	0.005
DTree-10	117	144	56	83	2	0.005
DTree-20	120	138	62	80	2	0.0025
RFC-50	77	165	35	123	4	0.005
RFC-100	75	168	32	125	15	0.01
NLSVM-0.1	0	200	0	200	1	0.0225
NLSVM-1.0	192	36	164	8	1	0.0175
NLSVM-10	0	200	0	200	1	0.0175
LDA	163	134	66	37	314	0.235
SDA-0.5	152	168	32	48	1630	0.1625
SDA-1.0	148	168	32	52	1626	0.17
SDA-1.5	149	168	32	51	1615	0.165
SDA-2.0	149	168	32	51	1563	0.1725
SDA-2.5	149	167	33	51	1603	0.1625
SDA-3.0	149	167	33	51	1600	0.1725
\TheName{}-0.5	124	91	109	76	1746	0.1625
\TheName{}-1.0	173	164	36	27	1709	0.165
\TheName{}-1.5	155	166	34	45	1552	0.165
\TheName{}-2.0	154	167	33	46	1729	0.165
\TheName{}-2.5	152	167	33	48	1645	0.17
\TheName{}-3.0	152	168	32	48	1750	0.165
SVM	167	140	60	33	2	0.005
LR	0	200	0	200	0	0.0075
Ye-LDA	119	167	33	81	112	0.005
DTree-10	106	167	33	94	2	0.0025
DTree-20	119	156	44	81	13	0.0025
RFC-50	49	190	10	151	9	0.0075
RFC-100	50	185	15	150	6	0.015
NLSVM-0.1	2	200	0	198	1	0.0375
NLSVM-1.0	196	44	156	4	0	0.0225
NLSVM-10	200	47	153	0	0	0.02
LDA	154	148	52	46	332	0.2175
SDA-0.5	109	175	25	91	1646	0.165
SDA-1.0	108	175	25	92	1726	0.1675
SDA-1.5	107	175	25	93	1697	0.1625
SDA-2.0	107	175	25	93	1666	0.165
SDA-2.5	107	175	25	93	1666	0.1725
SDA-3.0	107	175	25	93	1649	0.1725
\TheName{}-0.5	137	50	150	63	1665	0.1625
\TheName{}-1.0	149	166	34	51	1725	0.2
\TheName{}-1.5	124	174	26	76	1694	0.1625
\TheName{}-2.0	120	175	25	80	1657	0.16
\TheName{}-2.5	118	176	24	82	1739	0.1675
\TheName{}-3.0	116	176	24	84	1678	0.1625
SVM	152	158	42	48	0	0.0075
LR	0	200	0	200	0	0.0075
Ye-LDA	107	172	28	93	108	0.005
DTree-10	111	147	53	89	1	0.005
DTree-20	121	140	60	79	2	0.005
RFC-50	67	183	17	133	7	0.0075
RFC-100	60	187	13	140	15	0.01
NLSVM-0.1	200	4	196	0	1	0.0225
NLSVM-1.0	157	67	133	43	0	0.02
NLSVM-10	5	200	0	195	0	0.0175
LDA	143	136	64	57	452	0.21
SDA-0.5	99	194	6	101	1558	0.1625
SDA-1.0	96	194	6	104	1563	0.1625
SDA-1.5	96	193	7	104	1667	0.1625
SDA-2.0	96	193	7	104	1528	0.1625
SDA-2.5	96	193	7	104	1626	0.1625
SDA-3.0	96	193	7	104	1691	0.1675
\TheName{}-0.5	111	38	162	89	1661	0.1625
\TheName{}-1.0	105	195	5	95	1757	0.1625
\TheName{}-1.5	98	193	7	102	1788	0.1725
\TheName{}-2.0	98	193	7	102	1772	0.165
\TheName{}-2.5	97	193	7	103	1954	0.165
\TheName{}-3.0	99	193	7	101	1705	0.17
SVM	157	146	54	43	1	0.005
LR	0	200	0	200	1	0.005
Ye-LDA	73	193	7	127	111	0.0075
DTree-10	79	166	34	121	2	0.005
DTree-20	105	148	52	95	3	0.005
RFC-50	41	197	3	159	4	0.0075
RFC-100	57	193	7	143	16	0.0125
NLSVM-0.1	200	4	196	0	0	0.025
NLSVM-1.0	4	196	4	196	1	0.02
NLSVM-10	0	200	0	200	1	0.015
LDA	125	171	29	75	321	0.25
SDA-0.5	115	188	12	85	1671	0.17
SDA-1.0	113	185	15	87	1606	0.185
SDA-1.5	113	185	15	87	1631	0.1625
SDA-2.0	114	184	16	86	1664	0.1775
SDA-2.5	114	184	16	86	1602	0.17
SDA-3.0	114	184	16	86	1701	0.165
\TheName{}-0.5	127	69	131	73	1665	0.1625
\TheName{}-1.0	154	151	49	46	1755	0.175
\TheName{}-1.5	134	182	18	66	1680	0.1625
\TheName{}-2.0	127	185	15	73	1740	0.1675
\TheName{}-2.5	127	185	15	73	1712	0.165
\TheName{}-3.0	123	183	17	77	1718	0.1625
SVM	143	173	27	57	2	0.005
LR	0	200	0	200	1	0.005
Ye-LDA	104	175	25	96	109	0.005
DTree-10	87	158	42	113	2	0.005
DTree-20	92	151	49	108	3	0.005
RFC-50	67	194	6	133	9	0.005
RFC-100	59	197	3	141	17	0.0125
NLSVM-0.1	200	19	181	0	1	0.025
NLSVM-1.0	173	64	136	27	0	0.0175
NLSVM-10	0	200	0	200	1	0.0175
LDA	155	120	80	45	333	0.22
SDA-0.5	138	171	29	62	1677	0.185
SDA-1.0	134	173	27	66	1716	0.1675
SDA-1.5	134	174	26	66	1707	0.1625
SDA-2.0	134	174	26	66	1666	0.1625
SDA-2.5	134	174	26	66	1821	0.1675
SDA-3.0	134	174	26	66	1686	0.1875
\TheName{}-0.5	99	66	134	101	1889	0.175
\TheName{}-1.0	177	132	68	23	1677	0.1625
\TheName{}-1.5	159	172	28	41	1672	0.1625
\TheName{}-2.0	145	174	26	55	1852	0.1625
\TheName{}-2.5	144	173	27	56	1700	0.1725
\TheName{}-3.0	143	173	27	57	1784	0.1625
SVM	159	147	53	41	1	0.005
LR	0	200	0	200	1	0.0025
Ye-LDA	136	179	21	64	109	0.0025
DTree-10	85	184	16	115	2	0.005
DTree-20	117	175	25	83	21	0.005
RFC-50	83	187	13	117	14	0.005
RFC-100	69	190	10	131	18	0.01
NLSVM-0.1	15	189	11	185	0	0.025
NLSVM-1.0	199	51	149	1	1	0.0175
NLSVM-10	200	0	200	0	0	0.0325
LDA	146	151	49	54	298	0.215
SDA-0.5	169	154	46	31	1718	0.165
SDA-1.0	167	156	44	33	1632	0.165
SDA-1.5	164	156	44	36	1651	0.165
SDA-2.0	164	154	46	36	1670	0.175
SDA-2.5	164	154	46	36	1606	0.1625
SDA-3.0	164	154	46	36	1630	0.1625
\TheName{}-0.5	141	167	33	59	1700	0.17
\TheName{}-1.0	159	160	40	41	1688	0.1625
\TheName{}-1.5	164	157	43	36	1666	0.1725
\TheName{}-2.0	163	158	42	37	1756	0.165
\TheName{}-2.5	163	158	42	37	1738	0.1725
\TheName{}-3.0	164	157	43	36	1641	0.1625
SVM	152	149	51	48	1	0.005
LR	0	200	0	200	0	0.005
Ye-LDA	143	156	44	57	106	0.0025
DTree-10	96	144	56	104	2	0.005
DTree-20	100	141	59	100	2	0.005
RFC-50	91	176	24	109	10	0.005
RFC-100	72	180	20	128	18	0.0125
NLSVM-0.1	43	184	16	157	1	0.0225
NLSVM-1.0	160	62	138	40	1	0.0175
NLSVM-10	1	200	0	199	1	0.0175
LDA	113	163	37	87	342	0.3325
SDA-0.5	100	180	20	100	1701	0.1925
SDA-1.0	98	179	21	102	1739	0.1725
SDA-1.5	97	179	21	103	1624	0.165
SDA-2.0	97	179	21	103	1563	0.165
SDA-2.5	96	179	21	104	1615	0.17
SDA-3.0	96	179	21	104	1825	0.1675
\TheName{}-0.5	147	46	154	53	1721	0.1725
\TheName{}-1.0	176	148	52	24	1644	0.18
\TheName{}-1.5	131	174	26	69	1738	0.1775
\TheName{}-2.0	122	180	20	78	1722	0.1625
\TheName{}-2.5	119	181	19	81	1765	0.175
\TheName{}-3.0	115	180	20	85	1756	0.16
SVM	117	172	28	83	1	0.005
LR	0	200	0	200	0	0.005
Ye-LDA	111	157	43	89	108	0.005
DTree-10	109	141	59	91	1	0.005
DTree-20	109	141	59	91	2	0.005
RFC-50	55	185	15	145	8	0.005
RFC-100	52	190	10	148	16	0.01
NLSVM-0.1	0	200	0	200	1	0.0225
NLSVM-1.0	177	51	149	23	1	0.0175
NLSVM-10	5	200	0	195	1	0.0175
LDA	159	136	64	41	291	0.245
SDA-0.5	125	176	24	75	1666	0.18
SDA-1.0	121	177	23	79	1571	0.1675
SDA-1.5	120	177	23	80	1672	0.165
SDA-2.0	120	177	23	80	1560	0.1825
SDA-2.5	119	176	24	81	1565	0.17
SDA-3.0	119	176	24	81	1617	0.175
\TheName{}-0.5	148	175	25	52	1699	0.17
\TheName{}-1.0	132	178	22	68	1563	0.165
\TheName{}-1.5	127	176	24	73	1643	0.1625
\TheName{}-2.0	126	176	24	74	1629	0.175
\TheName{}-2.5	124	176	24	76	2310	0.165
\TheName{}-3.0	123	177	23	77	1671	0.1625
SVM	168	153	47	32	1	0.005
LR	0	200	0	200	0	0.005
Ye-LDA	132	171	29	68	103	0.0025
DTree-10	83	161	39	117	2	0.005
DTree-20	91	149	51	109	55	0.005
RFC-50	62	191	9	138	9	0.005
RFC-100	60	193	7	140	18	0.01
NLSVM-0.1	200	13	187	0	0	0.025
NLSVM-1.0	182	75	125	18	0	0.05
NLSVM-10	92	188	12	108	1	0.02
LDA	169	162	38	31	309	0.2775
SDA-0.5	178	162	38	22	1457	0.18
SDA-1.0	178	163	37	22	1525	0.1725
SDA-1.5	178	163	37	22	1552	0.1625
SDA-2.0	178	165	35	22	1563	0.165
SDA-2.5	178	165	35	22	1496	0.165
SDA-3.0	177	165	35	23	1459	0.1725
\TheName{}-0.5	178	166	34	22	1628	0.1625
\TheName{}-1.0	175	163	37	25	1584	0.1825
\TheName{}-1.5	175	163	37	25	1571	0.165
\TheName{}-2.0	175	163	37	25	1567	0.18
\TheName{}-2.5	175	163	37	25	1640	0.1725
\TheName{}-3.0	175	163	37	25	1681	0.1625
SVM	170	159	41	30	2	0.005
LR	0	200	0	200	0	0.005
Ye-LDA	145	164	36	55	107	0.0175
DTree-10	74	183	17	126	2	0.015
DTree-20	84	177	23	116	2	0.015
RFC-50	46	191	9	154	9	0.005
RFC-100	51	186	14	149	19	0.0125
NLSVM-0.1	0	200	0	200	1	0.0225
NLSVM-1.0	198	35	165	2	1	0.0175
NLSVM-10	0	200	0	200	0	0.0175
LDA	146	160	40	54	265	0.255
SDA-0.5	117	172	28	83	1674	0.175
SDA-1.0	116	173	27	84	1544	0.1625
SDA-1.5	115	173	27	85	1554	0.1625
SDA-2.0	115	173	27	85	1585	0.165
SDA-2.5	115	173	27	85	1575	0.1725
SDA-3.0	115	172	28	85	1592	0.1625
\TheName{}-0.5	127	149	51	73	1706	0.1625
\TheName{}-1.0	125	176	24	75	1736	0.1875
\TheName{}-1.5	120	174	26	80	1669	0.1675
\TheName{}-2.0	118	174	26	82	1671	0.165
\TheName{}-2.5	116	173	27	84	1618	0.17
\TheName{}-3.0	115	173	27	85	1682	0.18
SVM	129	177	23	71	1	0.0075
LR	0	200	0	200	0	0.005
Ye-LDA	109	161	39	91	112	0.0025
DTree-10	95	157	43	105	19	0.0125
DTree-20	99	136	64	101	20	0.015
RFC-50	64	187	13	136	12	0.02
RFC-100	70	187	13	130	18	0.03
NLSVM-0.1	49	175	25	151	1	0.045
NLSVM-1.0	178	53	147	22	1	0.0325
NLSVM-10	64	191	9	136	1	0.0375
LDA	169	126	74	31	327	0.235
SDA-0.5	188	141	59	12	1603	0.1625
SDA-1.0	188	137	63	12	1463	0.175
SDA-1.5	188	137	63	12	1537	0.165
SDA-2.0	188	137	63	12	1454	0.1625
SDA-2.5	187	137	63	13	1502	0.1675
SDA-3.0	187	137	63	13	1600	0.175
\TheName{}-0.5	188	136	64	12	1601	0.165
\TheName{}-1.0	188	138	62	12	1648	0.1675
\TheName{}-1.5	186	137	63	14	1698	0.18
\TheName{}-2.0	186	137	63	14	1535	0.165
\TheName{}-2.5	187	137	63	13	1686	0.1675
\TheName{}-3.0	187	137	63	13	1551	0.175
SVM	168	139	61	32	1	0.0075
LR	0	200	0	200	0	0.005
Ye-LDA	151	161	39	49	104	0.0025
DTree-10	87	161	39	113	12	0.005
DTree-20	107	153	47	93	3	0.005
RFC-50	81	184	16	119	4	0.0075
RFC-100	62	189	11	138	17	0.0125
NLSVM-0.1	199	2	198	1	0	0.025
NLSVM-1.0	15	192	8	185	0	0.02
NLSVM-10	0	200	0	200	0	0.02
LDA	149	155	45	51	380	0.275
SDA-0.5	130	172	28	70	1622	0.1625
SDA-1.0	129	172	28	71	1581	0.17
SDA-1.5	129	172	28	71	1537	0.1625
SDA-2.0	129	172	28	71	1574	0.1625
SDA-2.5	129	172	28	71	1506	0.1725
SDA-3.0	129	172	28	71	1615	0.165
\TheName{}-0.5	159	151	49	41	1576	0.165
\TheName{}-1.0	138	173	27	62	1751	0.175
\TheName{}-1.5	134	172	28	66	1570	0.1625
\TheName{}-2.0	132	173	27	68	1629	0.1775
\TheName{}-2.5	131	172	28	69	1649	0.165
\TheName{}-3.0	131	172	28	69	1623	0.1725
SVM	159	155	45	41	1	0.005
LR	0	200	0	200	1	0.005
Ye-LDA	132	168	32	68	109	0.005
DTree-10	88	151	49	112	4	0.005
DTree-20	120	130	70	80	3	0.005
RFC-50	57	186	14	143	8	0.005
RFC-100	58	182	18	142	15	0.0125
NLSVM-0.1	107	152	48	93	0	0.025
NLSVM-1.0	172	63	137	28	0	0.02
NLSVM-10	200	0	200	0	0	0.0175
LDA	159	159	41	41	299	0.2375
SDA-0.5	113	173	27	87	1550	0.165
SDA-1.0	113	173	27	87	1567	0.18
SDA-1.5	113	172	28	87	1501	0.1625
SDA-2.0	114	172	28	86	1506	0.165
SDA-2.5	115	172	28	85	1544	0.1875
SDA-3.0	115	171	29	85	1520	0.1675
\TheName{}-0.5	134	53	147	66	1611	0.1625
\TheName{}-1.0	187	115	85	13	1673	0.2125
\TheName{}-1.5	169	170	30	31	1538	0.185
\TheName{}-2.0	135	172	28	65	1625	0.1725
\TheName{}-2.5	127	171	29	73	1800	0.165
\TheName{}-3.0	125	171	29	75	1646	0.1725
SVM	166	161	39	34	2	0.005
LR	0	200	0	200	0	0.005
Ye-LDA	116	173	27	84	114	0.0175
DTree-10	93	164	36	107	17	0.015
DTree-20	113	153	47	87	3	0.015
RFC-50	78	181	19	122	10	0.0125
RFC-100	73	178	22	127	19	0.0225
NLSVM-0.1	44	198	2	156	0	0.035
NLSVM-1.0	147	99	101	53	1	0.025
NLSVM-10	200	3	197	0	1	0.02
LDA	164	150	50	36	317	0.285
SDA-0.5	180	152	48	20	1499	0.165
SDA-1.0	177	152	48	23	1503	0.1725
SDA-1.5	177	152	48	23	1530	0.165
SDA-2.0	177	152	48	23	1550	0.165
SDA-2.5	177	152	48	23	1496	0.1725
SDA-3.0	177	152	48	23	1555	0.165
\TheName{}-0.5	169	165	35	31	1623	0.17
\TheName{}-1.0	174	157	43	26	1632	0.1625
\TheName{}-1.5	178	154	46	22	1716	0.1725
\TheName{}-2.0	177	155	45	23	1687	0.165
\TheName{}-2.5	177	152	48	23	1724	0.18
\TheName{}-3.0	177	152	48	23	1627	0.165
SVM	178	143	57	22	1	0.0075
LR	0	200	0	200	0	0.005
Ye-LDA	142	164	36	58	163	0.0025
DTree-10	89	159	41	111	13	0.005
DTree-20	101	157	43	99	3	0.0125
RFC-50	54	193	7	146	9	0.005
RFC-100	64	193	7	136	30	0.0175
NLSVM-0.1	78	166	34	122	0	0.0275
NLSVM-1.0	29	183	17	171	1	0.0175
NLSVM-10	200	0	200	0	1	0.0175
LDA	142	138	62	58	265	0.335
SDA-0.5	88	169	31	112	1541	0.1625
SDA-1.0	88	169	31	112	1514	0.17
SDA-1.5	88	168	32	112	1564	0.1625
SDA-2.0	87	168	32	113	1575	0.18
SDA-2.5	87	168	32	113	1603	0.165
SDA-3.0	86	168	32	114	1577	0.175
\TheName{}-0.5	136	46	154	64	1629	0.165
\TheName{}-1.0	123	155	45	77	1673	0.1725
\TheName{}-1.5	105	167	33	95	1469	0.18
\TheName{}-2.0	97	168	32	103	1648	0.1625
\TheName{}-2.5	94	168	32	106	1645	0.18
\TheName{}-3.0	93	168	32	107	1593	0.1725
SVM	153	140	60	47	1	0.005
LR	200	0	200	0	1	0.0025
Ye-LDA	115	155	45	85	102	0.0025
DTree-10	80	157	43	120	2	0.0025
DTree-20	86	152	48	114	2	0.0025
RFC-50	63	179	21	137	4	0.005
RFC-100	55	184	16	145	14	0.0075
NLSVM-0.1	0	200	0	200	1	0.0225
NLSVM-1.0	199	24	176	1	1	0.0175
NLSVM-10	1	200	0	199	0	0.0375
LDA	162	88	112	38	336	0.3925
SDA-0.5	156	153	47	44	1498	0.1625
SDA-1.0	158	147	53	42	1616	0.17
SDA-1.5	158	146	54	42	1527	0.19
SDA-2.0	158	145	55	42	1536	0.165
SDA-2.5	158	143	57	42	1518	0.175
SDA-3.0	159	143	57	41	1561	0.1825
\TheName{}-0.5	138	48	152	62	1674	0.1775
\TheName{}-1.0	186	78	122	14	1661	0.1725
\TheName{}-1.5	185	94	106	15	1631	0.1625
\TheName{}-2.0	182	100	100	18	1768	0.18
\TheName{}-2.5	179	116	84	21	1740	0.1725
\TheName{}-3.0	178	118	82	22	1652	0.18
SVM	169	89	111	31	2	0.005
LR	200	0	200	0	1	0.005
Ye-LDA	177	64	136	23	104	0.005
DTree-10	76	175	25	124	23	0.0075
DTree-20	88	163	37	112	2	0.005
RFC-50	23	194	6	177	9	0.0075
RFC-100	27	195	5	173	16	0.01
NLSVM-0.1	200	5	195	0	1	0.0225
NLSVM-1.0	199	30	170	1	1	0.0175
NLSVM-10	0	200	0	200	0	0.0175
LDA	135	153	47	65	297	0.2725
SDA-0.5	93	181	19	107	1526	0.17
SDA-1.0	94	181	19	106	1572	0.165
SDA-1.5	94	181	19	106	1522	0.175
SDA-2.0	94	181	19	106	1517	0.17
SDA-2.5	94	182	18	106	1606	0.17
SDA-3.0	94	182	18	106	1618	0.1775
\TheName{}-0.5	129	32	168	71	1701	0.19
\TheName{}-1.0	157	157	43	43	1589	0.17
\TheName{}-1.5	118	183	17	82	1643	0.1625
\TheName{}-2.0	107	183	17	93	1580	0.17
\TheName{}-2.5	102	182	18	98	1601	0.1775
\TheName{}-3.0	102	182	18	98	1715	0.1775
SVM	133	153	47	67	1	0.01
LR	0	200	0	200	0	0.01
Ye-LDA	86	177	23	114	114	0.0025
DTree-10	92	169	31	108	2	0.005
DTree-20	96	164	36	104	3	0.0025
RFC-50	63	190	10	137	9	0.005
RFC-100	65	189	11	135	18	0.015
NLSVM-0.1	53	171	29	147	1	0.0325
NLSVM-1.0	4	200	0	196	1	0.0175
NLSVM-10	2	200	0	198	1	0.015
LDA	158	120	80	42	274	0.2625
SDA-0.5	197	107	93	3	1646	0.1925
SDA-1.0	197	105	95	3	1544	0.1775
SDA-1.5	197	105	95	3	1558	0.175
SDA-2.0	196	105	95	4	1535	0.1725
SDA-2.5	196	105	95	4	1639	0.175
SDA-3.0	196	106	94	4	1533	0.165
\TheName{}-0.5	156	149	51	44	1586	0.175
\TheName{}-1.0	193	116	84	7	1705	0.175
\TheName{}-1.5	195	115	85	5	1583	0.1725
\TheName{}-2.0	196	113	87	4	1687	0.17
\TheName{}-2.5	196	112	88	4	1651	0.1775
\TheName{}-3.0	196	111	89	4	1633	0.1725
SVM	167	127	73	33	1	0.005
LR	0	200	0	200	1	0.0075
Ye-LDA	191	131	69	9	101	0.005
DTree-10	69	176	24	131	4	0.005
DTree-20	101	149	51	99	3	0.005
RFC-50	90	178	22	110	3	0.005
RFC-100	104	163	37	96	15	0.01
NLSVM-0.1	0	199	1	200	1	0.0225
NLSVM-1.0	199	30	170	1	1	0.0175
NLSVM-10	200	41	159	0	1	0.0175
LDA	142	150	50	58	389	0.2675
SDA-0.5	120	182	18	80	1540	0.1725
SDA-1.0	119	182	18	81	1517	0.1725
SDA-1.5	118	182	18	82	1615	0.1825
SDA-2.0	118	182	18	82	1600	0.175
SDA-2.5	118	182	18	82	1529	0.1725
SDA-3.0	118	182	18	82	1596	0.1775
\TheName{}-0.5	128	186	14	72	1615	0.175
\TheName{}-1.0	125	185	15	75	1632	0.17
\TheName{}-1.5	118	182	18	82	1706	0.175
\TheName{}-2.0	117	182	18	83	1677	0.17
\TheName{}-2.5	119	182	18	81	1700	0.18
\TheName{}-3.0	119	182	18	81	1583	0.17
SVM	133	167	33	67	1	0.005
LR	0	200	0	200	1	0.005
Ye-LDA	106	178	22	94	125	0.005
DTree-10	93	167	33	107	12	0.0025
DTree-20	99	161	39	101	2	0.005
RFC-50	67	184	16	133	39	0.01
RFC-100	65	189	11	135	20	0.01
NLSVM-0.1	11	195	5	189	0	0.025
NLSVM-1.0	169	51	149	31	0	0.02
NLSVM-10	188	79	121	12	0	0.0175
LDA	164	166	34	36	291	0.285
SDA-0.5	115	181	19	85	1537	0.1725
SDA-1.0	114	181	19	86	1514	0.1725
SDA-1.5	114	180	20	86	1643	0.175
SDA-2.0	114	180	20	86	1521	0.175
SDA-2.5	114	180	20	86	1530	0.1675
SDA-3.0	114	180	20	86	1575	0.18
\TheName{}-0.5	133	68	132	67	1572	0.17
\TheName{}-1.0	165	180	20	35	1687	0.175
\TheName{}-1.5	143	181	19	57	1758	0.175
\TheName{}-2.0	133	183	17	67	1679	0.1725
\TheName{}-2.5	126	183	17	74	1612	0.18
\TheName{}-3.0	124	183	17	76	1653	0.18
SVM	170	166	34	30	0	0.005
LR	0	200	0	200	0	0.005
Ye-LDA	121	180	20	79	108	0.005
DTree-10	115	156	44	85	2	0.005
DTree-20	115	156	44	85	13	0.005
RFC-50	70	185	15	130	7	0.0075
RFC-100	66	188	12	134	16	0.0125
NLSVM-0.1	200	12	188	0	0	0.025
NLSVM-1.0	186	54	146	14	0	0.0175
NLSVM-10	0	200	0	200	1	0.0175
LDA	114	181	19	86	335	0.2275
SDA-0.5	145	174	26	55	1520	0.175
SDA-1.0	146	173	27	54	1516	0.1725
SDA-1.5	147	173	27	53	1616	0.1775
SDA-2.0	147	173	27	53	1600	0.18
SDA-2.5	147	173	27	53	1512	0.1775
SDA-3.0	147	172	28	53	1620	0.1825
\TheName{}-0.5	144	175	25	56	1701	0.175
\TheName{}-1.0	147	174	26	53	1648	0.175
\TheName{}-1.5	147	173	27	53	1631	0.1975
\TheName{}-2.0	147	173	27	53	1556	0.1725
\TheName{}-2.5	147	173	27	53	1610	0.17
\TheName{}-3.0	147	173	27	53	1653	0.1725
SVM	133	179	21	67	1	0.0075
LR	0	200	0	200	0	0.005
Ye-LDA	117	169	31	83	102	0.005
DTree-10	82	174	26	118	1	0.005
DTree-20	92	171	29	108	3	0.0025
RFC-50	77	181	19	123	9	0.0075
RFC-100	56	189	11	144	17	0.01
NLSVM-0.1	0	200	0	200	1	0.025
NLSVM-1.0	181	53	147	19	4	0.02
NLSVM-10	116	185	15	84	0	0.02
LDA	152	123	77	48	282	0.225
SDA-0.5	188	113	87	12	1469	0.1725
SDA-1.0	188	112	88	12	1542	0.1875
SDA-1.5	187	111	89	13	1546	0.1675
SDA-2.0	186	110	90	14	1607	0.185
SDA-2.5	186	110	90	14	1576	0.175
SDA-3.0	186	110	90	14	1500	0.1725
\TheName{}-0.5	155	92	108	45	1740	0.175
\TheName{}-1.0	183	110	90	17	1559	0.175
\TheName{}-1.5	186	108	92	14	1651	0.175
\TheName{}-2.0	186	107	93	14	1557	0.175
\TheName{}-2.5	187	108	92	13	1581	0.1725
\TheName{}-3.0	187	110	90	13	1618	0.1825
SVM	157	118	82	43	1	0.005
LR	0	200	0	200	0	0.005
Ye-LDA	154	141	59	46	108	0.005
DTree-10	87	174	26	113	2	0.0025
DTree-20	123	146	54	77	3	0.005
RFC-50	81	184	16	119	4	0.0075
RFC-100	67	190	10	133	17	0.0125
NLSVM-0.1	200	10	190	0	1	0.0275
NLSVM-1.0	40	158	42	160	0	0.025
NLSVM-10	0	200	0	200	1	0.0175
LDA	137	163	37	63	344	0.265
SDA-0.5	124	180	20	76	1589	0.175
SDA-1.0	123	180	20	77	1478	0.1725
SDA-1.5	120	180	20	80	1642	0.17
SDA-2.0	120	179	21	80	1410	0.175
SDA-2.5	120	179	21	80	1617	0.195
SDA-3.0	120	179	21	80	1564	0.1775
\TheName{}-0.5	147	63	137	53	1635	0.17
\TheName{}-1.0	165	174	26	35	1652	0.18
\TheName{}-1.5	134	183	17	66	1590	0.175
\TheName{}-2.0	129	180	20	71	1602	0.175
\TheName{}-2.5	125	180	20	75	1746	0.1775
\TheName{}-3.0	125	180	20	75	1627	0.1925
SVM	142	176	24	58	1	0.0225
LR	0	200	0	200	0	0.005
Ye-LDA	99	174	26	101	125	0.0075
DTree-10	79	174	26	121	3	0.0275
DTree-20	95	168	32	105	3	0.0275
RFC-50	59	189	11	141	9	0.005
RFC-100	49	191	9	151	16	0.01
NLSVM-0.1	200	5	195	0	1	0.025
NLSVM-1.0	169	56	144	31	0	0.02
NLSVM-10	200	0	200	0	0	0.02
LDA	154	157	43	46	310	0.2425
SDA-0.5	133	178	22	67	1534	0.175
SDA-1.0	130	177	23	70	1540	0.18
SDA-1.5	130	176	24	70	1527	0.1725
SDA-2.0	130	176	24	70	1616	0.1775
SDA-2.5	130	176	24	70	1575	0.1775
SDA-3.0	130	176	24	70	1603	0.17
\TheName{}-0.5	152	168	32	48	1633	0.18
\TheName{}-1.0	136	178	22	64	1607	0.175
\TheName{}-1.5	130	177	23	70	1644	0.175
\TheName{}-2.0	132	176	24	68	1582	0.1775
\TheName{}-2.5	131	177	23	69	1644	0.175
\TheName{}-3.0	129	178	22	71	1581	0.17
SVM	161	156	44	39	1	0.005
LR	0	200	0	200	1	0.0025
Ye-LDA	96	175	25	104	107	0.0025
DTree-10	100	159	41	100	13	0.005
DTree-20	112	149	51	88	13	0.0
RFC-50	63	184	16	137	5	0.005
RFC-100	57	185	15	143	39	0.0125
NLSVM-0.1	200	1	199	0	0	0.025
NLSVM-1.0	8	197	3	192	0	0.0175
NLSVM-10	175	154	46	25	1	0.0175
LDA	140	112	88	60	328	0.27
SDA-0.5	127	178	22	73	1811	0.185
SDA-1.0	126	178	22	74	1707	0.175
SDA-1.5	126	178	22	74	1582	0.17
SDA-2.0	126	178	22	74	1558	0.18
SDA-2.5	126	178	22	74	1858	0.1825
SDA-3.0	126	178	22	74	1687	0.1775
\TheName{}-0.5	150	161	39	50	1689	0.175
\TheName{}-1.0	141	177	23	59	1723	0.175
\TheName{}-1.5	132	177	23	68	1667	0.1775
\TheName{}-2.0	127	177	23	73	1634	0.1725
\TheName{}-2.5	125	177	23	75	1637	0.1775
\TheName{}-3.0	127	177	23	73	1601	0.1775
SVM	140	128	72	60	1	0.005
LR	0	200	0	200	1	0.005
Ye-LDA	97	179	21	103	104	0.005
DTree-10	53	175	25	147	33	0.005
DTree-20	102	145	55	98	2	0.005
RFC-50	52	190	10	148	9	0.0075
RFC-100	56	192	8	144	18	0.01
NLSVM-0.1	3	200	0	197	1	0.025
NLSVM-1.0	197	33	167	3	0	0.02
NLSVM-10	130	175	25	70	0	0.0175
LDA	179	138	62	21	353	0.455
SDA-0.5	172	138	62	28	1619	0.17
SDA-1.0	172	140	60	28	1501	0.1725
SDA-1.5	172	139	61	28	1633	0.185
SDA-2.0	173	137	63	27	1609	0.1725
SDA-2.5	173	137	63	27	1608	0.17
SDA-3.0	173	137	63	27	1580	0.17
\TheName{}-0.5	82	176	24	118	1727	0.175
\TheName{}-1.0	165	168	32	35	1753	0.18
\TheName{}-1.5	172	157	43	28	1891	0.275
\TheName{}-2.0	173	151	49	27	1699	0.1725
\TheName{}-2.5	172	149	51	28	1562	0.1725
\TheName{}-3.0	172	147	53	28	1673	0.1775
SVM	182	146	54	18	1	0.005
LR	0	200	0	200	1	0.005
Ye-LDA	178	151	49	22	109	0.005
DTree-10	89	173	27	111	11	0.005
DTree-20	89	170	30	111	10	0.005
RFC-50	60	189	11	140	8	0.005
RFC-100	55	187	13	145	16	0.01
NLSVM-0.1	200	11	189	0	1	0.0225
NLSVM-1.0	187	53	147	13	1	0.0175
NLSVM-10	200	6	194	0	1	0.0175
LDA	148	166	34	52	445	0.32
SDA-0.5	147	161	39	53	1577	0.175
SDA-1.0	146	160	40	54	1548	0.1725
SDA-1.5	146	160	40	54	1462	0.175
SDA-2.0	146	160	40	54	1639	0.2075
SDA-2.5	147	159	41	53	1540	0.1725
SDA-3.0	147	159	41	53	1494	0.17
\TheName{}-0.5	161	164	36	39	1558	0.17
\TheName{}-1.0	151	166	34	49	1712	0.18
\TheName{}-1.5	149	163	37	51	1541	0.1725
\TheName{}-2.0	148	161	39	52	1623	0.1825
\TheName{}-2.5	147	161	39	53	1598	0.1725
\TheName{}-3.0	147	161	39	53	1555	0.1725
SVM	163	165	35	37	0	0.0075
LR	200	0	200	0	0	0.0075
Ye-LDA	174	152	48	26	99	0.015
DTree-10	109	141	59	91	2	0.0125
DTree-20	111	138	62	89	2	0.005
RFC-50	50	177	23	150	8	0.005
RFC-100	57	181	19	143	17	0.01
NLSVM-0.1	200	14	186	0	0	0.0225
NLSVM-1.0	161	89	111	39	1	0.0175
NLSVM-10	0	200	0	200	0	0.0225
LDA	148	136	64	52	377	0.2025
SDA-0.5	93	188	12	107	1497	0.17
SDA-1.0	93	188	12	107	1606	0.18
SDA-1.5	93	188	12	107	1465	0.175
SDA-2.0	93	188	12	107	1557	0.17
SDA-2.5	93	188	12	107	1688	0.175
SDA-3.0	93	188	12	107	1580	0.175
\TheName{}-0.5	128	30	170	72	1659	0.1725
\TheName{}-1.0	166	125	75	34	1668	0.1725
\TheName{}-1.5	117	184	16	83	1653	0.18
\TheName{}-2.0	107	188	12	93	1682	0.1825
\TheName{}-2.5	101	188	12	99	1675	0.1725
\TheName{}-3.0	100	189	11	100	1674	0.17
SVM	149	150	50	51	1	0.005
LR	0	200	0	200	1	0.0025
Ye-LDA	106	187	13	94	123	0.015
DTree-10	109	139	61	91	4	0.005
DTree-20	109	139	61	91	2	0.0075
RFC-50	64	190	10	136	5	0.0225
RFC-100	57	191	9	143	17	0.0075
NLSVM-0.1	200	3	197	0	1	0.105
NLSVM-1.0	2	198	2	198	1	0.0225
NLSVM-10	0	200	0	200	1	0.03
LDA	127	165	35	73	304	0.225
SDA-0.5	159	185	15	41	1563	0.175
SDA-1.0	159	186	14	41	1496	0.175
SDA-1.5	159	186	14	41	1544	0.1725
SDA-2.0	159	187	13	41	1468	0.1775
SDA-2.5	159	187	13	41	1612	0.1775
SDA-3.0	159	187	13	41	1537	0.195
\TheName{}-0.5	156	179	21	44	1550	0.19
\TheName{}-1.0	159	183	17	41	1689	0.1775
\TheName{}-1.5	159	186	14	41	1698	0.1775
\TheName{}-2.0	159	186	14	41	1627	0.1725
\TheName{}-2.5	159	186	14	41	1603	0.175
\TheName{}-3.0	159	186	14	41	1635	0.175
SVM	134	169	31	66	1	0.0075
LR	0	200	0	200	0	0.005
Ye-LDA	147	176	24	53	103	0.0025
DTree-10	94	178	22	106	2	0.005
DTree-20	98	172	28	102	2	0.0025
RFC-50	79	193	7	121	5	0.0075
RFC-100	53	194	6	147	16	0.01
NLSVM-0.1	200	8	192	0	1	0.025
NLSVM-1.0	183	62	138	17	1	0.0375
NLSVM-10	0	200	0	200	0	0.0175
LDA	173	99	101	27	291	0.315
SDA-0.5	173	156	44	27	1532	0.1725
SDA-1.0	171	156	44	29	1528	0.1725
SDA-1.5	168	158	42	32	1555	0.175
SDA-2.0	168	158	42	32	1538	0.185
SDA-2.5	168	158	42	32	1527	0.1725
SDA-3.0	168	158	42	32	1630	0.175
\TheName{}-0.5	169	148	52	31	1588	0.1675
\TheName{}-1.0	170	155	45	30	1612	0.1725
\TheName{}-1.5	172	155	45	28	1757	0.1725
\TheName{}-2.0	172	156	44	28	1646	0.1725
\TheName{}-2.5	172	156	44	28	1726	0.19
\TheName{}-3.0	171	157	43	29	1625	0.1775
SVM	162	108	92	38	1	0.005
LR	0	200	0	200	1	0.0025
Ye-LDA	144	162	38	56	101	0.005
DTree-10	100	171	29	100	2	0.005
DTree-20	108	163	37	92	12	0.005
RFC-50	56	187	13	144	8	0.005
RFC-100	40	195	5	160	17	0.0125
NLSVM-0.1	0	200	0	200	0	0.0225
NLSVM-1.0	200	41	159	0	1	0.0175
NLSVM-10	190	126	74	10	1	0.0175
LDA	108	143	57	92	336	0.255
SDA-0.5	118	162	38	82	1503	0.1725
SDA-1.0	117	162	38	83	1467	0.1725
SDA-1.5	117	162	38	83	1539	0.1775
SDA-2.0	117	162	38	83	1510	0.175
SDA-2.5	117	161	39	83	1557	0.17
SDA-3.0	116	161	39	84	1452	0.1725
\TheName{}-0.5	164	116	84	36	1645	0.175
\TheName{}-1.0	139	159	41	61	1685	0.1725
\TheName{}-1.5	128	163	37	72	1610	0.2125
\TheName{}-2.0	123	163	37	77	1683	0.1775
\TheName{}-2.5	122	163	37	78	1695	0.17
\TheName{}-3.0	119	163	37	81	1681	0.18
SVM	156	128	72	44	2	0.005
LR	0	200	0	200	1	0.015
Ye-LDA	128	162	38	72	107	0.005
DTree-10	83	175	25	117	2	0.0025
DTree-20	95	162	38	105	3	0.0025
RFC-50	81	181	19	119	10	0.005
RFC-100	77	180	20	123	17	0.0125
NLSVM-0.1	200	17	183	0	1	0.025
NLSVM-1.0	200	32	168	0	0	0.02
NLSVM-10	4	200	0	196	0	0.025
LDA	153	143	57	47	283	0.2325
SDA-0.5	132	167	33	68	1666	0.1775
SDA-1.0	132	167	33	68	1541	0.1775
SDA-1.5	133	167	33	67	1529	0.1725
SDA-2.0	132	166	34	68	1636	0.18
SDA-2.5	131	166	34	69	1576	0.2075
SDA-3.0	131	166	34	69	1563	0.17
\TheName{}-0.5	151	51	149	49	1604	0.175
\TheName{}-1.0	180	148	52	20	1697	0.2
\TheName{}-1.5	147	160	40	53	1713	0.18
\TheName{}-2.0	138	165	35	62	1633	0.175
\TheName{}-2.5	133	165	35	67	1576	0.17
\TheName{}-3.0	133	166	34	67	1644	0.175
SVM	169	137	63	31	0	0.0075
LR	0	200	0	200	0	0.005
Ye-LDA	125	163	37	75	108	0.005
DTree-10	105	155	45	95	2	0.005
DTree-20	119	147	53	81	12	0.005
RFC-50	60	193	7	140	7	0.0075
RFC-100	62	190	10	138	15	0.0125
NLSVM-0.1	200	15	185	0	0	0.025
NLSVM-1.0	172	85	115	28	0	0.02
NLSVM-10	200	31	169	0	0	0.0175
LDA	164	140	60	36	253	0.22
SDA-0.5	140	163	37	60	1542	0.175
SDA-1.0	138	163	37	62	1511	0.17
SDA-1.5	138	163	37	62	1659	0.1725
SDA-2.0	137	163	37	63	1561	0.17
SDA-2.5	136	163	37	64	1609	0.1725
SDA-3.0	136	163	37	64	1636	0.17
\TheName{}-0.5	144	114	86	56	1673	0.1725
\TheName{}-1.0	177	160	40	23	1756	0.1775
\TheName{}-1.5	153	162	38	47	1676	0.1975
\TheName{}-2.0	146	164	36	54	1721	0.175
\TheName{}-2.5	144	163	37	56	1687	0.1725
\TheName{}-3.0	143	163	37	57	1580	0.1725
SVM	168	162	38	32	3	0.005
LR	0	200	0	200	0	0.005
Ye-LDA	130	167	33	70	106	0.005
DTree-10	118	140	60	82	6	0.005
DTree-20	126	128	72	74	4	0.0025
RFC-50	87	183	17	113	9	0.005
RFC-100	95	183	17	105	16	0.01
NLSVM-0.1	1	200	0	199	1	0.025
NLSVM-1.0	195	61	139	5	0	0.02
NLSVM-10	142	164	36	58	0	0.0175
LDA	129	141	59	71	269	0.245
SDA-0.5	124	154	46	76	1553	0.1675
SDA-1.0	124	153	47	76	1538	0.1625
SDA-1.5	124	152	48	76	1597	0.18
SDA-2.0	124	152	48	76	1560	0.18
SDA-2.5	124	152	48	76	1439	0.175
SDA-3.0	124	152	48	76	1493	0.17
\TheName{}-0.5	131	152	48	69	1632	0.17
\TheName{}-1.0	125	153	47	75	1598	0.175
\TheName{}-1.5	126	154	46	74	1500	0.1725
\TheName{}-2.0	125	154	46	75	1653	0.17
\TheName{}-2.5	125	153	47	75	1601	0.1725
\TheName{}-3.0	124	152	48	76	1588	0.1775
SVM	124	143	57	76	1	0.005
LR	0	200	0	200	0	0.005
Ye-LDA	107	155	45	93	102	0.0025
DTree-10	108	133	67	92	2	0.005
DTree-20	112	133	67	88	2	0.005
RFC-50	79	171	29	121	7	0.0075
RFC-100	70	173	27	130	15	0.0075
NLSVM-0.1	200	5	195	0	1	0.0225
NLSVM-1.0	176	50	150	24	1	0.0175
NLSVM-10	1	200	0	199	1	0.0325
LDA	162	121	79	38	315	0.5275
SDA-0.5	158	157	43	42	1589	0.1825
SDA-1.0	157	157	43	43	1641	0.1725
SDA-1.5	155	159	41	45	1581	0.175
SDA-2.0	153	159	41	47	1692	0.175
SDA-2.5	152	159	41	48	1581	0.1725
SDA-3.0	149	159	41	51	1546	0.19
\TheName{}-0.5	183	117	83	17	1662	0.1825
\TheName{}-1.0	180	144	56	20	1711	0.1725
\TheName{}-1.5	175	155	45	25	1555	0.1725
\TheName{}-2.0	168	156	44	32	1711	0.18
\TheName{}-2.5	167	156	44	33	1653	0.1725
\TheName{}-3.0	164	157	43	36	1643	0.17
SVM	171	132	68	29	1	0.005
LR	0	200	0	200	1	0.0025
Ye-LDA	158	146	54	42	111	0.0175
DTree-10	86	171	29	114	12	0.0125
DTree-20	108	147	53	92	36	0.0125
RFC-50	71	179	21	129	11	0.01
RFC-100	56	180	20	144	30	0.0175
NLSVM-0.1	200	9	191	0	1	0.0325
NLSVM-1.0	200	26	174	0	0	0.0225
NLSVM-10	39	195	5	161	0	0.02
LDA	164	147	53	36	298	0.2325
SDA-0.5	139	178	22	61	1509	0.17
SDA-1.0	137	178	22	63	1556	0.175
SDA-1.5	136	178	22	64	1554	0.175
SDA-2.0	136	178	22	64	1524	0.1775
SDA-2.5	135	177	23	65	1570	0.1675
SDA-3.0	135	177	23	65	1705	0.1625
\TheName{}-0.5	154	183	17	46	1604	0.1975
\TheName{}-1.0	141	183	17	59	1701	0.175
\TheName{}-1.5	140	181	19	60	1592	0.17
\TheName{}-2.0	138	179	21	62	1707	0.1725
\TheName{}-2.5	135	178	22	65	1841	0.1775
\TheName{}-3.0	135	178	22	65	1572	0.185
SVM	172	156	44	28	1	0.0075
LR	200	0	200	0	0	0.005
Ye-LDA	156	157	43	44	102	0.0025
DTree-10	103	174	26	97	2	0.0025
DTree-20	114	161	39	86	3	0.005
RFC-50	95	181	19	105	9	0.0075
RFC-100	77	186	14	123	16	0.0125
NLSVM-0.1	200	15	185	0	0	0.025
NLSVM-1.0	198	50	150	2	1	0.0175
NLSVM-10	0	200	0	200	1	0.0175
LDA	179	121	79	21	301	0.2425
SDA-0.5	161	161	39	39	1647	0.1725
SDA-1.0	161	161	39	39	1595	0.175
SDA-1.5	161	161	39	39	1598	0.19
SDA-2.0	160	164	36	40	1502	0.1725
SDA-2.5	160	164	36	40	1506	0.1725
SDA-3.0	160	165	35	40	1597	0.18
\TheName{}-0.5	171	112	88	29	1583	0.1725
\TheName{}-1.0	181	145	55	19	1734	0.1725
\TheName{}-1.5	175	154	46	25	1597	0.175
\TheName{}-2.0	174	160	40	26	1580	0.1725
\TheName{}-2.5	170	160	40	30	1614	0.1725
\TheName{}-3.0	168	161	39	32	1771	0.17
SVM	178	125	75	22	1	0.005
LR	0	200	0	200	1	0.005
Ye-LDA	111	174	26	89	102	0.0025
DTree-10	92	174	26	108	2	0.005
DTree-20	106	171	29	94	3	0.0025
RFC-50	52	187	13	148	4	0.0075
RFC-100	57	186	14	143	16	0.01
NLSVM-0.1	130	92	108	70	0	0.025
NLSVM-1.0	200	55	145	0	0	0.02
NLSVM-10	200	66	134	0	0	0.0175
LDA	169	131	69	31	482	0.36
SDA-0.5	180	135	65	20	1562	0.17
SDA-1.0	180	134	66	20	1533	0.1775
SDA-1.5	180	134	66	20	1513	0.175
SDA-2.0	180	134	66	20	1551	0.175
SDA-2.5	180	135	65	20	1484	0.1725
SDA-3.0	180	136	64	20	1574	0.195
\TheName{}-0.5	175	128	72	25	1668	0.1775
\TheName{}-1.0	176	130	70	24	1540	0.1775
\TheName{}-1.5	178	132	68	22	1825	0.1725
\TheName{}-2.0	179	132	68	21	1533	0.1725
\TheName{}-2.5	179	132	68	21	1592	0.175
\TheName{}-3.0	179	132	68	21	1636	0.1725
SVM	174	134	66	26	1	0.0075
LR	0	200	0	200	0	0.005
Ye-LDA	152	165	35	48	102	0.005
DTree-10	86	183	17	114	1	0.005
DTree-20	112	168	32	88	13	0.005
RFC-50	35	195	5	165	7	0.005
RFC-100	36	196	4	164	16	0.0125
NLSVM-0.1	1	200	0	199	0	0.025
NLSVM-1.0	57	165	35	143	0	0.0175
NLSVM-10	200	0	200	0	1	0.0175
LDA	133	134	66	67	379	0.215
SDA-0.5	149	174	26	51	1534	0.175
SDA-1.0	146	174	26	54	1539	0.175
SDA-1.5	146	174	26	54	1619	0.205
SDA-2.0	146	174	26	54	1549	0.175
SDA-2.5	146	173	27	54	1535	0.1775
SDA-3.0	146	173	27	54	1591	0.1775
\TheName{}-0.5	119	106	94	81	1554	0.175
\TheName{}-1.0	166	172	28	34	1807	0.19
\TheName{}-1.5	162	173	27	38	1663	0.18
\TheName{}-2.0	160	170	30	40	1645	0.17
\TheName{}-2.5	158	170	30	42	1671	0.1825
\TheName{}-3.0	156	171	29	44	1814	0.18
SVM	150	133	67	50	1	0.0075
LR	200	0	200	0	0	0.005
Ye-LDA	150	158	42	50	127	0.0025
DTree-10	99	164	36	101	2	0.0025
DTree-20	99	164	36	101	2	0.005
RFC-50	57	195	5	143	4	0.0075
RFC-100	42	197	3	158	15	0.01
NLSVM-0.1	1	198	2	199	0	0.025
NLSVM-1.0	40	154	46	160	0	0.02
NLSVM-10	200	0	200	0	1	0.0175
LDA	144	133	67	56	258	0.32
SDA-0.5	141	185	15	59	1576	0.17
SDA-1.0	142	185	15	58	1495	0.17
SDA-1.5	142	185	15	58	1599	0.1725
SDA-2.0	143	185	15	57	1614	0.18
SDA-2.5	143	185	15	57	1591	0.1725
SDA-3.0	143	185	15	57	1544	0.1725
\TheName{}-0.5	121	57	143	79	1568	0.1725
\TheName{}-1.0	139	135	65	61	1723	0.1725
\TheName{}-1.5	158	174	26	42	1588	0.1725
\TheName{}-2.0	152	178	22	48	1589	0.1725
\TheName{}-2.5	150	181	19	50	1666	0.1725
\TheName{}-3.0	147	184	16	53	1717	0.175
SVM	151	150	50	49	1	0.005
LR	0	200	0	200	0	0.005
Ye-LDA	115	182	18	85	103	0.0075
DTree-10	96	164	36	104	2	0.0025
DTree-20	111	152	48	89	3	0.005
RFC-50	43	191	9	157	7	0.005
RFC-100	59	192	8	141	15	0.0125
NLSVM-0.1	200	10	190	0	0	0.025
NLSVM-1.0	172	85	115	28	1	0.0175
NLSVM-10	200	0	200	0	1	0.0175
LDA	149	161	39	51	390	0.22
SDA-0.5	128	175	25	72	1542	0.2
SDA-1.0	127	175	25	73	1543	0.175
SDA-1.5	127	174	26	73	1643	0.1825
SDA-2.0	127	174	26	73	1563	0.185
SDA-2.5	127	174	26	73	1469	0.175
SDA-3.0	127	174	26	73	1575	0.17
\TheName{}-0.5	130	137	63	70	1696	0.1725
\TheName{}-1.0	149	180	20	51	1681	0.1725
\TheName{}-1.5	138	176	24	62	1663	0.1775
\TheName{}-2.0	135	177	23	65	1683	0.2075
\TheName{}-2.5	131	176	24	69	1663	0.1725
\TheName{}-3.0	129	176	24	71	1599	0.1725
SVM	156	162	38	44	1	0.005
LR	0	200	0	200	0	0.005
Ye-LDA	112	182	18	88	104	0.005
DTree-10	118	153	47	82	2	0.0025
DTree-20	124	150	50	76	2	0.005
RFC-50	83	190	10	117	10	0.005
RFC-100	86	188	12	114	15	0.01
NLSVM-0.1	0	200	0	200	1	0.025
NLSVM-1.0	163	99	101	37	0	0.02
NLSVM-10	1	200	0	199	0	0.0175
LDA	132	175	25	68	288	0.2375
SDA-0.5	118	181	19	82	1563	0.17
SDA-1.0	117	182	18	83	1551	0.18
SDA-1.5	117	182	18	83	1566	0.175
SDA-2.0	116	182	18	84	1538	0.1775
SDA-2.5	114	182	18	86	1541	0.1725
SDA-3.0	114	182	18	86	1583	0.1825
\TheName{}-0.5	136	36	164	64	1582	0.1725
\TheName{}-1.0	176	121	79	24	1714	0.175
\TheName{}-1.5	162	165	35	38	1637	0.1825
\TheName{}-2.0	149	178	22	51	1704	0.1775
\TheName{}-2.5	140	178	22	60	1667	0.1725
\TheName{}-3.0	136	179	21	64	1619	0.1775
SVM	134	184	16	66	1	0.0075
LR	200	0	200	0	0	0.005
Ye-LDA	176	115	85	24	102	0.0025
DTree-10	180	96	104	20	2	0.0025
DTree-20	172	128	72	28	3	0.0025
RFC-50	55	190	10	145	9	0.005
RFC-100	57	190	10	143	20	0.0275
NLSVM-0.1	1	200	0	199	1	0.0275
NLSVM-1.0	164	69	131	36	0	0.0275
NLSVM-10	200	0	200	0	3	0.03
LDA	139	170	30	61	305	0.25
SDA-0.5	133	179	21	67	1589	0.175
SDA-1.0	133	179	21	67	1665	0.1725
SDA-1.5	132	179	21	68	1600	0.17
SDA-2.0	131	179	21	69	1579	0.17
SDA-2.5	131	179	21	69	1622	0.2175
SDA-3.0	131	179	21	69	1508	0.1725
\TheName{}-0.5	119	114	86	81	1565	0.1725
\TheName{}-1.0	143	178	22	57	1661	0.245
\TheName{}-1.5	142	176	24	58	1668	0.1725
\TheName{}-2.0	140	178	22	60	1626	0.185
\TheName{}-2.5	139	178	22	61	1678	0.17
\TheName{}-3.0	140	178	22	60	1774	0.17
SVM	150	167	33	50	1	0.0075
LR	0	200	0	200	0	0.005
Ye-LDA	108	186	14	92	106	0.005
DTree-10	114	157	43	86	12	0.005
DTree-20	117	157	43	83	2	0.005
RFC-50	88	174	26	112	3	0.0075
RFC-100	90	173	27	110	7	0.0125
NLSVM-0.1	51	189	11	149	1	0.0225
NLSVM-1.0	180	59	141	20	1	0.0175
NLSVM-10	2	200	0	198	0	0.0175
LDA	134	150	50	66	278	0.2575
SDA-0.5	133	168	32	67	1665	0.1775
SDA-1.0	132	168	32	68	1576	0.1725
SDA-1.5	132	168	32	68	1476	0.17
SDA-2.0	131	168	32	69	1574	0.17
SDA-2.5	131	168	32	69	1594	0.1725
SDA-3.0	130	168	32	70	1662	0.175
\TheName{}-0.5	142	175	25	58	1619	0.17
\TheName{}-1.0	137	173	27	63	1741	0.1825
\TheName{}-1.5	133	170	30	67	1729	0.175
\TheName{}-2.0	132	170	30	68	1608	0.18
\TheName{}-2.5	132	169	31	68	1721	0.175
\TheName{}-3.0	131	169	31	69	1616	0.175
SVM	153	157	43	47	1	0.005
LR	0	200	0	200	0	0.005
Ye-LDA	111	177	23	89	105	0.015
DTree-10	109	166	34	91	15	0.0075
DTree-20	124	150	50	76	2	0.005
RFC-50	90	174	26	110	3	0.0075
RFC-100	76	173	27	124	16	0.015
NLSVM-0.1	200	12	188	0	1	0.025
NLSVM-1.0	144	98	102	56	0	0.02
NLSVM-10	0	200	0	200	1	0.0175
LDA	162	155	45	38	290	0.2725
SDA-0.5	177	159	41	23	1554	0.17
SDA-1.0	178	155	45	22	1568	0.1725
SDA-1.5	180	154	46	20	1501	0.175
SDA-2.0	180	154	46	20	1552	0.17
SDA-2.5	180	154	46	20	1545	0.1775
SDA-3.0	180	154	46	20	1543	0.175
\TheName{}-0.5	177	156	44	23	1617	0.1725
\TheName{}-1.0	179	154	46	21	1728	0.175
\TheName{}-1.5	179	155	45	21	1585	0.1725
\TheName{}-2.0	180	155	45	20	1607	0.175
\TheName{}-2.5	180	155	45	20	1681	0.1725
\TheName{}-3.0	180	155	45	20	1607	0.175
SVM	166	166	34	34	1	0.005
LR	0	200	0	200	0	0.005
Ye-LDA	142	176	24	58	104	0.0025
DTree-10	117	144	56	83	2	0.005
DTree-20	141	131	69	59	3	0.005
RFC-50	52	189	11	148	3	0.0075
RFC-100	41	193	7	159	17	0.01
NLSVM-0.1	200	10	190	0	1	0.0225
NLSVM-1.0	172	71	129	28	1	0.0175
NLSVM-10	0	200	0	200	1	0.0175
LDA	178	105	95	22	361	0.38
SDA-0.5	175	153	47	25	1685	0.1725
SDA-1.0	175	153	47	25	1521	0.175
SDA-1.5	175	152	48	25	1608	0.175
SDA-2.0	175	152	48	25	1674	0.1725
SDA-2.5	175	152	48	25	1584	0.1775
SDA-3.0	175	152	48	25	1583	0.17
\TheName{}-0.5	168	146	54	32	1620	0.18
\TheName{}-1.0	172	154	46	28	1707	0.1725
\TheName{}-1.5	173	154	46	27	1678	0.17
\TheName{}-2.0	174	156	44	26	1812	0.175
\TheName{}-2.5	175	152	48	25	1695	0.17
\TheName{}-3.0	175	152	48	25	1664	0.1725
SVM	175	113	87	25	2	0.0025
LR	200	0	200	0	1	0.0025
Ye-LDA	167	137	63	33	137	0.0025
DTree-10	101	160	40	99	20	0.0125
DTree-20	123	148	52	77	4	0.01
RFC-50	100	178	22	100	4	0.0075
RFC-100	71	183	17	129	20	0.015
NLSVM-0.1	139	85	115	61	1	0.025
NLSVM-1.0	62	148	52	138	0	0.025
NLSVM-10	194	87	113	6	0	0.02
LDA	147	150	50	53	282	0.2675
SDA-0.5	128	161	39	72	1593	0.18
SDA-1.0	125	161	39	75	1541	0.175
SDA-1.5	124	161	39	76	1555	0.17
SDA-2.0	121	161	39	79	1539	0.18
SDA-2.5	121	161	39	79	1571	0.1725
SDA-3.0	121	161	39	79	1552	0.1725
\TheName{}-0.5	170	128	72	30	1642	0.18
\TheName{}-1.0	151	166	34	49	1657	0.17
\TheName{}-1.5	140	164	36	60	1839	0.18
\TheName{}-2.0	138	163	37	62	1707	0.1725
\TheName{}-2.5	133	162	38	67	1710	0.1725
\TheName{}-3.0	129	161	39	71	1736	0.18
SVM	153	156	44	47	1	0.005
LR	200	0	200	0	0	0.005
Ye-LDA	172	134	66	28	108	0.01
DTree-10	95	154	46	105	12	0.005
DTree-20	105	153	47	95	2	0.005
RFC-50	61	188	12	139	9	0.005
RFC-100	53	192	8	147	27	0.0275
NLSVM-0.1	1	199	1	199	0	0.025
NLSVM-1.0	191	43	157	9	1	0.0175
NLSVM-10	64	192	8	136	0	0.02
LDA	181	110	90	19	249	0.2425
SDA-0.5	141	157	43	59	1499	0.18
SDA-1.0	139	157	43	61	1488	0.1725
SDA-1.5	138	157	43	62	1455	0.175
SDA-2.0	138	157	43	62	1580	0.18
SDA-2.5	138	157	43	62	1599	0.1825
SDA-3.0	137	157	43	63	1495	0.18
\TheName{}-0.5	128	68	132	72	1646	0.175
\TheName{}-1.0	185	145	55	15	1808	0.18
\TheName{}-1.5	151	154	46	49	1570	0.1775
\TheName{}-2.0	144	162	38	56	1710	0.175
\TheName{}-2.5	143	160	40	57	1698	0.175
\TheName{}-3.0	143	157	43	57	1545	0.1725
SVM	185	110	90	15	1	0.005
LR	200	0	200	0	1	0.0025
Ye-LDA	138	164	36	62	99	0.005
DTree-10	95	164	36	105	2	0.0025
DTree-20	103	159	41	97	2	0.005
RFC-50	59	189	11	141	7	0.0075
RFC-100	46	189	11	154	14	0.0125
NLSVM-0.1	200	8	192	0	0	0.025
NLSVM-1.0	43	149	51	157	0	0.0175
NLSVM-10	0	200	0	200	0	0.0175
LDA	164	129	71	36	275	0.265
SDA-0.5	142	151	49	58	1474	0.175
SDA-1.0	141	148	52	59	1529	0.17
SDA-1.5	141	148	52	59	1482	0.17
SDA-2.0	141	148	52	59	1668	0.1775
SDA-2.5	142	148	52	58	1568	0.175
SDA-3.0	142	147	53	58	1531	0.1825
\TheName{}-0.5	186	119	81	14	1622	0.1725
\TheName{}-1.0	163	145	55	37	1645	0.1975
\TheName{}-1.5	151	149	51	49	1676	0.1775
\TheName{}-2.0	149	146	54	51	1630	0.205
\TheName{}-2.5	147	145	55	53	1597	0.185
\TheName{}-3.0	146	146	54	54	1618	0.175
SVM	165	133	67	35	1	0.005
LR	0	200	0	200	0	0.005
Ye-LDA	125	150	50	75	105	0.0025
DTree-10	95	164	36	105	2	0.0025
DTree-20	122	144	56	78	3	0.0025
RFC-50	81	181	19	119	8	0.005
RFC-100	63	187	13	137	14	0.0125
NLSVM-0.1	78	144	56	122	1	0.0275
NLSVM-1.0	24	190	10	176	0	0.0225
NLSVM-10	200	29	171	0	1	0.04
LDA	121	154	46	79	288	0.32
SDA-0.5	138	172	28	62	1626	0.1725
SDA-1.0	137	172	28	63	1479	0.17
SDA-1.5	137	172	28	63	1552	0.195
SDA-2.0	138	172	28	62	1517	0.17
SDA-2.5	138	172	28	62	1574	0.1725
SDA-3.0	138	171	29	62	1609	0.1725
\TheName{}-0.5	163	117	83	37	1705	0.1725
\TheName{}-1.0	150	169	31	50	1786	0.175
\TheName{}-1.5	145	170	30	55	1704	0.175
\TheName{}-2.0	141	172	28	59	1619	0.175
\TheName{}-2.5	139	172	28	61	1682	0.1775
\TheName{}-3.0	138	171	29	62	1691	0.1775
SVM	135	155	45	65	1	0.005
LR	0	200	0	200	0	0.005
Ye-LDA	116	179	21	84	109	0.0025
DTree-10	122	149	51	78	2	0.0025
DTree-20	125	144	56	75	2	0.005
RFC-50	68	192	8	132	9	0.0075
RFC-100	69	186	14	131	10	0.035
NLSVM-0.1	200	4	196	0	1	0.0275
NLSVM-1.0	0	200	0	200	1	0.0175
NLSVM-10	0	200	0	200	0	0.0175
LDA	162	147	53	38	289	0.265
SDA-0.5	154	175	25	46	1636	0.17
SDA-1.0	152	174	26	48	1605	0.1675
SDA-1.5	152	174	26	48	1572	0.1725
SDA-2.0	148	174	26	52	1591	0.1725
SDA-2.5	146	174	26	54	1597	0.1825
SDA-3.0	145	174	26	55	1499	0.1725
\TheName{}-0.5	179	122	78	21	1698	0.19
\TheName{}-1.0	178	155	45	22	1594	0.175
\TheName{}-1.5	176	166	34	24	1614	0.1775
\TheName{}-2.0	158	172	28	42	1711	0.175
\TheName{}-2.5	157	176	24	43	1622	0.1725
\TheName{}-3.0	154	176	24	46	1684	0.17
SVM	167	163	37	33	1	0.0075
LR	0	200	0	200	0	0.005
Ye-LDA	154	143	57	46	104	0.005
DTree-10	96	175	25	104	3	0.005
DTree-20	104	168	32	96	4	0.005
RFC-50	59	194	6	141	9	0.0075
RFC-100	65	194	6	135	18	0.015
NLSVM-0.1	1	200	0	199	0	0.025
NLSVM-1.0	185	74	126	15	1	0.0175
NLSVM-10	198	61	139	2	1	0.0175
LDA	145	164	36	55	396	0.3
SDA-0.5	85	178	22	115	1504	0.1725
SDA-1.0	85	177	23	115	1582	0.185
SDA-1.5	85	177	23	115	1598	0.175
SDA-2.0	85	177	23	115	1495	0.175
SDA-2.5	85	177	23	115	1567	0.1725
SDA-3.0	85	177	23	115	1568	0.1775
\TheName{}-0.5	129	28	172	71	1663	0.1725
\TheName{}-1.0	143	56	144	57	1641	0.17
\TheName{}-1.5	158	166	34	42	1663	0.1975
\TheName{}-2.0	100	175	25	100	1710	0.1775
\TheName{}-2.5	95	177	23	105	1608	0.175
\TheName{}-3.0	91	176	24	109	1962	0.1775
SVM	148	170	30	52	1	0.005
LR	200	0	200	0	0	0.005
Ye-LDA	115	165	35	85	99	0.005
DTree-10	116	131	69	84	17	0.005
DTree-20	116	131	69	84	2	0.005
RFC-50	66	185	15	134	3	0.005
RFC-100	65	188	12	135	13	0.01
NLSVM-0.1	200	16	184	0	1	0.0225
NLSVM-1.0	187	51	149	13	1	0.0175
NLSVM-10	113	161	39	87	1	0.015
LDA	130	155	45	70	249	0.2575
SDA-0.5	126	166	34	74	1603	0.1775
SDA-1.0	124	166	34	76	1551	0.1725
SDA-1.5	124	167	33	76	1533	0.175
SDA-2.0	123	167	33	77	1596	0.175
SDA-2.5	123	167	33	77	1560	0.1725
SDA-3.0	123	167	33	77	1600	0.1725
\TheName{}-0.5	158	128	72	42	1713	0.1725
\TheName{}-1.0	138	162	38	62	1715	0.1725
\TheName{}-1.5	132	163	37	68	1997	0.18
\TheName{}-2.0	128	163	37	72	1667	0.1775
\TheName{}-2.5	126	163	37	74	1846	0.175
\TheName{}-3.0	125	163	37	75	1747	0.1825
SVM	143	160	40	57	1	0.005
LR	200	0	200	0	1	0.015
Ye-LDA	140	154	46	60	142	0.015
DTree-10	115	144	56	85	2	0.01
DTree-20	124	136	64	76	2	0.005
RFC-50	66	178	22	134	4	0.0075
RFC-100	69	172	28	131	17	0.0125
NLSVM-0.1	2	200	0	198	1	0.0275
NLSVM-1.0	4	198	2	196	1	0.0225
NLSVM-10	0	200	0	200	1	0.0175
LDA	150	158	42	50	324	0.265
SDA-0.5	121	186	14	79	1592	0.17
SDA-1.0	119	186	14	81	1678	0.18
SDA-1.5	118	185	15	82	1597	0.175
SDA-2.0	119	184	16	81	1671	0.18
SDA-2.5	119	184	16	81	1622	0.18
SDA-3.0	119	183	17	81	1704	0.1775
\TheName{}-0.5	119	69	131	81	1629	0.1725
\TheName{}-1.0	160	166	34	40	1676	0.1825
\TheName{}-1.5	150	179	21	50	1611	0.175
\TheName{}-2.0	137	182	18	63	1605	0.175
\TheName{}-2.5	131	183	17	69	1705	0.1725
\TheName{}-3.0	124	183	17	76	1678	0.175
SVM	153	156	44	47	1	0.005
LR	0	200	0	200	0	0.005
Ye-LDA	107	185	15	93	107	0.005
DTree-10	102	170	30	98	2	0.005
DTree-20	104	169	31	96	2	0.0025
RFC-50	49	194	6	151	8	0.0075
RFC-100	58	195	5	142	16	0.01
NLSVM-0.1	1	200	0	199	0	0.025
NLSVM-1.0	14	190	10	186	0	0.02
NLSVM-10	151	170	30	49	0	0.02
LDA	186	112	88	14	360	0.4425
SDA-0.5	160	152	48	40	1624	0.1725
SDA-1.0	160	152	48	40	1522	0.185
SDA-1.5	159	152	48	41	1629	0.175
SDA-2.0	159	152	48	41	1498	0.1725
SDA-2.5	159	152	48	41	1585	0.1725
SDA-3.0	159	152	48	41	1520	0.1775
\TheName{}-0.5	160	79	121	40	1608	0.1925
\TheName{}-1.0	193	109	91	7	1585	0.1725
\TheName{}-1.5	189	129	71	11	1831	0.175
\TheName{}-2.0	186	134	66	14	1625	0.1725
\TheName{}-2.5	184	139	61	16	1632	0.175
\TheName{}-3.0	182	140	60	18	1673	0.1825
SVM	184	110	90	16	1	0.005
LR	0	200	0	200	1	0.0025
Ye-LDA	171	141	59	29	127	0.0025
DTree-10	88	164	36	112	4	0.0
DTree-20	104	159	41	96	3	0.0025
RFC-50	56	188	12	144	10	0.005
RFC-100	60	190	10	140	18	0.01
NLSVM-0.1	200	23	177	0	1	0.0225
NLSVM-1.0	193	85	115	7	1	0.02
NLSVM-10	0	200	0	200	0	0.0175
LDA	173	117	83	27	348	0.4775
SDA-0.5	132	167	33	68	1618	0.1775
SDA-1.0	132	166	34	68	1602	0.185
SDA-1.5	132	165	35	68	1558	0.1725
SDA-2.0	131	165	35	69	1441	0.1725
SDA-2.5	131	165	35	69	1558	0.185
SDA-3.0	131	165	35	69	1521	0.175
\TheName{}-0.5	183	100	100	17	1650	0.17
\TheName{}-1.0	158	162	38	42	1557	0.1775
\TheName{}-1.5	142	167	33	58	1669	0.1775
\TheName{}-2.0	138	166	34	62	1628	0.18
\TheName{}-2.5	136	165	35	64	1575	0.175
\TheName{}-3.0	135	165	35	65	1705	0.1725
SVM	180	124	76	20	1	0.005
LR	200	0	200	0	0	0.005
Ye-LDA	173	134	66	27	99	0.005
DTree-10	99	159	41	101	7	0.005
DTree-20	112	151	49	88	3	0.0025
RFC-50	63	188	12	137	4	0.005
RFC-100	58	186	14	142	16	0.01
NLSVM-0.1	1	200	0	199	1	0.025
NLSVM-1.0	200	20	180	0	0	0.02
NLSVM-10	0	200	0	200	0	0.0175
LDA	101	160	40	99	347	0.215
SDA-0.5	106	173	27	94	1531	0.175
SDA-1.0	106	172	28	94	1556	0.1975
SDA-1.5	105	171	29	95	1464	0.185
SDA-2.0	105	171	29	95	1524	0.175
SDA-2.5	103	171	29	97	1522	0.195
SDA-3.0	103	171	29	97	1547	0.1625
\TheName{}-0.5	117	175	25	83	1676	0.17
\TheName{}-1.0	106	172	28	94	1597	0.17
\TheName{}-1.5	105	172	28	95	1700	0.17
\TheName{}-2.0	105	171	29	95	1664	0.1775
\TheName{}-2.5	105	171	29	95	1636	0.1925
\TheName{}-3.0	105	171	29	95	1677	0.195
SVM	111	168	32	89	1	0.005
LR	0	200	0	200	1	0.005
Ye-LDA	104	166	34	96	104	0.0025
DTree-10	106	147	53	94	1	0.005
DTree-20	106	147	53	94	1	0.005
RFC-50	66	179	21	134	7	0.005
RFC-100	65	180	20	135	6	0.0075
NLSVM-0.1	62	176	24	138	1	0.0225
NLSVM-1.0	170	59	141	30	0	0.02
NLSVM-10	1	200	0	199	0	0.0175
LDA	188	102	98	12	325	0.2425
SDA-0.5	104	181	19	96	1715	0.175
SDA-1.0	102	182	18	98	1577	0.17
SDA-1.5	102	182	18	98	1527	0.17
SDA-2.0	102	182	18	98	1585	0.19
SDA-2.5	102	182	18	98	1520	0.1725
SDA-3.0	103	182	18	97	1549	0.175
\TheName{}-0.5	127	44	156	73	1637	0.1725
\TheName{}-1.0	164	82	118	36	1491	0.1725
\TheName{}-1.5	184	145	55	16	1697	0.175
\TheName{}-2.0	158	176	24	42	1551	0.175
\TheName{}-2.5	142	179	21	58	1581	0.1725
\TheName{}-3.0	130	179	21	70	1714	0.175
SVM	181	123	77	19	1	0.005
LR	200	0	200	0	1	0.0025
Ye-LDA	180	121	79	20	99	0.0025
DTree-10	172	72	128	28	4	0.005
DTree-20	83	179	21	117	4	0.0025
RFC-50	89	182	18	111	9	0.005
RFC-100	89	181	19	111	14	0.01
NLSVM-0.1	0	200	0	200	1	0.0225
NLSVM-1.0	52	155	45	148	0	0.02
NLSVM-10	200	71	129	0	0	0.0175
LDA	153	124	76	47	277	0.285
SDA-0.5	160	171	29	40	1626	0.18
SDA-1.0	160	171	29	40	1591	0.1725
SDA-1.5	159	171	29	41	1635	0.17
SDA-2.0	159	171	29	41	1546	0.18
SDA-2.5	159	171	29	41	1514	0.185
SDA-3.0	159	171	29	41	1491	0.1725
\TheName{}-0.5	158	128	72	42	1632	0.175
\TheName{}-1.0	168	142	58	32	1716	0.1775
\TheName{}-1.5	167	163	37	33	1696	0.1775
\TheName{}-2.0	167	167	33	33	1754	0.1925
\TheName{}-2.5	161	170	30	39	1701	0.18
\TheName{}-3.0	160	169	31	40	1717	0.17
SVM	157	125	75	43	1	0.005
LR	200	0	200	0	0	0.005
Ye-LDA	181	73	127	19	103	0.005
DTree-10	123	150	50	77	2	0.005
DTree-20	127	151	49	73	4	0.0
RFC-50	55	193	7	145	8	0.005
RFC-100	53	194	6	147	17	0.01
NLSVM-0.1	0	200	0	200	1	0.0225
NLSVM-1.0	196	45	155	4	1	0.0175
NLSVM-10	190	108	92	10	0	0.0175
LDA	168	143	57	32	313	0.4175
SDA-0.5	169	137	63	31	1573	0.1725
SDA-1.0	171	134	66	29	1654	0.1775
SDA-1.5	171	134	66	29	1584	0.175
SDA-2.0	171	134	66	29	1575	0.17
SDA-2.5	171	134	66	29	1599	0.17
SDA-3.0	171	134	66	29	1640	0.175
\TheName{}-0.5	170	144	56	30	1724	0.1725
\TheName{}-1.0	168	139	61	32	1755	0.1825
\TheName{}-1.5	169	135	65	31	1729	0.1725
\TheName{}-2.0	169	134	66	31	1712	0.17
\TheName{}-2.5	169	134	66	31	1801	0.175
\TheName{}-3.0	170	134	66	30	1624	0.175
SVM	165	148	52	35	1	0.005
LR	0	200	0	200	0	0.005
Ye-LDA	144	166	34	56	115	0.005
DTree-10	153	113	87	47	1	0.005
DTree-20	153	122	78	47	2	0.005
RFC-50	57	183	17	143	15	0.0075
RFC-100	57	183	17	143	29	0.0125
NLSVM-0.1	2	200	0	198	0	0.025
NLSVM-1.0	37	170	30	163	0	0.02
NLSVM-10	0	200	0	200	0	0.0175
LDA	121	121	79	79	410	0.285
SDA-0.5	158	159	41	42	1532	0.175
SDA-1.0	158	159	41	42	1610	0.17
SDA-1.5	158	159	41	42	1563	0.175
SDA-2.0	158	159	41	42	1696	0.1725
SDA-2.5	158	159	41	42	1512	0.17
SDA-3.0	158	159	41	42	1583	0.17
\TheName{}-0.5	179	137	63	21	1685	0.1825
\TheName{}-1.0	165	157	43	35	1695	0.205
\TheName{}-1.5	161	160	40	39	1760	0.1775
\TheName{}-2.0	161	160	40	39	1685	0.1725
\TheName{}-2.5	161	160	40	39	1727	0.185
\TheName{}-3.0	159	161	39	41	1613	0.1725
SVM	172	127	73	28	1	0.005
LR	200	0	200	0	0	0.005
Ye-LDA	181	131	69	19	101	0.005
DTree-10	95	144	56	105	2	0.0025
DTree-20	109	136	64	91	3	0.0025
RFC-50	58	185	15	142	8	0.0075
RFC-100	78	177	23	122	16	0.0125
NLSVM-0.1	3	198	2	197	1	0.025
NLSVM-1.0	190	28	172	10	0	0.0175
NLSVM-10	79	191	9	121	1	0.0175
LDA	163	137	63	37	354	0.3575
SDA-0.5	147	173	27	53	1661	0.1725
SDA-1.0	146	173	27	54	1672	0.175
SDA-1.5	145	173	27	55	1772	0.1725
SDA-2.0	143	173	27	57	1634	0.17
SDA-2.5	142	173	27	58	1541	0.17
SDA-3.0	142	173	27	58	1609	0.175
\TheName{}-0.5	176	135	65	24	1644	0.185
\TheName{}-1.0	169	169	31	31	1615	0.18
\TheName{}-1.5	157	174	26	43	1682	0.1975
\TheName{}-2.0	155	175	25	45	1715	0.1725
\TheName{}-2.5	151	175	25	49	1733	0.175
\TheName{}-3.0	150	174	26	50	1674	0.175
SVM	166	151	49	34	1	0.005
LR	200	0	200	0	0	0.005
Ye-LDA	161	114	86	39	104	0.0025
DTree-10	85	165	35	115	2	0.005
DTree-20	116	152	48	84	3	0.005
RFC-50	43	195	5	157	9	0.0075
RFC-100	58	190	10	142	19	0.01
NLSVM-0.1	200	1	199	0	1	0.025
NLSVM-1.0	197	29	171	3	0	0.02
NLSVM-10	200	0	200	0	0	0.0175
LDA	138	165	35	62	323	0.23
SDA-0.5	121	167	33	79	1669	0.2875
SDA-1.0	121	168	32	79	1638	0.185
SDA-1.5	120	168	32	80	1515	0.1775
SDA-2.0	120	168	32	80	1545	0.175
SDA-2.5	120	168	32	80	1625	0.1825
SDA-3.0	119	168	32	81	1493	0.1725
\TheName{}-0.5	167	139	61	33	1667	0.175
\TheName{}-1.0	139	169	31	61	1700	0.175
\TheName{}-1.5	132	169	31	68	1701	0.1725
\TheName{}-2.0	126	170	30	74	1749	0.185
\TheName{}-2.5	126	167	33	74	1665	0.175
\TheName{}-3.0	122	167	33	78	1569	0.1725
SVM	145	164	36	55	1	0.005
LR	0	200	0	200	0	0.005
Ye-LDA	143	162	38	57	106	0.0025
DTree-10	97	175	25	103	2	0.005
DTree-20	106	159	41	94	3	0.005
RFC-50	51	187	13	149	8	0.005
RFC-100	58	184	16	142	16	0.0125
NLSVM-0.1	32	194	6	168	0	0.025
NLSVM-1.0	166	71	129	34	1	0.02
NLSVM-10	0	200	0	200	0	0.0175
LDA	130	163	37	70	278	0.24
SDA-0.5	96	180	20	104	1561	0.175
SDA-1.0	96	176	24	104	1527	0.175
SDA-1.5	96	176	24	104	1559	0.1725
SDA-2.0	96	176	24	104	1565	0.17
SDA-2.5	96	176	24	104	1595	0.2325
SDA-3.0	96	176	24	104	1586	0.1725
\TheName{}-0.5	130	52	148	70	1538	0.1725
\TheName{}-1.0	132	182	18	68	1703	0.175
\TheName{}-1.5	109	182	18	91	1612	0.175
\TheName{}-2.0	102	182	18	98	1639	0.1725
\TheName{}-2.5	98	181	19	102	1675	0.17
\TheName{}-3.0	98	181	19	102	1657	0.1725
SVM	142	161	39	58	1	0.005
LR	0	200	0	200	0	0.005
Ye-LDA	105	186	14	95	110	0.005
DTree-10	100	158	42	100	3	0.0025
DTree-20	100	158	42	100	2	0.005
RFC-50	73	172	28	127	10	0.0075
RFC-100	62	184	16	138	24	0.0125
NLSVM-0.1	200	1	199	0	1	0.0225
NLSVM-1.0	0	200	0	200	1	0.02
NLSVM-10	0	200	0	200	0	0.0175
LDA	186	131	69	14	302	0.2125
SDA-0.5	155	169	31	45	1405	0.17
SDA-1.0	152	169	31	48	1561	0.17
SDA-1.5	152	169	31	48	1594	0.175
SDA-2.0	152	169	31	48	1564	0.1725
SDA-2.5	152	169	31	48	1541	0.17
SDA-3.0	152	169	31	48	1582	0.2275
\TheName{}-0.5	151	72	128	49	1665	0.1775
\TheName{}-1.0	187	133	67	13	1539	0.18
\TheName{}-1.5	179	158	42	21	1652	0.1725
\TheName{}-2.0	174	159	41	26	1603	0.1725
\TheName{}-2.5	170	165	35	30	1640	0.1725
\TheName{}-3.0	169	165	35	31	1502	0.175
SVM	185	132	68	15	1	0.0075
LR	0	200	0	200	0	0.005
Ye-LDA	139	176	24	61	101	0.005
DTree-10	117	149	51	83	2	0.0025
DTree-20	128	148	52	72	3	0.005
RFC-50	65	187	13	135	7	0.0075
RFC-100	51	192	8	149	15	0.01
NLSVM-0.1	200	13	187	0	1	0.0225
NLSVM-1.0	61	158	42	139	1	0.0175
NLSVM-10	9	200	0	191	0	0.0175
LDA	154	124	76	46	349	0.2025
SDA-0.5	190	112	88	10	1620	0.17
SDA-1.0	190	109	91	10	1640	0.1775
SDA-1.5	190	103	97	10	1553	0.17
SDA-2.0	190	104	96	10	1639	0.19
SDA-2.5	190	104	96	10	1568	0.1725
SDA-3.0	190	104	96	10	1605	0.1725
\TheName{}-0.5	154	118	82	46	1643	0.1725
\TheName{}-1.0	185	117	83	15	1598	0.17
\TheName{}-1.5	187	113	87	13	1712	0.175
\TheName{}-2.0	186	109	91	14	1643	0.1725
\TheName{}-2.5	187	108	92	13	1741	0.175
\TheName{}-3.0	187	109	91	13	1707	0.175
SVM	156	141	59	44	1	0.0075
LR	0	200	0	200	0	0.005
Ye-LDA	180	110	90	20	100	0.005
DTree-10	76	176	24	124	2	0.005
DTree-20	90	154	46	110	3	0.005
RFC-50	59	195	5	141	8	0.0075
RFC-100	51	198	2	149	15	0.01
NLSVM-0.1	200	2	198	0	1	0.025
NLSVM-1.0	71	141	59	129	1	0.0625
NLSVM-10	184	107	93	16	1	0.0175
