LDA	156	148	52	44	334	0.2825
SDA-0.5	159	161	39	41	1628	0.1725
SDA-1.0	158	161	39	42	1670	0.17
SDA-1.5	157	160	40	43	1740	0.1875
SDA-2.0	157	160	40	43	1706	0.195
SDA-2.5	157	159	41	43	1705	0.1725
SDA-3.0	157	159	41	43	1813	0.1975
\TheName{}-0.5	160	142	58	40	1732	0.18
\TheName{}-1.0	170	162	38	30	1766	0.18
\TheName{}-1.5	165	161	39	35	1911	0.1725
\TheName{}-2.0	164	161	39	36	1863	0.175
\TheName{}-2.5	163	160	40	37	1818	0.1725
\TheName{}-3.0	162	160	40	38	1794	0.1725
SVM	164	153	47	36	2	0.005
LR	0	200	0	200	1	0.005
Ye-LDA	136	162	38	64	130	0.005
DTree-10	92	174	26	108	3	0.0025
DTree-20	112	151	49	88	4	0.0025
RFC-50	65	180	20	135	9	0.0125
RFC-100	79	181	19	121	13	0.01
NLSVM-0.1	200	13	187	0	2	0.04
NLSVM-1.0	186	52	148	14	1	0.0325
NLSVM-10	124	184	16	76	2	0.025
LDA	121	127	73	79	322	0.2725
SDA-0.5	147	181	19	53	1628	0.1725
SDA-1.0	144	181	19	56	1601	0.175
SDA-1.5	144	181	19	56	1612	0.1725
SDA-2.0	141	181	19	59	1589	0.1775
SDA-2.5	141	181	19	59	1530	0.1875
SDA-3.0	141	181	19	59	1670	0.175
\TheName{}-0.5	144	98	102	56	1586	0.1725
\TheName{}-1.0	181	167	33	19	1617	0.1725
\TheName{}-1.5	168	174	26	32	1739	0.175
\TheName{}-2.0	163	179	21	37	1710	0.18
\TheName{}-2.5	157	179	21	43	1686	0.18
\TheName{}-3.0	157	180	20	43	1625	0.19
SVM	159	157	43	41	3	0.005
LR	0	200	0	200	1	0.0075
Ye-LDA	135	180	20	65	151	0.0025
DTree-10	107	169	31	93	3	0.0025
DTree-20	135	146	54	65	4	0.005
RFC-50	50	191	9	150	7	0.0025
RFC-100	52	193	7	148	12	0.015
NLSVM-0.1	199	21	179	1	2	0.04
NLSVM-1.0	190	54	146	10	1	0.0275
NLSVM-10	66	198	2	134	2	0.0275
LDA	150	142	58	50	363	0.2775
SDA-0.5	134	182	18	66	1662	0.175
SDA-1.0	134	182	18	66	1651	0.175
SDA-1.5	134	182	18	66	1584	0.18
SDA-2.0	134	180	20	66	1633	0.175
SDA-2.5	133	180	20	67	1630	0.1725
SDA-3.0	133	180	20	67	1660	0.1725
\TheName{}-0.5	160	107	93	40	1639	0.1725
\TheName{}-1.0	178	176	24	22	1689	0.1725
\TheName{}-1.5	156	183	17	44	1691	0.18
\TheName{}-2.0	147	183	17	53	1748	0.18
\TheName{}-2.5	146	181	19	54	1727	0.175
\TheName{}-3.0	141	182	18	59	1726	0.17
SVM	180	147	53	20	2	0.005
LR	0	200	0	200	1	0.005
Ye-LDA	113	176	24	87	136	0.005
DTree-10	98	163	37	102	2	0.005
DTree-20	126	148	52	74	4	0.0025
RFC-50	50	197	3	150	3	0.005
RFC-100	44	197	3	156	14	0.01
NLSVM-0.1	200	11	189	0	2	0.0375
NLSVM-1.0	198	45	155	2	2	0.0275
NLSVM-10	26	200	0	174	2	0.0275
LDA	97	171	29	103	454	0.2925
SDA-0.5	170	162	38	30	1583	0.1725
SDA-1.0	169	161	39	31	1780	0.175
SDA-1.5	169	161	39	31	1672	0.1725
SDA-2.0	169	162	38	31	1727	0.175
SDA-2.5	169	162	38	31	1781	0.175
SDA-3.0	169	162	38	31	1547	0.18
\TheName{}-0.5	171	170	30	29	1835	0.1875
\TheName{}-1.0	171	167	33	29	1695	0.175
\TheName{}-1.5	169	164	36	31	1849	0.1725
\TheName{}-2.0	170	164	36	30	1771	0.17
\TheName{}-2.5	170	164	36	30	1749	0.1725
\TheName{}-3.0	170	163	37	30	1715	0.1725
SVM	149	176	24	51	2	0.005
LR	0	200	0	200	0	0.005
Ye-LDA	139	171	29	61	136	0.0175
DTree-10	112	162	38	88	8	0.015
DTree-20	135	155	45	65	4	0.015
RFC-50	56	182	18	144	5	0.025
RFC-100	58	185	15	142	13	0.0075
NLSVM-0.1	198	19	181	2	2	0.04
NLSVM-1.0	172	77	123	28	1	0.03
NLSVM-10	200	0	200	0	1	0.03
LDA	174	127	73	26	487	0.2075
SDA-0.5	126	174	26	74	1592	0.18
SDA-1.0	125	175	25	75	1586	0.175
SDA-1.5	125	175	25	75	1614	0.1725
SDA-2.0	125	175	25	75	1614	0.18
SDA-2.5	125	175	25	75	1621	0.1725
SDA-3.0	126	175	25	74	1585	0.175
\TheName{}-0.5	133	63	137	67	1615	0.175
\TheName{}-1.0	183	128	72	17	1696	0.175
\TheName{}-1.5	159	165	35	41	1736	0.1775
\TheName{}-2.0	141	171	29	59	1787	0.17
\TheName{}-2.5	132	171	29	68	1621	0.1725
\TheName{}-3.0	131	172	28	69	1808	0.1725
SVM	184	138	62	16	2	0.005
LR	0	200	0	200	0	0.005
Ye-LDA	115	148	52	85	142	0.01
DTree-10	107	162	38	93	2	0.0075
DTree-20	120	156	44	80	3	0.0075
RFC-50	70	178	22	130	7	0.005
RFC-100	68	175	25	132	15	0.01
NLSVM-0.1	2	200	0	198	2	0.035
NLSVM-1.0	199	55	145	1	2	0.0275
NLSVM-10	8	199	1	192	1	0.0275
LDA	152	138	62	48	354	0.295
SDA-0.5	126	167	33	74	1619	0.17
SDA-1.0	125	167	33	75	1610	0.1775
SDA-1.5	125	166	34	75	1685	0.1725
SDA-2.0	125	166	34	75	1617	0.175
SDA-2.5	125	166	34	75	1642	0.17
SDA-3.0	124	166	34	76	1670	0.175
\TheName{}-0.5	154	125	75	46	1674	0.175
\TheName{}-1.0	154	172	28	46	1675	0.1775
\TheName{}-1.5	139	169	31	61	1766	0.1725
\TheName{}-2.0	138	169	31	62	1656	0.1775
\TheName{}-2.5	136	169	31	64	1739	0.175
\TheName{}-3.0	133	169	31	67	1707	0.1825
SVM	157	161	39	43	2	0.005
LR	0	200	0	200	3	0.0125
Ye-LDA	142	169	31	58	120	0.0025
DTree-10	107	161	39	93	2	0.005
DTree-20	135	149	51	65	3	0.005
RFC-50	34	192	8	166	6	0.005
RFC-100	30	195	5	170	12	0.0125
NLSVM-0.1	1	200	0	199	2	0.0375
NLSVM-1.0	182	66	134	18	6	0.03
NLSVM-10	199	41	159	1	1	0.0275
LDA	119	159	41	81	291	0.2625
SDA-0.5	132	170	30	68	1624	0.1725
SDA-1.0	132	169	31	68	1570	0.1775
SDA-1.5	132	169	31	68	1621	0.175
SDA-2.0	132	168	32	68	1742	0.185
SDA-2.5	132	168	32	68	1604	0.175
SDA-3.0	132	168	32	68	1589	0.1725
\TheName{}-0.5	130	104	96	70	1738	0.1775
\TheName{}-1.0	156	170	30	44	1653	0.175
\TheName{}-1.5	142	170	30	58	1694	0.17
\TheName{}-2.0	135	170	30	65	1664	0.1825
\TheName{}-2.5	130	170	30	70	1636	0.19
\TheName{}-3.0	129	170	30	71	1674	0.1775
SVM	148	163	37	52	3	0.005
LR	0	200	0	200	0	0.0075
Ye-LDA	118	165	35	82	130	0.0025
DTree-10	79	177	23	121	2	0.005
DTree-20	117	162	38	83	4	0.005
RFC-50	44	184	16	156	7	0.005
RFC-100	65	176	24	135	13	0.01
NLSVM-0.1	60	167	33	140	2	0.0375
NLSVM-1.0	181	62	138	19	2	0.0275
NLSVM-10	1	200	0	199	1	0.0275
LDA	143	161	39	57	321	0.4575
SDA-0.5	132	178	22	68	1595	0.175
SDA-1.0	128	178	22	72	1685	0.1775
SDA-1.5	127	178	22	73	1673	0.17
SDA-2.0	127	178	22	73	1626	0.17
SDA-2.5	126	178	22	74	1773	0.1725
SDA-3.0	126	178	22	74	1629	0.1725
\TheName{}-0.5	185	170	30	15	1767	0.17
\TheName{}-1.0	141	180	20	59	1738	0.1725
\TheName{}-1.5	133	178	22	67	1800	0.1775
\TheName{}-2.0	133	177	23	67	1875	0.19
\TheName{}-2.5	132	178	22	68	1826	0.1775
\TheName{}-3.0	132	178	22	68	1872	0.1775
SVM	179	171	29	21	2	0.005
LR	0	200	0	200	0	0.005
Ye-LDA	131	180	20	69	128	0.0075
DTree-10	100	158	42	100	23	0.005
DTree-20	114	147	53	86	4	0.005
RFC-50	70	182	18	130	6	0.005
RFC-100	64	181	19	136	14	0.0225
NLSVM-0.1	200	8	192	0	1	0.045
NLSVM-1.0	179	72	128	21	2	0.06
NLSVM-10	200	19	181	0	1	0.0375
LDA	141	157	43	59	329	0.31
SDA-0.5	106	177	23	94	1650	0.1825
SDA-1.0	105	177	23	95	1640	0.1775
SDA-1.5	105	177	23	95	1631	0.1725
SDA-2.0	104	177	23	96	1738	0.1725
SDA-2.5	104	177	23	96	1670	0.1725
SDA-3.0	104	177	23	96	1696	0.1875
\TheName{}-0.5	163	147	53	37	1736	0.17
\TheName{}-1.0	124	178	22	76	1629	0.175
\TheName{}-1.5	111	177	23	89	1687	0.1725
\TheName{}-2.0	108	177	23	92	1664	0.1725
\TheName{}-2.5	106	177	23	94	1702	0.17
\TheName{}-3.0	106	177	23	94	1692	0.1825
SVM	148	161	39	52	2	0.005
LR	0	200	0	200	1	0.0025
Ye-LDA	113	174	26	87	127	0.005
DTree-10	68	175	25	132	23	0.005
DTree-20	98	164	36	102	4	0.0125
RFC-50	101	163	37	99	2	0.005
RFC-100	108	159	41	92	15	0.0075
NLSVM-0.1	1	200	0	199	2	0.035
NLSVM-1.0	144	99	101	56	2	0.0275
NLSVM-10	200	8	192	0	1	0.0275
LDA	156	165	35	44	310	0.235
SDA-0.5	155	166	34	45	1656	0.1825
SDA-1.0	154	165	35	46	1673	0.1725
SDA-1.5	151	165	35	49	1657	0.17
SDA-2.0	151	165	35	49	1671	0.1775
SDA-2.5	151	165	35	49	1636	0.1725
SDA-3.0	151	165	35	49	1656	0.175
\TheName{}-0.5	165	173	27	35	1803	0.1725
\TheName{}-1.0	159	166	34	41	1806	0.1725
\TheName{}-1.5	158	166	34	42	1834	0.2075
\TheName{}-2.0	156	166	34	44	1789	0.1725
\TheName{}-2.5	155	167	33	45	1657	0.1725
\TheName{}-3.0	155	167	33	45	1774	0.17
SVM	164	166	34	36	3	0.005
LR	0	200	0	200	0	0.0075
Ye-LDA	141	175	25	59	132	0.005
DTree-10	127	156	44	73	2	0.005
DTree-20	147	141	59	53	4	0.005
RFC-50	72	185	15	128	6	0.005
RFC-100	85	176	24	115	13	0.01
NLSVM-0.1	2	200	0	198	1	0.04
NLSVM-1.0	6	200	0	194	3	0.03
NLSVM-10	7	200	0	193	1	0.0275
LDA	139	164	36	61	340	0.3175
SDA-0.5	146	168	32	54	1718	0.18
SDA-1.0	144	168	32	56	1723	0.1725
SDA-1.5	142	168	32	58	1638	0.175
SDA-2.0	142	168	32	58	1732	0.2
SDA-2.5	142	168	32	58	1548	0.1775
SDA-3.0	139	168	32	61	1570	0.17
\TheName{}-0.5	177	134	66	23	1679	0.1725
\TheName{}-1.0	166	173	27	34	1702	0.1725
\TheName{}-1.5	159	172	28	41	1659	0.17
\TheName{}-2.0	155	170	30	45	1668	0.22
\TheName{}-2.5	155	168	32	45	1658	0.1725
\TheName{}-3.0	153	168	32	47	1705	0.2
SVM	157	171	29	43	3	0.015
LR	0	200	0	200	1	0.0175
Ye-LDA	117	163	37	83	123	0.025
DTree-10	87	179	21	113	2	0.0175
DTree-20	137	152	48	63	4	0.0075
RFC-50	75	174	26	125	6	0.005
RFC-100	52	182	18	148	12	0.005
NLSVM-0.1	197	6	194	3	2	0.035
NLSVM-1.0	182	63	137	18	2	0.0275
NLSVM-10	200	0	200	0	1	0.025
LDA	125	149	51	75	305	0.2775
SDA-0.5	116	179	21	84	1745	0.175
SDA-1.0	114	178	22	86	1644	0.175
SDA-1.5	114	178	22	86	1577	0.1775
SDA-2.0	114	178	22	86	1751	0.175
SDA-2.5	113	178	22	87	1612	0.1725
SDA-3.0	113	178	22	87	1781	0.215
\TheName{}-0.5	169	129	71	31	1716	0.1725
\TheName{}-1.0	140	180	20	60	1846	0.175
\TheName{}-1.5	127	180	20	73	1824	0.17
\TheName{}-2.0	120	180	20	80	1783	0.215
\TheName{}-2.5	117	180	20	83	1771	0.175
\TheName{}-3.0	116	180	20	84	1655	0.1725
SVM	131	168	32	69	2	0.005
LR	200	0	200	0	1	0.0025
Ye-LDA	139	168	32	61	127	0.0025
DTree-10	78	184	16	122	3	0.0025
DTree-20	112	179	21	88	5	0.0025
RFC-50	103	166	34	97	8	0.0075
RFC-100	123	157	43	77	19	0.015
NLSVM-0.1	1	200	0	199	2	0.0375
NLSVM-1.0	181	48	152	19	8	0.0325
NLSVM-10	200	33	167	0	3	0.0575
LDA	107	169	31	93	330	0.2425
SDA-0.5	132	182	18	68	1687	0.1725
SDA-1.0	131	181	19	69	1593	0.1725
SDA-1.5	132	181	19	68	1576	0.175
SDA-2.0	132	181	19	68	1680	0.1725
SDA-2.5	132	180	20	68	1574	0.175
SDA-3.0	132	180	20	68	1636	0.1725
\TheName{}-0.5	169	171	29	31	1745	0.175
\TheName{}-1.0	145	181	19	55	1714	0.1725
\TheName{}-1.5	145	182	18	55	1641	0.1775
\TheName{}-2.0	138	182	18	62	1472	0.205
\TheName{}-2.5	135	181	19	65	1693	0.185
\TheName{}-3.0	134	181	19	66	1672	0.1775
SVM	126	181	19	74	4	0.005
LR	0	200	0	200	0	0.015
Ye-LDA	129	174	26	71	138	0.0125
DTree-10	80	171	29	120	13	0.0075
DTree-20	109	162	38	91	14	0.005
RFC-50	55	190	10	145	8	0.005
RFC-100	52	191	9	148	15	0.0075
NLSVM-0.1	200	22	178	0	2	0.0375
NLSVM-1.0	154	75	125	46	1	0.03
NLSVM-10	195	113	87	5	1	0.03
LDA	163	146	54	37	300	0.2525
SDA-0.5	151	171	29	49	1699	0.1725
SDA-1.0	147	171	29	53	1643	0.185
SDA-1.5	147	171	29	53	1669	0.1725
SDA-2.0	146	171	29	54	1590	0.175
SDA-2.5	146	171	29	54	1637	0.1725
SDA-3.0	146	171	29	54	1737	0.17
\TheName{}-0.5	174	159	41	26	1756	0.1725
\TheName{}-1.0	166	177	23	34	1795	0.1825
\TheName{}-1.5	162	176	24	38	1711	0.175
\TheName{}-2.0	158	175	25	42	1771	0.1725
\TheName{}-2.5	155	175	25	45	1753	0.17
\TheName{}-3.0	152	174	26	48	1744	0.1775
SVM	178	160	40	22	2	0.0325
LR	0	200	0	200	1	0.005
Ye-LDA	159	174	26	41	129	0.005
DTree-10	103	173	27	97	2	0.005
DTree-20	149	157	43	51	4	0.005
RFC-50	72	184	16	128	3	0.005
RFC-100	72	183	17	128	6	0.0075
NLSVM-0.1	112	164	36	88	1	0.0425
NLSVM-1.0	199	45	155	1	1	0.0325
NLSVM-10	102	189	11	98	1	0.025
LDA	125	133	67	75	329	0.245
SDA-0.5	139	163	37	61	1759	0.175
SDA-1.0	138	162	38	62	1599	0.17
SDA-1.5	138	162	38	62	1779	0.2675
SDA-2.0	138	162	38	62	1685	0.175
SDA-2.5	138	162	38	62	1677	0.17
SDA-3.0	138	162	38	62	1650	0.175
\TheName{}-0.5	153	105	95	47	1733	0.175
\TheName{}-1.0	172	157	43	28	1805	0.17
\TheName{}-1.5	150	161	39	50	1738	0.1725
\TheName{}-2.0	146	161	39	54	1708	0.18
\TheName{}-2.5	144	164	36	56	1784	0.175
\TheName{}-3.0	144	164	36	56	1664	0.175
SVM	160	152	48	40	2	0.0075
LR	0	200	0	200	0	0.005
Ye-LDA	126	153	47	74	126	0.005
DTree-10	102	159	41	98	3	0.005
DTree-20	121	153	47	79	4	0.005
RFC-50	40	189	11	160	6	0.005
RFC-100	39	192	8	161	12	0.0075
NLSVM-0.1	0	200	0	200	1	0.04
NLSVM-1.0	179	70	130	21	1	0.035
NLSVM-10	13	198	2	187	1	0.0275
LDA	118	158	42	82	352	0.31
SDA-0.5	136	171	29	64	1742	0.1725
SDA-1.0	135	170	30	65	1548	0.175
SDA-1.5	135	170	30	65	1655	0.18
SDA-2.0	135	170	30	65	1619	0.175
SDA-2.5	133	169	31	67	1675	0.21
SDA-3.0	133	169	31	67	1709	0.175
\TheName{}-0.5	156	179	21	44	1814	0.1725
\TheName{}-1.0	144	176	24	56	1740	0.175
\TheName{}-1.5	143	171	29	57	1760	0.1725
\TheName{}-2.0	139	171	29	61	1811	0.1825
\TheName{}-2.5	138	171	29	62	1757	0.175
\TheName{}-3.0	138	171	29	62	1734	0.18
SVM	123	179	21	77	3	0.005
LR	0	200	0	200	0	0.005
Ye-LDA	142	165	35	58	135	0.0075
DTree-10	80	163	37	120	23	0.005
DTree-20	107	156	44	93	4	0.005
RFC-50	185	89	111	15	9	0.005
RFC-100	178	98	102	22	7	0.01
NLSVM-0.1	200	9	191	0	1	0.0375
NLSVM-1.0	5	198	2	195	1	0.03
NLSVM-10	3	200	0	197	1	0.0275
LDA	134	162	38	66	319	0.25
SDA-0.5	147	174	26	53	1696	0.1725
SDA-1.0	147	175	25	53	1635	0.1725
SDA-1.5	144	174	26	56	1590	0.17
SDA-2.0	141	173	27	59	1710	0.1775
SDA-2.5	140	173	27	60	1650	0.17
SDA-3.0	140	173	27	60	1650	0.17
\TheName{}-0.5	180	135	65	20	1792	0.18
\TheName{}-1.0	159	171	29	41	1841	0.175
\TheName{}-1.5	158	172	28	42	1710	0.1725
\TheName{}-2.0	156	172	28	44	1719	0.1725
\TheName{}-2.5	154	171	29	46	1749	0.1725
\TheName{}-3.0	151	170	30	49	1723	0.195
SVM	150	163	37	50	2	0.005
LR	200	0	200	0	1	0.0025
Ye-LDA	175	151	49	25	137	0.0025
DTree-10	84	170	30	116	24	0.005
DTree-20	105	166	34	95	5	0.0025
RFC-50	21	196	4	179	6	0.005
RFC-100	23	196	4	177	13	0.005
NLSVM-0.1	200	9	191	0	2	0.0375
NLSVM-1.0	176	62	138	24	1	0.0275
NLSVM-10	0	200	0	200	2	0.025
LDA	101	134	66	99	339	0.29
SDA-0.5	150	167	33	50	1745	0.175
SDA-1.0	150	167	33	50	1613	0.1775
SDA-1.5	150	167	33	50	1568	0.1725
SDA-2.0	150	167	33	50	1642	0.21
SDA-2.5	150	167	33	50	1720	0.1725
SDA-3.0	150	167	33	50	1475	0.1725
\TheName{}-0.5	177	167	33	23	1686	0.1725
\TheName{}-1.0	161	169	31	39	1724	0.1725
\TheName{}-1.5	154	168	32	46	1652	0.17
\TheName{}-2.0	153	167	33	47	1659	0.17
\TheName{}-2.5	150	167	33	50	1715	0.1725
\TheName{}-3.0	150	168	32	50	1627	0.175
SVM	162	164	36	38	2	0.005
LR	200	0	200	0	1	0.0025
Ye-LDA	173	161	39	27	120	0.0025
DTree-10	69	156	44	131	2	0.005
DTree-20	106	148	52	94	4	0.005
RFC-50	189	83	117	11	6	0.005
RFC-100	183	72	128	17	16	0.0075
NLSVM-0.1	200	16	184	0	2	0.0375
NLSVM-1.0	103	166	34	97	2	0.0325
NLSVM-10	0	200	0	200	1	0.035
LDA	167	141	59	33	450	0.2825
SDA-0.5	154	176	24	46	1614	0.18
SDA-1.0	151	175	25	49	1663	0.18
SDA-1.5	148	175	25	52	1697	0.185
SDA-2.0	148	175	25	52	1570	0.175
SDA-2.5	148	174	26	52	1645	0.1825
SDA-3.0	148	174	26	52	1731	0.1825
\TheName{}-0.5	181	157	43	19	1608	0.1775
\TheName{}-1.0	162	174	26	38	1708	0.175
\TheName{}-1.5	156	173	27	44	1861	0.18
\TheName{}-2.0	155	173	27	45	1759	0.17
\TheName{}-2.5	155	174	26	45	1656	0.18
\TheName{}-3.0	155	173	27	45	1694	0.1725
SVM	173	149	51	27	1	0.005
LR	0	200	0	200	1	0.005
Ye-LDA	127	170	30	73	132	0.005
DTree-10	76	159	41	124	2	0.005
DTree-20	107	139	61	93	10	0.005
RFC-50	57	182	18	143	12	0.0125
RFC-100	54	192	8	146	16	0.0175
NLSVM-0.1	1	200	0	199	1	0.04
NLSVM-1.0	21	194	6	179	1	0.0425
NLSVM-10	200	15	185	0	1	0.045
LDA	131	141	59	69	436	0.4575
SDA-0.5	125	171	29	75	1592	0.175
SDA-1.0	122	170	30	78	1675	0.18
SDA-1.5	122	170	30	78	1526	0.175
SDA-2.0	122	170	30	78	1645	0.175
SDA-2.5	122	170	30	78	1639	0.1725
SDA-3.0	122	170	30	78	1687	0.18
\TheName{}-0.5	169	132	68	31	1732	0.1775
\TheName{}-1.0	147	164	36	53	1813	0.18
\TheName{}-1.5	132	167	33	68	1657	0.1725
\TheName{}-2.0	128	168	32	72	1751	0.175
\TheName{}-2.5	125	168	32	75	1683	0.18
\TheName{}-3.0	125	168	32	75	1723	0.18
SVM	152	153	47	48	2	0.005
LR	200	0	200	0	1	0.005
Ye-LDA	182	159	41	18	138	0.0025
DTree-10	97	169	31	103	2	0.005
DTree-20	126	157	43	74	4	0.015
RFC-50	65	171	29	135	8	0.005
RFC-100	69	177	23	131	15	0.01
NLSVM-0.1	102	156	44	98	2	0.0625
NLSVM-1.0	10	199	1	190	1	0.0275
NLSVM-10	30	198	2	170	2	0.0275
LDA	114	150	50	86	322	0.2975
SDA-0.5	121	168	32	79	1756	0.17
SDA-1.0	118	168	32	82	1636	0.17
SDA-1.5	119	168	32	81	1765	0.1775
SDA-2.0	119	168	32	81	1621	0.175
SDA-2.5	119	168	32	81	1649	0.175
SDA-3.0	119	168	32	81	1725	0.1725
\TheName{}-0.5	172	151	49	28	1714	0.185
\TheName{}-1.0	134	171	29	66	1785	0.175
\TheName{}-1.5	127	172	28	73	1797	0.17
\TheName{}-2.0	126	171	29	74	1816	0.18
\TheName{}-2.5	123	170	30	77	1727	0.175
\TheName{}-3.0	123	169	31	77	1734	0.1725
SVM	143	154	46	57	3	0.0025
LR	0	200	0	200	1	0.0025
Ye-LDA	127	170	30	73	125	0.0025
DTree-10	78	173	27	122	3	0.0025
DTree-20	108	151	49	92	4	0.005
RFC-50	44	185	15	156	7	0.005
RFC-100	37	186	14	163	14	0.01
NLSVM-0.1	46	184	16	154	1	0.0375
NLSVM-1.0	152	111	89	48	1	0.03
NLSVM-10	0	200	0	200	1	0.025
LDA	102	139	61	98	359	0.28
SDA-0.5	90	177	23	110	1620	0.175
SDA-1.0	89	177	23	111	1674	0.175
SDA-1.5	89	177	23	111	1577	0.1725
SDA-2.0	89	177	23	111	1572	0.175
SDA-2.5	89	177	23	111	1673	0.1825
SDA-3.0	89	177	23	111	1598	0.1725
\TheName{}-0.5	130	29	171	70	1779	0.1875
\TheName{}-1.0	152	67	133	48	1775	0.215
\TheName{}-1.5	154	173	27	46	1737	0.1775
\TheName{}-2.0	115	178	22	85	1773	0.175
\TheName{}-2.5	100	178	22	100	1711	0.1775
\TheName{}-3.0	96	177	23	104	1813	0.175
SVM	148	169	31	52	2	0.005
LR	0	200	0	200	0	0.005
Ye-LDA	96	175	25	104	126	0.005
DTree-10	88	173	27	112	2	0.005
DTree-20	116	154	46	84	4	0.005
RFC-50	61	189	11	139	7	0.005
RFC-100	67	185	15	133	14	0.01
NLSVM-0.1	2	197	3	198	2	0.04
NLSVM-1.0	190	51	149	10	1	0.0275
NLSVM-10	13	199	1	187	1	0.025
LDA	147	125	75	53	365	0.3525
SDA-0.5	155	160	40	45	1664	0.1775
SDA-1.0	152	159	41	48	1751	0.1825
SDA-1.5	151	160	40	49	1852	0.1725
SDA-2.0	151	160	40	49	1580	0.1775
SDA-2.5	151	160	40	49	1807	0.18
SDA-3.0	151	160	40	49	1512	0.1725
\TheName{}-0.5	138	78	122	62	1725	0.17
\TheName{}-1.0	192	124	76	8	1717	0.1775
\TheName{}-1.5	184	151	49	16	1738	0.185
\TheName{}-2.0	171	157	43	29	1756	0.175
\TheName{}-2.5	166	159	41	34	1790	0.1725
\TheName{}-3.0	165	158	42	35	1735	0.1675
SVM	175	130	70	25	3	0.005
LR	0	200	0	200	1	0.0025
Ye-LDA	134	149	51	66	129	0.005
DTree-10	105	162	38	95	3	0.005
DTree-20	136	144	56	64	4	0.005
RFC-50	45	188	12	155	7	0.005
RFC-100	40	187	13	160	14	0.0075
NLSVM-0.1	200	10	190	0	1	0.09
NLSVM-1.0	198	47	153	2	1	0.0325
NLSVM-10	30	200	0	170	1	0.0275
LDA	169	111	89	31	321	0.505
SDA-0.5	155	181	19	45	1677	0.19
SDA-1.0	155	182	18	45	1666	0.1775
SDA-1.5	154	182	18	46	1494	0.1825
SDA-2.0	154	182	18	46	1640	0.1725
SDA-2.5	154	182	18	46	1602	0.18
SDA-3.0	154	182	18	46	1622	0.1925
\TheName{}-0.5	156	180	20	44	1689	0.1675
\TheName{}-1.0	154	180	20	46	1765	0.1725
\TheName{}-1.5	153	181	19	47	1654	0.1725
\TheName{}-2.0	153	181	19	47	1829	0.2
\TheName{}-2.5	153	181	19	47	1690	0.18
\TheName{}-3.0	153	181	19	47	1528	0.175
SVM	159	154	46	41	2	0.0075
LR	0	200	0	200	0	0.005
Ye-LDA	130	178	22	70	126	0.005
DTree-10	40	184	16	160	2	0.005
DTree-20	109	156	44	91	4	0.0025
RFC-50	50	190	10	150	6	0.005
RFC-100	25	196	4	175	11	0.0075
NLSVM-0.1	200	21	179	0	2	0.0575
NLSVM-1.0	199	44	156	1	1	0.05
NLSVM-10	108	193	7	92	2	0.0275
LDA	161	125	75	39	388	0.2125
SDA-0.5	192	115	85	8	1718	0.175
SDA-1.0	192	115	85	8	1580	0.1825
SDA-1.5	192	115	85	8	1679	0.175
SDA-2.0	192	115	85	8	1717	0.1725
SDA-2.5	192	115	85	8	1727	0.1725
SDA-3.0	192	115	85	8	1679	0.175
\TheName{}-0.5	181	132	68	19	1775	0.175
\TheName{}-1.0	191	115	85	9	1759	0.1775
\TheName{}-1.5	191	115	85	9	1786	0.1725
\TheName{}-2.0	191	114	86	9	1763	0.1875
\TheName{}-2.5	191	114	86	9	1673	0.1725
\TheName{}-3.0	191	114	86	9	1805	0.18
SVM	173	133	67	27	3	0.0125
LR	200	0	200	0	0	0.01
Ye-LDA	191	88	112	9	165	0.07
DTree-10	82	189	11	118	14	0.0175
DTree-20	109	163	37	91	4	0.0075
RFC-50	81	189	11	119	9	0.005
RFC-100	89	188	12	111	13	0.02
NLSVM-0.1	141	124	76	59	2	0.035
NLSVM-1.0	199	47	153	1	2	0.0275
NLSVM-10	200	4	196	0	1	0.025
LDA	155	157	43	45	291	0.2475
SDA-0.5	147	163	37	53	1625	0.185
SDA-1.0	147	164	36	53	1631	0.1775
SDA-1.5	147	164	36	53	1498	0.17
SDA-2.0	147	163	37	53	1688	0.1825
SDA-2.5	147	163	37	53	1720	0.1775
SDA-3.0	147	163	37	53	1603	0.17
\TheName{}-0.5	174	127	73	26	1693	0.1775
\TheName{}-1.0	183	162	38	17	1801	0.175
\TheName{}-1.5	165	162	38	35	1809	0.21
\TheName{}-2.0	160	161	39	40	1654	0.1725
\TheName{}-2.5	157	161	39	43	1672	0.1725
\TheName{}-3.0	153	161	39	47	1673	0.175
SVM	169	173	27	31	2	0.005
LR	0	200	0	200	1	0.005
Ye-LDA	180	161	39	20	126	0.005
DTree-10	97	160	40	103	2	0.005
DTree-20	112	154	46	88	3	0.005
RFC-50	86	170	30	114	7	0.005
RFC-100	69	177	23	131	7	0.0075
NLSVM-0.1	200	16	184	0	2	0.0375
NLSVM-1.0	179	73	127	21	1	0.0275
NLSVM-10	200	43	157	0	1	0.0275
LDA	180	125	75	20	370	0.37
SDA-0.5	161	170	30	39	1557	0.1725
SDA-1.0	162	171	29	38	1697	0.18
SDA-1.5	162	172	28	38	1712	0.1725
SDA-2.0	162	172	28	38	1618	0.1725
SDA-2.5	162	172	28	38	1703	0.175
SDA-3.0	162	172	28	38	1607	0.1725
\TheName{}-0.5	185	136	64	15	1746	0.17
\TheName{}-1.0	183	168	32	17	1765	0.185
\TheName{}-1.5	179	171	29	21	1757	0.1725
\TheName{}-2.0	173	170	30	27	1875	0.2525
\TheName{}-2.5	169	170	30	31	1719	0.19
\TheName{}-3.0	166	171	29	34	1932	0.1925
SVM	182	129	71	18	2	0.005
LR	0	200	0	200	0	0.005
Ye-LDA	130	177	23	70	140	0.0025
DTree-10	68	183	17	132	23	0.0025
DTree-20	117	170	30	83	25	0.005
RFC-50	64	186	14	136	7	0.005
RFC-100	48	195	5	152	13	0.0075
NLSVM-0.1	200	11	189	0	2	0.035
NLSVM-1.0	199	34	166	1	2	0.0275
NLSVM-10	49	199	1	151	1	0.0275
LDA	157	132	68	43	352	0.2925
SDA-0.5	116	171	29	84	1602	0.175
SDA-1.0	116	171	29	84	1588	0.17
SDA-1.5	116	171	29	84	1623	0.18
SDA-2.0	115	171	29	85	1654	0.17
SDA-2.5	115	171	29	85	1523	0.175
SDA-3.0	115	171	29	85	1486	0.1725
\TheName{}-0.5	159	90	110	41	1637	0.19
\TheName{}-1.0	164	153	47	36	1558	0.17
\TheName{}-1.5	139	167	33	61	1720	0.175
\TheName{}-2.0	129	169	31	71	1757	0.1975
\TheName{}-2.5	120	169	31	80	1839	0.1975
\TheName{}-3.0	121	170	30	79	1643	0.18
SVM	158	138	62	42	2	0.0075
LR	0	200	0	200	0	0.005
Ye-LDA	125	165	35	75	125	0.005
DTree-10	110	159	41	90	15	0.0025
DTree-20	126	138	62	74	4	0.005
RFC-50	64	173	27	136	7	0.005
RFC-100	64	175	25	136	6	0.01
NLSVM-0.1	200	16	184	0	1	0.0425
NLSVM-1.0	158	109	91	42	1	0.03
NLSVM-10	114	173	27	86	2	0.0225
LDA	134	141	59	66	330	0.2925
SDA-0.5	126	176	24	74	1576	0.175
SDA-1.0	124	173	27	76	1556	0.1725
SDA-1.5	123	173	27	77	1684	0.175
SDA-2.0	123	173	27	77	1584	0.1725
SDA-2.5	123	173	27	77	1611	0.18
SDA-3.0	123	173	27	77	1566	0.175
\TheName{}-0.5	167	174	26	33	1694	0.175
\TheName{}-1.0	137	183	17	63	1745	0.17
\TheName{}-1.5	132	177	23	68	1778	0.1775
\TheName{}-2.0	131	177	23	69	1802	0.1825
\TheName{}-2.5	127	176	24	73	1782	0.1775
\TheName{}-3.0	126	176	24	74	1776	0.1775
SVM	161	157	43	39	2	0.0075
LR	0	200	0	200	0	0.005
Ye-LDA	132	170	30	68	128	0.005
DTree-10	74	183	17	126	13	0.005
DTree-20	120	166	34	80	5	0.005
RFC-50	55	179	21	145	7	0.005
RFC-100	69	175	25	131	13	0.01
NLSVM-0.1	4	199	1	196	2	0.035
NLSVM-1.0	197	36	164	3	2	0.0275
NLSVM-10	17	199	1	183	1	0.0275
LDA	140	134	66	60	339	0.2075
SDA-0.5	149	169	31	51	1711	0.17
SDA-1.0	148	168	32	52	1657	0.17
SDA-1.5	149	169	31	51	1734	0.175
SDA-2.0	149	169	31	51	1670	0.175
SDA-2.5	149	169	31	51	1699	0.1675
SDA-3.0	149	169	31	51	1668	0.175
\TheName{}-0.5	171	128	72	29	1723	0.17
\TheName{}-1.0	165	158	42	35	1718	0.17
\TheName{}-1.5	157	165	35	43	1907	0.1775
\TheName{}-2.0	155	167	33	45	1739	0.185
\TheName{}-2.5	153	169	31	47	1780	0.1725
\TheName{}-3.0	153	170	30	47	1668	0.1725
SVM	156	143	57	44	3	0.0075
LR	0	200	0	200	0	0.005
Ye-LDA	143	140	60	57	129	0.0025
DTree-10	103	152	48	97	3	0.0025
DTree-20	113	142	58	87	5	0.0025
RFC-50	102	175	25	98	8	0.005
RFC-100	102	174	26	98	14	0.01
NLSVM-0.1	1	200	0	199	2	0.035
NLSVM-1.0	185	53	147	15	2	0.0275
NLSVM-10	110	181	19	90	1	0.0275
LDA	165	152	48	35	418	0.2125
SDA-0.5	129	178	22	71	1713	0.18
SDA-1.0	127	178	22	73	1661	0.175
SDA-1.5	127	177	23	73	1714	0.175
SDA-2.0	126	177	23	74	1720	0.1775
SDA-2.5	126	177	23	74	1652	0.1775
SDA-3.0	125	177	23	75	1721	0.1775
\TheName{}-0.5	153	133	67	47	1727	0.175
\TheName{}-1.0	168	179	21	32	1803	0.1725
\TheName{}-1.5	148	177	23	52	1792	0.1725
\TheName{}-2.0	139	177	23	61	1800	0.1725
\TheName{}-2.5	137	175	25	63	1835	0.1725
\TheName{}-3.0	137	175	25	63	1769	0.175
SVM	169	161	39	31	3	0.005
LR	0	200	0	200	1	0.0025
Ye-LDA	109	184	16	91	139	0.0025
DTree-10	78	181	19	122	2	0.005
DTree-20	119	147	53	81	4	0.0025
RFC-50	51	190	10	149	7	0.005
RFC-100	60	188	12	140	13	0.01
NLSVM-0.1	200	16	184	0	1	0.0375
NLSVM-1.0	105	167	33	95	2	0.0275
NLSVM-10	105	181	19	95	1	0.03
LDA	116	153	47	84	300	0.345
SDA-0.5	110	177	23	90	1627	0.1725
SDA-1.0	108	176	24	92	1750	0.175
SDA-1.5	108	176	24	92	1565	0.1725
SDA-2.0	108	176	24	92	1662	0.185
SDA-2.5	108	176	24	92	1690	0.1775
SDA-3.0	108	176	24	92	1576	0.17
\TheName{}-0.5	116	106	94	84	1668	0.175
\TheName{}-1.0	129	180	20	71	1782	0.175
\TheName{}-1.5	119	180	20	81	1852	0.1775
\TheName{}-2.0	114	178	22	86	1634	0.1825
\TheName{}-2.5	110	178	22	90	1812	0.1725
\TheName{}-3.0	110	178	22	90	1662	0.1725
SVM	119	167	33	81	2	0.005
LR	200	0	200	0	1	0.0025
Ye-LDA	132	173	27	68	123	0.005
DTree-10	81	165	35	119	2	0.005
DTree-20	96	153	47	104	3	0.005
RFC-50	49	187	13	151	6	0.005
RFC-100	50	192	8	150	10	0.0075
NLSVM-0.1	199	12	188	1	2	0.0375
NLSVM-1.0	176	69	131	24	1	0.0275
NLSVM-10	200	9	191	0	1	0.0275
LDA	157	162	38	43	395	0.285
SDA-0.5	130	175	25	70	1686	0.1775
SDA-1.0	127	173	27	73	1654	0.1825
SDA-1.5	126	173	27	74	1582	0.1875
SDA-2.0	124	173	27	76	1591	0.1725
SDA-2.5	124	173	27	76	1507	0.1725
SDA-3.0	124	173	27	76	1643	0.1775
\TheName{}-0.5	172	181	19	28	1644	0.1725
\TheName{}-1.0	148	179	21	52	1708	0.175
\TheName{}-1.5	139	177	23	61	1601	0.175
\TheName{}-2.0	135	177	23	65	1678	0.1725
\TheName{}-2.5	131	177	23	69	1645	0.17
\TheName{}-3.0	131	177	23	69	1755	0.17
SVM	164	167	33	36	3	0.005
LR	0	200	0	200	0	0.005
Ye-LDA	126	172	28	74	129	0.005
DTree-10	100	171	29	100	2	0.005
DTree-20	128	158	42	72	4	0.0025
RFC-50	48	194	6	152	4	0.005
RFC-100	48	186	14	152	14	0.01
NLSVM-0.1	200	24	176	0	1	0.0375
NLSVM-1.0	173	77	123	27	1	0.0275
NLSVM-10	1	200	0	199	2	0.025
LDA	146	140	60	54	279	0.2975
SDA-0.5	103	180	20	97	1727	0.175
SDA-1.0	103	178	22	97	1581	0.1775
SDA-1.5	103	178	22	97	1632	0.1725
SDA-2.0	102	178	22	98	1633	0.1725
SDA-2.5	101	178	22	99	1521	0.1725
SDA-3.0	101	178	22	99	1617	0.1725
\TheName{}-0.5	142	79	121	58	1713	0.1725
\TheName{}-1.0	121	178	22	79	1743	0.1775
\TheName{}-1.5	109	180	20	91	1656	0.175
\TheName{}-2.0	108	180	20	92	1686	0.185
\TheName{}-2.5	106	179	21	94	1751	0.1725
\TheName{}-3.0	107	178	22	93	1750	0.185
SVM	154	163	37	46	2	0.015
LR	0	200	0	200	1	0.015
Ye-LDA	89	177	23	111	148	0.0125
DTree-10	64	188	12	136	3	0.0125
DTree-20	94	159	41	106	5	0.0
RFC-50	68	184	16	132	23	0.005
RFC-100	77	179	21	123	35	0.015
NLSVM-0.1	0	199	1	200	2	0.0425
NLSVM-1.0	179	62	138	21	2	0.0325
NLSVM-10	95	183	17	105	2	0.03
LDA	157	149	51	43	299	0.2175
SDA-0.5	187	144	56	13	1706	0.175
SDA-1.0	187	144	56	13	1598	0.1725
SDA-1.5	189	144	56	11	1632	0.17
SDA-2.0	189	143	57	11	1686	0.18
SDA-2.5	189	143	57	11	1573	0.19
SDA-3.0	189	143	57	11	1551	0.1775
\TheName{}-0.5	184	163	37	16	1710	0.1775
\TheName{}-1.0	185	152	48	15	1720	0.175
\TheName{}-1.5	188	147	53	12	1712	0.175
\TheName{}-2.0	188	145	55	12	1729	0.18
\TheName{}-2.5	188	144	56	12	1709	0.1875
\TheName{}-3.0	188	144	56	12	1598	0.175
SVM	156	151	49	44	3	0.005
LR	0	200	0	200	0	0.005
Ye-LDA	149	178	22	51	130	0.0025
DTree-10	81	162	38	119	2	0.005
DTree-20	99	154	46	101	7	0.005
RFC-50	57	187	13	143	2	0.0075
RFC-100	58	183	17	142	13	0.0075
NLSVM-0.1	200	9	191	0	2	0.035
NLSVM-1.0	12	196	4	188	2	0.0275
NLSVM-10	200	0	200	0	1	0.0275
LDA	133	148	52	67	303	0.2275
SDA-0.5	157	187	13	43	1714	0.175
SDA-1.0	156	186	14	44	1544	0.17
SDA-1.5	155	186	14	45	1553	0.1725
SDA-2.0	155	186	14	45	1689	0.1775
SDA-2.5	155	186	14	45	1594	0.1775
SDA-3.0	155	186	14	45	1614	0.175
\TheName{}-0.5	161	186	14	39	1741	0.175
\TheName{}-1.0	157	187	13	43	1663	0.1775
\TheName{}-1.5	157	187	13	43	1798	0.1775
\TheName{}-2.0	156	186	14	44	1762	0.175
\TheName{}-2.5	156	186	14	44	1769	0.1725
\TheName{}-3.0	156	186	14	44	1732	0.19
SVM	159	174	26	41	2	0.005
LR	200	0	200	0	1	0.0025
Ye-LDA	165	167	33	35	125	0.005
DTree-10	74	172	28	126	25	0.005
DTree-20	110	160	40	90	4	0.005
RFC-50	22	199	1	178	7	0.005
RFC-100	46	196	4	154	16	0.01
NLSVM-0.1	198	13	187	2	2	0.035
NLSVM-1.0	6	199	1	194	1	0.03
NLSVM-10	200	11	189	0	3	0.0325
LDA	156	156	44	44	342	0.275
SDA-0.5	132	166	34	68	1600	0.18
SDA-1.0	130	167	33	70	1708	0.175
SDA-1.5	130	167	33	70	1599	0.195
SDA-2.0	130	167	33	70	1659	0.1725
SDA-2.5	130	167	33	70	1544	0.1725
SDA-3.0	131	167	33	69	1685	0.1825
\TheName{}-0.5	153	173	27	47	1739	0.1725
\TheName{}-1.0	137	173	27	63	1698	0.1925
\TheName{}-1.5	135	169	31	65	1709	0.1725
\TheName{}-2.0	134	169	31	66	1794	0.1725
\TheName{}-2.5	133	169	31	67	1607	0.175
\TheName{}-3.0	132	169	31	68	1699	0.175
SVM	144	166	34	56	1	0.005
LR	0	200	0	200	1	0.005
Ye-LDA	127	176	24	73	126	0.005
DTree-10	113	149	51	87	2	0.005
DTree-20	124	145	55	76	3	0.005
RFC-50	87	176	24	113	6	0.0075
RFC-100	81	176	24	119	12	0.0075
NLSVM-0.1	199	11	189	1	2	0.0375
NLSVM-1.0	178	80	120	22	1	0.0275
NLSVM-10	198	80	120	2	2	0.025
LDA	151	149	51	49	370	0.305
SDA-0.5	158	176	24	42	1572	0.1775
SDA-1.0	156	176	24	44	1769	0.1775
SDA-1.5	156	176	24	44	1688	0.1725
SDA-2.0	156	176	24	44	1658	0.175
SDA-2.5	156	176	24	44	1618	0.175
SDA-3.0	156	176	24	44	1648	0.17
\TheName{}-0.5	173	151	49	27	1802	0.175
\TheName{}-1.0	170	172	28	30	1757	0.1975
\TheName{}-1.5	160	173	27	40	1742	0.175
\TheName{}-2.0	158	173	27	42	1682	0.1725
\TheName{}-2.5	154	174	26	46	1682	0.17
\TheName{}-3.0	155	175	25	45	1765	0.1775
SVM	167	148	52	33	1	0.0075
LR	0	200	0	200	1	0.0025
Ye-LDA	161	171	29	39	205	0.005
DTree-10	99	171	29	101	3	0.0025
DTree-20	135	157	43	65	5	0.0025
RFC-50	44	194	6	156	7	0.005
RFC-100	49	191	9	151	13	0.01
NLSVM-0.1	0	200	0	200	1	0.05
NLSVM-1.0	129	147	53	71	1	0.03
NLSVM-10	200	0	200	0	2	0.0275
LDA	104	160	40	96	387	0.3175
SDA-0.5	109	178	22	91	1580	0.1725
SDA-1.0	109	177	23	91	1646	0.17
SDA-1.5	109	177	23	91	1680	0.175
SDA-2.0	108	177	23	92	1636	0.1925
SDA-2.5	108	175	25	92	1622	0.1675
SDA-3.0	108	175	25	92	1670	0.175
\TheName{}-0.5	122	66	134	78	1637	0.1725
\TheName{}-1.0	150	179	21	50	1888	0.175
\TheName{}-1.5	116	183	17	84	1685	0.1725
\TheName{}-2.0	113	181	19	87	1618	0.175
\TheName{}-2.5	110	178	22	90	1767	0.1775
\TheName{}-3.0	110	178	22	90	1661	0.175
SVM	140	171	29	60	2	0.005
LR	200	0	200	0	0	0.005
Ye-LDA	155	173	27	45	121	0.0025
DTree-10	100	175	25	100	9	0.0025
DTree-20	117	164	36	83	4	0.005
RFC-50	65	178	22	135	7	0.005
RFC-100	56	181	19	144	13	0.01
NLSVM-0.1	200	23	177	0	2	0.0375
NLSVM-1.0	176	69	131	24	1	0.03
NLSVM-10	172	136	64	28	1	0.03
LDA	119	158	42	81	325	0.2475
SDA-0.5	116	172	28	84	1667	0.1925
SDA-1.0	114	171	29	86	1775	0.2025
SDA-1.5	114	171	29	86	1669	0.1725
SDA-2.0	114	171	29	86	1605	0.17
SDA-2.5	114	170	30	86	1638	0.1825
SDA-3.0	114	170	30	86	1592	0.1725
\TheName{}-0.5	146	96	104	54	1690	0.1725
\TheName{}-1.0	154	164	36	46	1838	0.18
\TheName{}-1.5	130	168	32	70	1758	0.1725
\TheName{}-2.0	125	170	30	75	1710	0.175
\TheName{}-2.5	123	171	29	77	1662	0.1775
\TheName{}-3.0	122	171	29	78	1726	0.1775
SVM	126	168	32	74	2	0.0075
LR	0	200	0	200	0	0.005
Ye-LDA	109	173	27	91	127	0.0025
DTree-10	89	152	48	111	3	0.0025
DTree-20	105	140	60	95	5	0.0025
RFC-50	45	184	16	155	7	0.0075
RFC-100	55	188	12	145	14	0.01
NLSVM-0.1	0	200	0	200	2	0.0375
NLSVM-1.0	178	59	141	22	1	0.0275
NLSVM-10	200	20	180	0	1	0.0275
LDA	154	144	56	46	336	0.355
SDA-0.5	115	178	22	85	1670	0.1875
SDA-1.0	116	178	22	84	1684	0.17
SDA-1.5	116	177	23	84	1836	0.1775
SDA-2.0	116	177	23	84	1640	0.1725
SDA-2.5	115	177	23	85	1534	0.175
SDA-3.0	114	177	23	86	1686	0.1825
\TheName{}-0.5	162	103	97	38	1732	0.17
\TheName{}-1.0	166	160	40	34	1730	0.17
\TheName{}-1.5	139	169	31	61	1744	0.1775
\TheName{}-2.0	132	171	29	68	1726	0.175
\TheName{}-2.5	126	172	28	74	1692	0.19
\TheName{}-3.0	124	173	27	76	1745	0.1725
SVM	169	153	47	31	4	0.005
LR	0	200	0	200	2	0.0025
Ye-LDA	126	162	38	74	124	0.0025
DTree-10	66	174	26	134	12	0.005
DTree-20	115	159	41	85	12	0.005
RFC-50	71	184	16	129	7	0.005
RFC-100	67	185	15	133	15	0.0075
NLSVM-0.1	200	3	197	0	2	0.0375
NLSVM-1.0	199	51	149	1	1	0.0275
NLSVM-10	70	191	9	130	1	0.0275
LDA	118	149	51	82	315	0.3375
SDA-0.5	142	154	46	58	1689	0.1725
SDA-1.0	141	154	46	59	1735	0.175
SDA-1.5	140	154	46	60	1676	0.1775
SDA-2.0	140	153	47	60	1598	0.1775
SDA-2.5	140	153	47	60	1747	0.175
SDA-3.0	140	153	47	60	1814	0.175
\TheName{}-0.5	180	124	76	20	1808	0.1975
\TheName{}-1.0	160	157	43	40	1658	0.17
\TheName{}-1.5	155	154	46	45	1777	0.1925
\TheName{}-2.0	150	155	45	50	1684	0.175
\TheName{}-2.5	148	153	47	52	1725	0.1775
\TheName{}-3.0	147	153	47	53	1662	0.1775
SVM	160	143	57	40	2	0.005
LR	200	0	200	0	0	0.005
Ye-LDA	181	117	83	19	119	0.0025
DTree-10	114	156	44	86	2	0.005
DTree-20	154	137	63	46	4	0.0025
RFC-50	62	185	15	138	3	0.005
RFC-100	51	187	13	149	13	0.0075
NLSVM-0.1	200	18	182	0	1	0.0375
NLSVM-1.0	184	55	145	16	1	0.0525
NLSVM-10	131	163	37	69	2	0.04
LDA	146	147	53	54	385	0.275
SDA-0.5	129	169	31	71	1627	0.1725
SDA-1.0	127	169	31	73	1536	0.1725
SDA-1.5	126	169	31	74	1698	0.1875
SDA-2.0	126	169	31	74	1691	0.175
SDA-2.5	126	169	31	74	1609	0.1775
SDA-3.0	126	169	31	74	1668	0.1775
\TheName{}-0.5	152	110	90	48	1747	0.175
\TheName{}-1.0	168	164	36	32	1663	0.1725
\TheName{}-1.5	147	166	34	53	1688	0.1825
\TheName{}-2.0	136	168	32	64	1698	0.1725
\TheName{}-2.5	133	169	31	67	1689	0.175
\TheName{}-3.0	132	170	30	68	1876	0.3025
SVM	149	167	33	51	6	0.045
LR	0	200	0	200	1	0.0125
Ye-LDA	125	170	30	75	129	0.01
DTree-10	180	99	101	20	2	0.01
DTree-20	112	167	33	88	9	0.005
RFC-50	82	173	27	118	4	0.005
RFC-100	68	180	20	132	7	0.0075
NLSVM-0.1	199	11	189	1	1	0.04
NLSVM-1.0	184	51	149	16	1	0.03
NLSVM-10	3	200	0	197	1	0.0275
LDA	162	128	72	38	342	0.29
SDA-0.5	181	149	51	19	1665	0.1725
SDA-1.0	179	151	49	21	1626	0.17
SDA-1.5	175	152	48	25	1689	0.1725
SDA-2.0	173	152	48	27	1746	0.175
SDA-2.5	173	152	48	27	1606	0.175
SDA-3.0	173	152	48	27	1650	0.2
\TheName{}-0.5	175	161	39	25	1582	0.18
\TheName{}-1.0	182	159	41	18	1716	0.175
\TheName{}-1.5	181	158	42	19	1740	0.175
\TheName{}-2.0	180	158	42	20	1679	0.175
\TheName{}-2.5	176	155	45	24	1641	0.18
\TheName{}-3.0	176	155	45	24	1622	0.175
SVM	179	147	53	21	3	0.005
LR	0	200	0	200	0	0.005
Ye-LDA	150	163	37	50	118	0.0025
DTree-10	76	175	25	124	2	0.005
DTree-20	104	161	39	96	4	0.0025
RFC-50	64	189	11	136	5	0.005
RFC-100	58	192	8	142	7	0.0075
NLSVM-0.1	199	9	191	1	2	0.0375
NLSVM-1.0	36	177	23	164	1	0.0325
NLSVM-10	200	0	200	0	2	0.025
LDA	123	180	20	77	401	0.2775
SDA-0.5	111	184	16	89	1646	0.1775
SDA-1.0	110	184	16	90	1593	0.1825
SDA-1.5	109	184	16	91	1658	0.1725
SDA-2.0	109	184	16	91	1703	0.195
SDA-2.5	109	184	16	91	1627	0.175
SDA-3.0	109	184	16	91	1666	0.2
\TheName{}-0.5	171	158	42	29	1727	0.1725
\TheName{}-1.0	129	185	15	71	1887	0.1875
\TheName{}-1.5	122	185	15	78	1752	0.18
\TheName{}-2.0	118	185	15	82	1736	0.175
\TheName{}-2.5	114	185	15	86	1704	0.1975
\TheName{}-3.0	112	185	15	88	1665	0.1725
SVM	153	167	33	47	2	0.005
LR	0	200	0	200	0	0.0075
Ye-LDA	120	187	13	80	129	0.0075
DTree-10	119	134	66	81	2	0.005
DTree-20	110	160	40	90	4	0.005
RFC-50	62	188	12	138	4	0.005
RFC-100	55	192	8	145	18	0.01
NLSVM-0.1	0	200	0	200	2	0.04
NLSVM-1.0	165	102	98	35	1	0.0275
NLSVM-10	3	200	0	197	2	0.025
LDA	122	141	59	78	299	0.25
SDA-0.5	123	188	12	77	1712	0.1925
SDA-1.0	123	187	13	77	1601	0.175
SDA-1.5	124	187	13	76	1607	0.19
SDA-2.0	125	187	13	75	1627	0.165
SDA-2.5	125	187	13	75	1567	0.1625
SDA-3.0	125	187	13	75	1664	0.1975
\TheName{}-0.5	118	182	18	82	1784	0.1725
\TheName{}-1.0	123	190	10	77	1723	0.17
\TheName{}-1.5	123	190	10	77	1714	0.1725
\TheName{}-2.0	123	190	10	77	1738	0.1775
\TheName{}-2.5	123	189	11	77	1725	0.2025
\TheName{}-3.0	124	188	12	76	1618	0.1725
SVM	143	163	37	57	2	0.015
LR	0	200	0	200	0	0.005
Ye-LDA	93	183	17	107	134	0.005
DTree-10	51	185	15	149	3	0.005
DTree-20	74	175	25	126	4	0.005
RFC-50	55	190	10	145	3	0.005
RFC-100	62	180	20	138	12	0.0125
NLSVM-0.1	200	10	190	0	2	0.0675
NLSVM-1.0	10	196	4	190	1	0.09
NLSVM-10	0	200	0	200	1	0.0475
LDA	136	149	51	64	378	0.265
SDA-0.5	145	181	19	55	1585	0.17
SDA-1.0	143	181	19	57	1718	0.1875
SDA-1.5	143	180	20	57	1641	0.1725
SDA-2.0	143	180	20	57	1574	0.17
SDA-2.5	143	180	20	57	1698	0.175
SDA-3.0	143	180	20	57	1566	0.17
\TheName{}-0.5	171	187	13	29	1748	0.1875
\TheName{}-1.0	154	185	15	46	1766	0.18
\TheName{}-1.5	149	183	17	51	1744	0.175
\TheName{}-2.0	148	183	17	52	1684	0.18
\TheName{}-2.5	148	183	17	52	1756	0.175
\TheName{}-3.0	145	182	18	55	1750	0.1675
SVM	154	161	39	46	2	0.035
LR	0	200	0	200	1	0.0125
Ye-LDA	135	180	20	65	127	0.005
DTree-10	71	186	14	129	36	0.01
DTree-20	115	163	37	85	26	0.0025
RFC-50	45	190	10	155	4	0.005
RFC-100	48	192	8	152	7	0.0075
NLSVM-0.1	4	200	0	196	1	0.0375
NLSVM-1.0	197	63	137	3	1	0.03
NLSVM-10	200	0	200	0	1	0.0275
LDA	156	140	60	44	311	0.24
SDA-0.5	170	159	41	30	1836	0.19
SDA-1.0	171	157	43	29	1633	0.17
SDA-1.5	171	157	43	29	1703	0.18
SDA-2.0	171	157	43	29	1628	0.175
SDA-2.5	171	157	43	29	1622	0.1725
SDA-3.0	171	157	43	29	1618	0.2025
\TheName{}-0.5	187	145	55	13	1817	0.1775
\TheName{}-1.0	182	157	43	18	1793	0.1825
\TheName{}-1.5	176	159	41	24	1683	0.17
\TheName{}-2.0	174	159	41	26	1654	0.1975
\TheName{}-2.5	171	159	41	29	1806	0.1725
\TheName{}-3.0	171	159	41	29	1741	0.1775
SVM	174	150	50	26	2	0.005
LR	0	200	0	200	1	0.0025
Ye-LDA	141	168	32	59	139	0.005
DTree-10	91	161	39	109	2	0.005
DTree-20	122	157	43	78	4	0.005
RFC-50	198	49	151	2	5	0.0075
RFC-100	94	170	30	106	5	0.005
NLSVM-0.1	2	200	0	198	2	0.0375
NLSVM-1.0	198	59	141	2	2	0.03
NLSVM-10	3	200	0	197	1	0.0275
LDA	148	136	64	52	388	0.3
SDA-0.5	141	181	19	59	1626	0.1775
SDA-1.0	138	180	20	62	1587	0.1675
SDA-1.5	136	180	20	64	1583	0.175
SDA-2.0	136	180	20	64	1672	0.18
SDA-2.5	135	180	20	65	1645	0.17
SDA-3.0	135	180	20	65	1711	0.175
\TheName{}-0.5	161	169	31	39	1671	0.1725
\TheName{}-1.0	144	178	22	56	1731	0.1975
\TheName{}-1.5	138	180	20	62	1752	0.19
\TheName{}-2.0	137	182	18	63	1712	0.1725
\TheName{}-2.5	136	181	19	64	1720	0.1725
\TheName{}-3.0	137	181	19	63	1695	0.1725
SVM	141	166	34	59	2	0.005
LR	0	200	0	200	0	0.005
Ye-LDA	123	186	14	77	123	0.005
DTree-10	90	172	28	110	2	0.005
DTree-20	106	167	33	94	4	0.0025
RFC-50	55	183	17	145	4	0.005
RFC-100	62	184	16	138	13	0.01
NLSVM-0.1	200	20	180	0	1	0.0375
NLSVM-1.0	185	79	121	15	1	0.03
NLSVM-10	200	13	187	0	1	0.0275
LDA	112	154	46	88	351	0.3325
SDA-0.5	155	159	41	45	1656	0.175
SDA-1.0	152	158	42	48	1662	0.1625
SDA-1.5	153	157	43	47	1820	0.1725
SDA-2.0	153	158	42	47	1682	0.175
SDA-2.5	153	158	42	47	1528	0.1725
SDA-3.0	152	158	42	48	1743	0.1725
\TheName{}-0.5	159	152	48	41	1605	0.1725
\TheName{}-1.0	163	169	31	37	1679	0.17
\TheName{}-1.5	161	163	37	39	1762	0.1725
\TheName{}-2.0	159	162	38	41	1622	0.1725
\TheName{}-2.5	157	161	39	43	1749	0.195
\TheName{}-3.0	157	160	40	43	1777	0.18
SVM	173	155	45	27	2	0.005
LR	0	200	0	200	1	0.005
Ye-LDA	144	167	33	56	130	0.005
DTree-10	115	164	36	85	2	0.005
DTree-20	140	150	50	60	4	0.005
RFC-50	52	189	11	148	8	0.02
RFC-100	40	195	5	160	14	0.01
NLSVM-0.1	199	23	177	1	1	0.045
NLSVM-1.0	187	68	132	13	1	0.03
NLSVM-10	200	33	167	0	2	0.0325
LDA	122	153	47	78	289	0.3275
SDA-0.5	112	174	26	88	1621	0.1825
SDA-1.0	111	174	26	89	1621	0.1775
SDA-1.5	111	173	27	89	1687	0.18
SDA-2.0	110	173	27	90	1586	0.17
SDA-2.5	110	173	27	90	1624	0.175
SDA-3.0	110	173	27	90	1588	0.1675
\TheName{}-0.5	123	81	119	77	1728	0.165
\TheName{}-1.0	133	176	24	67	1699	0.165
\TheName{}-1.5	122	176	24	78	1690	0.1725
\TheName{}-2.0	119	176	24	81	1849	0.175
\TheName{}-2.5	116	175	25	84	1704	0.17
\TheName{}-3.0	116	174	26	84	1869	0.1875
SVM	130	169	31	70	3	0.005
LR	0	200	0	200	0	0.005
Ye-LDA	106	169	31	94	121	0.005
DTree-10	117	152	48	83	2	0.0025
DTree-20	125	149	51	75	15	0.005
RFC-50	79	170	30	121	4	0.005
RFC-100	80	175	25	120	6	0.0075
NLSVM-0.1	200	7	193	0	2	0.0375
NLSVM-1.0	182	67	133	18	2	0.03
NLSVM-10	200	0	200	0	1	0.04
LDA	152	126	74	48	310	0.3225
SDA-0.5	132	171	29	68	1575	0.175
SDA-1.0	132	169	31	68	1658	0.175
SDA-1.5	128	169	31	72	1568	0.1625
SDA-2.0	128	169	31	72	1633	0.18
SDA-2.5	128	169	31	72	1653	0.1725
SDA-3.0	128	168	32	72	1600	0.1625
\TheName{}-0.5	149	112	88	51	1780	0.1725
\TheName{}-1.0	159	168	32	41	1698	0.17
\TheName{}-1.5	144	171	29	56	1706	0.1775
\TheName{}-2.0	141	171	29	59	1731	0.1725
\TheName{}-2.5	140	171	29	60	1705	0.1875
\TheName{}-3.0	138	169	31	62	1795	0.1775
SVM	155	146	54	45	2	0.0125
LR	200	0	200	0	1	0.01
Ye-LDA	166	127	73	34	156	0.015
DTree-10	95	170	30	105	9	0.0125
DTree-20	126	162	38	74	5	0.0125
RFC-50	46	194	6	154	9	0.0075
RFC-100	49	194	6	151	7	0.0175
NLSVM-0.1	98	154	46	102	2	0.04
NLSVM-1.0	47	180	20	153	1	0.0275
NLSVM-10	0	200	0	200	1	0.025
LDA	179	132	68	21	374	0.2275
SDA-0.5	133	167	33	67	1638	0.17
SDA-1.0	132	166	34	68	1627	0.17
SDA-1.5	132	166	34	68	1626	0.175
SDA-2.0	132	166	34	68	1573	0.175
SDA-2.5	132	166	34	68	1889	0.175
SDA-3.0	132	166	34	68	1609	0.1675
\TheName{}-0.5	162	101	99	38	1851	0.1775
\TheName{}-1.0	175	164	36	25	1718	0.175
\TheName{}-1.5	154	170	30	46	1875	0.175
\TheName{}-2.0	142	171	29	58	1621	0.1725
\TheName{}-2.5	141	169	31	59	1772	0.185
\TheName{}-3.0	137	168	32	63	1735	0.1725
SVM	187	133	67	13	2	0.005
LR	0	200	0	200	0	0.005
Ye-LDA	137	166	34	63	126	0.0025
DTree-10	96	174	26	104	2	0.005
DTree-20	123	160	40	77	4	0.005
RFC-50	51	186	14	149	7	0.005
RFC-100	54	186	14	146	15	0.0075
NLSVM-0.1	0	200	0	200	2	0.035
NLSVM-1.0	199	42	158	1	2	0.0275
NLSVM-10	77	190	10	123	1	0.0275
LDA	165	134	66	35	305	0.2975
SDA-0.5	126	172	28	74	1657	0.185
SDA-1.0	124	171	29	76	1679	0.17
SDA-1.5	124	171	29	76	1719	0.165
SDA-2.0	124	171	29	76	1564	0.17
SDA-2.5	124	171	29	76	1719	0.165
SDA-3.0	124	171	29	76	1622	0.17
\TheName{}-0.5	159	113	87	41	1623	0.1725
\TheName{}-1.0	137	171	29	63	1763	0.1725
\TheName{}-1.5	131	172	28	69	1677	0.1625
\TheName{}-2.0	127	173	27	73	1708	0.1775
\TheName{}-2.5	126	172	28	74	1721	0.1775
\TheName{}-3.0	126	172	28	74	1614	0.195
SVM	152	151	49	48	2	0.0075
LR	0	200	0	200	0	0.005
Ye-LDA	134	173	27	66	129	0.015
DTree-10	93	156	44	107	23	0.0375
DTree-20	118	142	58	82	8	0.0025
RFC-50	55	184	16	145	36	0.01
RFC-100	53	186	14	147	16	0.015
NLSVM-0.1	200	4	196	0	1	0.09
NLSVM-1.0	179	66	134	21	1	0.0275
NLSVM-10	12	199	1	188	1	0.0475
LDA	140	151	49	60	311	0.3175
SDA-0.5	164	168	32	36	1695	0.185
SDA-1.0	163	168	32	37	1662	0.1625
SDA-1.5	163	168	32	37	1648	0.1625
SDA-2.0	163	168	32	37	1687	0.175
SDA-2.5	162	168	32	38	1646	0.1675
SDA-3.0	162	167	33	38	1620	0.1825
\TheName{}-0.5	180	132	68	20	1797	0.175
\TheName{}-1.0	177	157	43	23	1634	0.175
\TheName{}-1.5	173	163	37	27	1785	0.1675
\TheName{}-2.0	170	166	34	30	1663	0.1725
\TheName{}-2.5	168	166	34	32	1709	0.1725
\TheName{}-3.0	167	166	34	33	1751	0.175
SVM	159	147	53	41	2	0.005
LR	200	0	200	0	1	0.0025
Ye-LDA	189	124	76	11	121	0.005
DTree-10	92	190	10	108	43	0.005
DTree-20	124	172	28	76	36	0.005
RFC-50	54	194	6	146	4	0.005
RFC-100	59	192	8	141	7	0.005
NLSVM-0.1	200	13	187	0	2	0.0375
NLSVM-1.0	193	41	159	7	1	0.0275
NLSVM-10	200	28	172	0	1	0.0325
LDA	152	140	60	48	385	0.2325
SDA-0.5	134	173	27	66	1743	0.17
SDA-1.0	130	172	28	70	1733	0.1675
SDA-1.5	130	172	28	70	1740	0.1625
SDA-2.0	130	172	28	70	1674	0.17
SDA-2.5	130	172	28	70	1713	0.1825
SDA-3.0	130	172	28	70	1617	0.1725
\TheName{}-0.5	163	100	100	37	1730	0.1775
\TheName{}-1.0	178	167	33	22	1761	0.1825
\TheName{}-1.5	158	171	29	42	1660	0.175
\TheName{}-2.0	149	175	25	51	1741	0.17
\TheName{}-2.5	146	175	25	54	1765	0.1725
\TheName{}-3.0	143	174	26	57	1835	0.185
SVM	165	153	47	35	3	0.0075
LR	0	200	0	200	0	0.005
Ye-LDA	111	176	24	89	131	0.015
DTree-10	74	177	23	126	23	0.005
DTree-20	116	162	38	84	4	0.005
RFC-50	180	106	94	20	4	0.005
RFC-100	199	65	135	1	7	0.01
NLSVM-0.1	200	8	192	0	1	0.0375
NLSVM-1.0	187	59	141	13	1	0.0275
NLSVM-10	9	200	0	191	2	0.025
LDA	130	136	64	70	356	0.2775
SDA-0.5	140	181	19	60	1585	0.17
SDA-1.0	140	178	22	60	1658	0.1625
SDA-1.5	138	178	22	62	1570	0.17
SDA-2.0	138	178	22	62	1568	0.1625
SDA-2.5	137	178	22	63	1644	0.1825
SDA-3.0	137	178	22	63	1691	0.1825
\TheName{}-0.5	145	183	17	55	1693	0.17
\TheName{}-1.0	140	181	19	60	1668	0.1775
\TheName{}-1.5	139	178	22	61	1660	0.1725
\TheName{}-2.0	137	178	22	63	1693	0.165
\TheName{}-2.5	138	178	22	62	1654	0.175
\TheName{}-3.0	138	178	22	62	1734	0.175
SVM	135	163	37	65	3	0.005
LR	0	200	0	200	0	0.005
Ye-LDA	136	176	24	64	129	0.005
DTree-10	86	167	33	114	7	0.0025
DTree-20	95	146	54	105	4	0.005
RFC-50	52	189	11	148	4	0.0075
RFC-100	55	184	16	145	17	0.0075
NLSVM-0.1	199	10	190	1	1	0.0375
NLSVM-1.0	159	62	138	41	1	0.0275
NLSVM-10	4	200	0	196	1	0.0275
LDA	133	115	85	67	294	0.2475
SDA-0.5	146	162	38	54	1547	0.1775
SDA-1.0	146	162	38	54	1505	0.165
SDA-1.5	146	162	38	54	1691	0.17
SDA-2.0	146	160	40	54	1477	0.165
SDA-2.5	146	160	40	54	1620	0.175
SDA-3.0	146	160	40	54	1652	0.1625
\TheName{}-0.5	178	143	57	22	1635	0.17
\TheName{}-1.0	168	169	31	32	1670	0.17
\TheName{}-1.5	157	166	34	43	1642	0.16
\TheName{}-2.0	152	163	37	48	1725	0.185
\TheName{}-2.5	150	163	37	50	1649	0.1725
\TheName{}-3.0	146	163	37	54	1671	0.1625
SVM	167	133	67	33	2	0.005
LR	0	200	0	200	1	0.0025
Ye-LDA	129	174	26	71	123	0.0025
DTree-10	77	168	32	123	2	0.005
DTree-20	108	145	55	92	15	0.005
RFC-50	62	178	22	138	4	0.005
RFC-100	55	187	13	145	16	0.01
NLSVM-0.1	0	199	1	200	2	0.035
NLSVM-1.0	61	172	28	139	2	0.0275
NLSVM-10	5	200	0	195	1	0.0275
LDA	167	149	51	33	312	0.22
SDA-0.5	169	157	43	31	1669	0.1625
SDA-1.0	170	157	43	30	1731	0.175
SDA-1.5	170	157	43	30	1741	0.1725
SDA-2.0	170	157	43	30	1615	0.1725
SDA-2.5	170	156	44	30	1666	0.175
SDA-3.0	170	156	44	30	1664	0.175
\TheName{}-0.5	172	127	73	28	2036	0.2025
\TheName{}-1.0	182	151	49	18	1749	0.1625
\TheName{}-1.5	177	158	42	23	1831	0.1725
\TheName{}-2.0	177	159	41	23	1846	0.1975
\TheName{}-2.5	173	159	41	27	1777	0.185
\TheName{}-3.0	173	159	41	27	1874	0.1725
SVM	179	155	45	21	2	0.005
LR	0	200	0	200	0	0.005
Ye-LDA	148	163	37	52	129	0.0025
DTree-10	90	172	28	110	2	0.005
DTree-20	124	148	52	76	4	0.005
RFC-50	68	183	17	132	4	0.005
RFC-100	61	190	10	139	7	0.01
NLSVM-0.1	200	8	192	0	2	0.035
NLSVM-1.0	198	33	167	2	1	0.03
NLSVM-10	200	0	200	0	1	0.0275
LDA	109	140	60	91	424	0.415
SDA-0.5	116	177	23	84	1668	0.1675
SDA-1.0	116	177	23	84	1710	0.1675
SDA-1.5	114	177	23	86	1657	0.185
SDA-2.0	114	176	24	86	1621	0.17
SDA-2.5	114	176	24	86	1690	0.18
SDA-3.0	113	176	24	87	1715	0.18
\TheName{}-0.5	160	147	53	40	1687	0.175
\TheName{}-1.0	135	178	22	65	1702	0.17
\TheName{}-1.5	125	181	19	75	1753	0.175
\TheName{}-2.0	122	180	20	78	1764	0.17
\TheName{}-2.5	120	180	20	80	1761	0.165
\TheName{}-3.0	120	178	22	80	1756	0.175
SVM	126	154	46	74	2	0.015
LR	0	200	0	200	1	0.0175
Ye-LDA	111	183	17	89	136	0.0025
DTree-10	78	173	27	122	13	0.005
DTree-20	97	160	40	103	4	0.0025
RFC-50	89	182	18	111	12	0.005
RFC-100	100	171	29	100	16	0.01
NLSVM-0.1	199	16	184	1	2	0.0375
NLSVM-1.0	163	81	119	37	1	0.0275
NLSVM-10	178	127	73	22	1	0.0275
LDA	126	120	80	74	409	0.27
SDA-0.5	110	179	21	90	1566	0.1725
SDA-1.0	110	177	23	90	1695	0.195
SDA-1.5	110	177	23	90	1649	0.1625
SDA-2.0	110	176	24	90	1516	0.1725
SDA-2.5	109	176	24	91	1781	0.16
SDA-3.0	109	176	24	91	1775	0.17
\TheName{}-0.5	155	128	72	45	1832	0.1725
\TheName{}-1.0	134	176	24	66	1722	0.1625
\TheName{}-1.5	119	179	21	81	1850	0.1775
\TheName{}-2.0	115	178	22	85	1702	0.175
\TheName{}-2.5	111	177	23	89	1740	0.165
\TheName{}-3.0	111	177	23	89	1734	0.1625
SVM	160	168	32	40	2	0.005
LR	0	200	0	200	1	0.0025
Ye-LDA	120	180	20	80	129	0.005
DTree-10	67	178	22	133	2	0.005
DTree-20	107	159	41	93	3	0.005
RFC-50	48	191	9	152	4	0.005
RFC-100	51	191	9	149	7	0.01
NLSVM-0.1	1	199	1	199	2	0.04
NLSVM-1.0	196	53	147	4	1	0.03
NLSVM-10	2	200	0	198	1	0.025
LDA	167	118	82	33	392	0.3075
SDA-0.5	151	164	36	49	1620	0.1625
SDA-1.0	148	165	35	52	1588	0.1625
SDA-1.5	145	164	36	55	1561	0.1675
SDA-2.0	145	163	37	55	1576	0.165
SDA-2.5	144	163	37	56	1619	0.165
SDA-3.0	143	163	37	57	1644	0.165
\TheName{}-0.5	182	101	99	18	1689	0.185
\TheName{}-1.0	163	156	44	37	1687	0.18
\TheName{}-1.5	155	162	38	45	1666	0.165
\TheName{}-2.0	153	163	37	47	1634	0.17
\TheName{}-2.5	152	162	38	48	1714	0.1625
\TheName{}-3.0	152	162	38	48	1733	0.17
SVM	173	143	57	27	3	0.005
LR	0	200	0	200	0	0.005
Ye-LDA	138	155	45	62	125	0.0025
DTree-10	123	144	56	77	3	0.005
DTree-20	145	138	62	55	15	0.0025
RFC-50	57	187	13	143	4	0.005
RFC-100	49	189	11	151	7	0.01
NLSVM-0.1	200	17	183	0	1	0.0375
NLSVM-1.0	193	46	154	7	1	0.035
NLSVM-10	200	0	200	0	2	0.025
LDA	144	158	42	56	355	0.2525
SDA-0.5	157	176	24	43	1626	0.205
SDA-1.0	153	176	24	47	1780	0.165
SDA-1.5	149	176	24	51	1523	0.1725
SDA-2.0	149	176	24	51	1633	0.175
SDA-2.5	149	176	24	51	1756	0.175
SDA-3.0	149	176	24	51	1600	0.16
\TheName{}-0.5	143	184	16	57	1773	0.185
\TheName{}-1.0	148	180	20	52	1683	0.1725
\TheName{}-1.5	148	178	22	52	1759	0.17
\TheName{}-2.0	150	178	22	50	1741	0.17
\TheName{}-2.5	150	178	22	50	1645	0.17
\TheName{}-3.0	151	177	23	49	1718	0.1625
SVM	151	167	33	49	2	0.0075
LR	0	200	0	200	0	0.005
Ye-LDA	146	176	24	54	124	0.005
DTree-10	98	171	29	102	2	0.0025
DTree-20	129	151	49	71	5	0.0025
RFC-50	36	197	3	164	4	0.005
RFC-100	28	199	1	172	6	0.0075
NLSVM-0.1	200	14	186	0	2	0.035
NLSVM-1.0	142	147	53	58	2	0.0275
NLSVM-10	200	2	198	0	1	0.0275
LDA	142	158	42	58	408	0.28
SDA-0.5	109	173	27	91	1637	0.165
SDA-1.0	109	171	29	91	1582	0.175
SDA-1.5	109	171	29	91	1625	0.1725
SDA-2.0	109	171	29	91	1516	0.1725
SDA-2.5	109	171	29	91	1586	0.165
SDA-3.0	110	171	29	90	1665	0.1725
\TheName{}-0.5	134	92	108	66	1714	0.1625
\TheName{}-1.0	139	178	22	61	1694	0.175
\TheName{}-1.5	125	172	28	75	1792	0.175
\TheName{}-2.0	116	174	26	84	1698	0.175
\TheName{}-2.5	114	173	27	86	1679	0.1825
\TheName{}-3.0	113	173	27	87	1701	0.175
SVM	134	162	38	66	2	0.005
LR	0	200	0	200	1	0.0025
Ye-LDA	117	174	26	83	128	0.0025
DTree-10	86	179	21	114	2	0.005
DTree-20	110	170	30	90	6	0.005
RFC-50	38	196	4	162	5	0.005
RFC-100	36	194	6	164	18	0.0125
NLSVM-0.1	2	200	0	198	1	0.04
NLSVM-1.0	148	94	106	52	1	0.03
NLSVM-10	104	177	23	96	1	0.025
LDA	172	113	87	28	361	0.1675
SDA-0.5	141	163	37	59	1674	0.16
SDA-1.0	141	164	36	59	1607	0.1725
SDA-1.5	141	164	36	59	1669	0.165
SDA-2.0	140	165	35	60	1778	0.1775
SDA-2.5	140	164	36	60	1720	0.1625
SDA-3.0	140	164	36	60	1676	0.175
\TheName{}-0.5	177	165	35	23	1652	0.1725
\TheName{}-1.0	152	163	37	48	1931	0.1675
\TheName{}-1.5	145	163	37	55	1651	0.175
\TheName{}-2.0	143	163	37	57	1728	0.1725
\TheName{}-2.5	142	163	37	58	1747	0.1625
\TheName{}-3.0	142	163	37	58	1736	0.1725
SVM	137	160	40	63	2	0.005
LR	0	200	0	200	0	0.005
Ye-LDA	114	166	34	86	124	0.005
DTree-10	99	170	30	101	2	0.005
DTree-20	107	158	42	93	4	0.0025
RFC-50	83	178	22	117	9	0.005
RFC-100	65	185	15	135	15	0.01
NLSVM-0.1	200	11	189	0	1	0.0375
NLSVM-1.0	198	72	128	2	1	0.0275
NLSVM-10	0	200	0	200	2	0.025
LDA	126	156	44	74	303	0.285
SDA-0.5	158	176	24	42	1640	0.175
SDA-1.0	157	175	25	43	1675	0.1625
SDA-1.5	156	175	25	44	1560	0.1725
SDA-2.0	155	175	25	45	1748	0.1625
SDA-2.5	154	175	25	46	1575	0.18
SDA-3.0	154	175	25	46	1678	0.175
\TheName{}-0.5	157	129	71	43	1689	0.2
\TheName{}-1.0	161	154	46	39	1711	0.1725
\TheName{}-1.5	162	156	44	38	1720	0.175
\TheName{}-2.0	161	162	38	39	1609	0.175
\TheName{}-2.5	160	165	35	40	1790	0.18
\TheName{}-3.0	160	165	35	40	1576	0.165
SVM	154	152	48	46	2	0.0075
LR	0	200	0	200	0	0.005
Ye-LDA	125	171	29	75	128	0.0025
DTree-10	56	184	16	144	3	0.0025
DTree-20	83	176	24	117	4	0.005
RFC-50	29	193	7	171	3	0.0075
RFC-100	32	185	15	168	16	0.0075
NLSVM-0.1	0	200	0	200	2	0.035
NLSVM-1.0	6	199	1	194	1	0.0275
NLSVM-10	0	200	0	200	2	0.0275
LDA	118	141	59	82	382	0.295
SDA-0.5	140	169	31	60	1589	0.165
SDA-1.0	136	170	30	64	1627	0.1775
SDA-1.5	134	169	31	66	1644	0.185
SDA-2.0	133	168	32	67	1583	0.18
SDA-2.5	133	167	33	67	1613	0.165
SDA-3.0	132	167	33	68	1600	0.1725
\TheName{}-0.5	131	80	120	69	1700	0.165
\TheName{}-1.0	174	126	74	26	1721	0.175
\TheName{}-1.5	158	148	52	42	1602	0.1625
\TheName{}-2.0	149	157	43	51	1701	0.1775
\TheName{}-2.5	147	160	40	53	1690	0.185
\TheName{}-3.0	145	164	36	55	1671	0.1725
SVM	144	138	62	56	2	0.005
LR	0	200	0	200	0	0.005
Ye-LDA	123	167	33	77	129	0.0025
DTree-10	95	138	62	105	3	0.0025
DTree-20	113	137	63	87	6	0.005
RFC-50	178	93	107	22	5	0.01
RFC-100	172	110	90	28	20	0.0125
NLSVM-0.1	0	199	1	200	2	0.0375
NLSVM-1.0	196	46	154	4	1	0.03
NLSVM-10	0	200	0	200	1	0.025
LDA	139	143	57	61	311	0.2925
SDA-0.5	131	172	28	69	1677	0.185
SDA-1.0	128	172	28	72	1669	0.165
SDA-1.5	129	171	29	71	1670	0.1725
SDA-2.0	129	171	29	71	1623	0.1675
SDA-2.5	129	171	29	71	1654	0.1725
SDA-3.0	129	171	29	71	1588	0.165
\TheName{}-0.5	145	173	27	55	1771	0.175
\TheName{}-1.0	137	174	26	63	1715	0.1625
\TheName{}-1.5	134	173	27	66	1748	0.165
\TheName{}-2.0	135	170	30	65	1828	0.1725
\TheName{}-2.5	134	170	30	66	1618	0.1625
\TheName{}-3.0	133	171	29	67	1856	0.1725
SVM	151	156	44	49	2	0.005
LR	0	200	0	200	1	0.0025
Ye-LDA	117	172	28	83	132	0.005
DTree-10	81	177	23	119	12	0.005
DTree-20	104	165	35	96	4	0.005
RFC-50	54	185	15	146	9	0.005
RFC-100	48	184	16	152	17	0.015
NLSVM-0.1	2	200	0	198	2	0.035
NLSVM-1.0	11	196	4	189	1	0.03
NLSVM-10	171	144	56	29	1	0.0275
LDA	166	127	73	34	330	0.38
SDA-0.5	164	156	44	36	1546	0.1725
SDA-1.0	164	156	44	36	1560	0.165
SDA-1.5	162	157	43	38	1608	0.1625
SDA-2.0	161	157	43	39	1505	0.1725
SDA-2.5	161	157	43	39	1564	0.175
SDA-3.0	161	157	43	39	1666	0.1725
\TheName{}-0.5	172	154	46	28	1658	0.165
\TheName{}-1.0	164	156	44	36	1725	0.175
\TheName{}-1.5	164	156	44	36	1644	0.165
\TheName{}-2.0	163	157	43	37	1641	0.1725
\TheName{}-2.5	163	157	43	37	1714	0.1625
\TheName{}-3.0	163	157	43	37	1711	0.1725
SVM	158	158	42	42	3	0.005
LR	0	200	0	200	0	0.0175
Ye-LDA	141	148	52	59	125	0.005
DTree-10	79	170	30	121	2	0.005
DTree-20	103	147	53	97	14	0.005
RFC-50	41	185	15	159	3	0.005
RFC-100	40	188	12	160	6	0.01
NLSVM-0.1	196	44	156	4	1	0.0375
NLSVM-1.0	13	199	1	187	1	0.03
NLSVM-10	3	200	0	197	1	0.0275
LDA	111	170	30	89	469	0.3525
SDA-0.5	134	168	32	66	1651	0.1775
SDA-1.0	131	167	33	69	1658	0.175
SDA-1.5	130	167	33	70	1702	0.175
SDA-2.0	130	167	33	70	1621	0.1625
SDA-2.5	130	167	33	70	1633	0.1675
SDA-3.0	130	167	33	70	1588	0.1625
\TheName{}-0.5	140	123	77	60	1711	0.17
\TheName{}-1.0	163	167	33	37	1798	0.1625
\TheName{}-1.5	152	170	30	48	1766	0.1725
\TheName{}-2.0	147	169	31	53	1813	0.17
\TheName{}-2.5	141	167	33	59	1780	0.175
\TheName{}-3.0	140	167	33	60	1803	0.1625
SVM	152	170	30	48	2	0.005
LR	0	200	0	200	0	0.01
Ye-LDA	133	164	36	67	122	0.0025
DTree-10	94	154	46	106	3	0.0025
DTree-20	124	133	67	76	4	0.0025
RFC-50	31	188	12	169	8	0.005
RFC-100	27	193	7	173	12	0.005
NLSVM-0.1	199	9	191	1	2	0.0375
NLSVM-1.0	184	61	139	16	1	0.045
NLSVM-10	16	200	0	184	2	0.035
LDA	107	142	58	93	377	0.345
SDA-0.5	151	157	43	49	1705	0.165
SDA-1.0	148	157	43	52	1572	0.175
SDA-1.5	146	156	44	54	1540	0.1625
SDA-2.0	146	156	44	54	1604	0.165
SDA-2.5	146	156	44	54	1540	0.1725
SDA-3.0	146	156	44	54	1590	0.1675
\TheName{}-0.5	184	128	72	16	1717	0.175
\TheName{}-1.0	174	159	41	26	1693	0.1675
\TheName{}-1.5	159	161	39	41	1610	0.1725
\TheName{}-2.0	155	156	44	45	1649	0.165
\TheName{}-2.5	151	156	44	49	1673	0.1775
\TheName{}-3.0	149	155	45	51	1728	0.1625
SVM	162	145	55	38	2	0.005
LR	0	200	0	200	0	0.005
Ye-LDA	160	162	38	40	138	0.005
DTree-10	174	118	82	26	2	0.005
DTree-20	168	121	79	32	3	0.005
RFC-50	157	136	64	43	5	0.005
RFC-100	191	89	111	9	8	0.01
NLSVM-0.1	0	200	0	200	1	0.0375
NLSVM-1.0	158	99	101	42	1	0.0275
NLSVM-10	59	195	5	141	1	0.0325
LDA	143	146	54	57	313	0.23
SDA-0.5	149	172	28	51	1532	0.1625
SDA-1.0	148	171	29	52	1717	0.1725
SDA-1.5	146	171	29	54	1731	0.1625
SDA-2.0	146	171	29	54	1676	0.18
SDA-2.5	146	171	29	54	1605	0.165
SDA-3.0	146	171	29	54	1619	0.16
\TheName{}-0.5	153	172	28	47	1679	0.1775
\TheName{}-1.0	150	170	30	50	1658	0.1725
\TheName{}-1.5	147	170	30	53	1678	0.1625
\TheName{}-2.0	147	171	29	53	1764	0.18
\TheName{}-2.5	147	171	29	53	1648	0.16
\TheName{}-3.0	147	171	29	53	1791	0.1725
SVM	152	158	42	48	3	0.005
LR	200	0	200	0	0	0.005
Ye-LDA	149	170	30	51	125	0.015
DTree-10	101	162	38	99	16	0.0175
DTree-20	119	156	44	81	3	0.015
RFC-50	86	171	29	114	6	0.02
RFC-100	76	177	23	124	9	0.0325
NLSVM-0.1	200	16	184	0	2	0.0575
NLSVM-1.0	166	74	126	34	1	0.03
NLSVM-10	129	177	23	71	1	0.025
LDA	183	123	77	17	335	0.28
SDA-0.5	138	164	36	62	1509	0.16
SDA-1.0	136	164	36	64	1650	0.1775
SDA-1.5	136	164	36	64	1638	0.18
SDA-2.0	135	164	36	65	1524	0.1725
SDA-2.5	135	164	36	65	1669	0.165
SDA-3.0	135	164	36	65	1566	0.1725
\TheName{}-0.5	171	169	31	29	1608	0.1625
\TheName{}-1.0	147	163	37	53	1645	0.18
\TheName{}-1.5	144	163	37	56	1709	0.165
\TheName{}-2.0	142	165	35	58	1688	0.175
\TheName{}-2.5	141	164	36	59	1685	0.17
\TheName{}-3.0	140	163	37	60	1709	0.175
SVM	190	137	63	10	2	0.005
LR	0	200	0	200	1	0.005
Ye-LDA	136	166	34	64	127	0.005
DTree-10	83	162	38	117	2	0.005
DTree-20	123	142	58	77	3	0.005
RFC-50	58	173	27	142	9	0.005
RFC-100	56	174	26	144	15	0.01
NLSVM-0.1	1	200	0	199	2	0.0375
NLSVM-1.0	200	31	169	0	1	0.0275
NLSVM-10	200	4	196	0	2	0.025
LDA	155	143	57	45	428	0.225
SDA-0.5	169	168	32	31	1589	0.1625
SDA-1.0	169	168	32	31	1673	0.17
SDA-1.5	169	168	32	31	1580	0.1675
SDA-2.0	169	168	32	31	1517	0.17
SDA-2.5	169	167	33	31	1661	0.1625
SDA-3.0	169	167	33	31	1604	0.165
\TheName{}-0.5	177	172	28	23	1767	0.19
\TheName{}-1.0	171	167	33	29	1683	0.165
\TheName{}-1.5	170	168	32	30	1685	0.1625
\TheName{}-2.0	170	169	31	30	1718	0.175
\TheName{}-2.5	169	168	32	31	1685	0.165
\TheName{}-3.0	169	168	32	31	1749	0.19
SVM	157	155	45	43	2	0.015
LR	0	200	0	200	1	0.005
Ye-LDA	143	165	35	57	137	0.005
DTree-10	82	170	30	118	13	0.0025
DTree-20	112	154	46	88	4	0.005
RFC-50	63	180	20	137	4	0.005
RFC-100	81	175	25	119	8	0.01
NLSVM-0.1	200	19	181	0	1	0.04
NLSVM-1.0	183	71	129	17	2	0.0325
NLSVM-10	0	200	0	200	1	0.1
LDA	142	153	47	58	325	0.2925
SDA-0.5	117	186	14	83	1744	0.165
SDA-1.0	120	186	14	80	1521	0.1725
SDA-1.5	120	186	14	80	1694	0.185
SDA-2.0	120	185	15	80	1663	0.17
SDA-2.5	120	185	15	80	1644	0.1725
SDA-3.0	120	185	15	80	1593	0.1625
\TheName{}-0.5	157	173	27	43	1691	0.1725
\TheName{}-1.0	129	186	14	71	1797	0.1625
\TheName{}-1.5	123	187	13	77	1662	0.17
\TheName{}-2.0	120	186	14	80	1695	0.17
\TheName{}-2.5	120	185	15	80	1746	0.1725
\TheName{}-3.0	119	185	15	81	1632	0.1725
SVM	166	165	35	34	3	0.0075
LR	0	200	0	200	0	0.005
Ye-LDA	104	182	18	96	129	0.0025
DTree-10	79	173	27	121	10	0.005
DTree-20	113	161	39	87	4	0.0025
RFC-50	77	173	27	123	4	0.005
RFC-100	66	183	17	134	6	0.005
NLSVM-0.1	111	163	37	89	2	0.0425
NLSVM-1.0	182	51	149	18	2	0.0325
NLSVM-10	9	200	0	191	1	0.035
LDA	137	157	43	63	311	0.28
SDA-0.5	116	172	28	84	1652	0.175
SDA-1.0	117	171	29	83	1505	0.1775
SDA-1.5	117	171	29	83	1643	0.1675
SDA-2.0	116	171	29	84	1615	0.17
SDA-2.5	116	171	29	84	1597	0.1625
SDA-3.0	116	171	29	84	1721	0.1725
\TheName{}-0.5	151	144	56	49	1772	0.18
\TheName{}-1.0	126	177	23	74	1697	0.1925
\TheName{}-1.5	119	176	24	81	1863	0.215
\TheName{}-2.0	118	174	26	82	1710	0.1725
\TheName{}-2.5	118	174	26	82	1820	0.2075
\TheName{}-3.0	117	173	27	83	1632	0.1625
SVM	145	164	36	55	2	0.0075
LR	0	200	0	200	0	0.005
Ye-LDA	120	175	25	80	124	0.0025
DTree-10	88	166	34	112	3	0.0025
DTree-20	107	158	42	93	4	0.0025
RFC-50	48	181	19	152	6	0.0075
RFC-100	40	179	21	160	12	0.0075
NLSVM-0.1	0	200	0	200	2	0.0375
NLSVM-1.0	183	67	133	17	1	0.0275
NLSVM-10	4	200	0	196	1	0.0275
LDA	142	128	72	58	375	0.385
SDA-0.5	124	168	32	76	1567	0.1675
SDA-1.0	125	167	33	75	1634	0.1625
SDA-1.5	125	165	35	75	1593	0.1775
SDA-2.0	125	165	35	75	1628	0.1675
SDA-2.5	125	165	35	75	1589	0.1675
SDA-3.0	125	165	35	75	1605	0.165
\TheName{}-0.5	167	130	70	33	1730	0.165
\TheName{}-1.0	152	167	33	48	1727	0.1875
\TheName{}-1.5	135	167	33	65	1687	0.165
\TheName{}-2.0	135	167	33	65	1717	0.1725
\TheName{}-2.5	132	167	33	68	1721	0.1675
\TheName{}-3.0	131	167	33	69	1736	0.175
SVM	158	143	57	42	2	0.0075
LR	0	200	0	200	0	0.005
Ye-LDA	96	179	21	104	127	0.0025
DTree-10	68	178	22	132	2	0.005
DTree-20	109	159	41	91	21	0.005
RFC-50	31	187	13	169	3	0.005
RFC-100	29	186	14	171	11	0.0075
NLSVM-0.1	3	200	0	197	2	0.035
NLSVM-1.0	47	192	8	153	1	0.03
NLSVM-10	200	0	200	0	1	0.025
LDA	157	130	70	43	328	0.2625
SDA-0.5	163	161	39	37	1727	0.1625
SDA-1.0	161	159	41	39	1625	0.1675
SDA-1.5	161	157	43	39	1689	0.1675
SDA-2.0	161	157	43	39	1638	0.17
SDA-2.5	160	157	43	40	1462	0.1625
SDA-3.0	159	157	43	41	1554	0.1625
\TheName{}-0.5	160	145	55	40	1748	0.1725
\TheName{}-1.0	176	155	45	24	1608	0.1625
\TheName{}-1.5	170	156	44	30	1779	0.19
\TheName{}-2.0	167	158	42	33	1631	0.165
\TheName{}-2.5	167	160	40	33	1668	0.18
\TheName{}-3.0	166	159	41	34	1668	0.165
SVM	169	139	61	31	2	0.0075
LR	0	200	0	200	0	0.005
Ye-LDA	148	165	35	52	127	0.0025
DTree-10	99	136	64	101	3	0.0025
DTree-20	115	132	68	85	4	0.005
RFC-50	80	184	16	120	3	0.0075
RFC-100	80	188	12	120	14	0.01
NLSVM-0.1	200	16	184	0	1	0.0375
NLSVM-1.0	187	74	126	13	1	0.03
NLSVM-10	117	183	17	83	1	0.025
LDA	163	150	50	37	342	0.2325
SDA-0.5	146	164	36	54	1697	0.185
SDA-1.0	146	164	36	54	1715	0.1725
SDA-1.5	146	164	36	54	1804	0.245
SDA-2.0	146	164	36	54	1659	0.165
SDA-2.5	146	164	36	54	1674	0.18
SDA-3.0	146	164	36	54	1602	0.17
\TheName{}-0.5	184	149	51	16	1672	0.17
\TheName{}-1.0	158	162	38	42	1757	0.165
\TheName{}-1.5	152	163	37	48	1585	0.1625
\TheName{}-2.0	149	163	37	51	1739	0.175
\TheName{}-2.5	149	163	37	51	1692	0.1625
\TheName{}-3.0	147	163	37	53	1730	0.18
SVM	174	158	42	26	1	0.0075
LR	0	200	0	200	0	0.005
Ye-LDA	147	172	28	53	126	0.005
DTree-10	96	157	43	104	12	0.0025
DTree-20	124	148	52	76	15	0.005
RFC-50	185	86	114	15	4	0.005
RFC-100	99	175	25	101	7	0.01
NLSVM-0.1	1	200	0	199	2	0.035
NLSVM-1.0	196	70	130	4	2	0.035
NLSVM-10	105	180	20	95	1	0.05
LDA	150	156	44	50	319	0.215
SDA-0.5	147	171	29	53	1712	0.1725
SDA-1.0	147	171	29	53	1598	0.1625
SDA-1.5	147	171	29	53	1584	0.1625
SDA-2.0	147	170	30	53	1681	0.1725
SDA-2.5	145	170	30	55	1675	0.1625
SDA-3.0	145	170	30	55	1676	0.1775
\TheName{}-0.5	176	172	28	24	1726	0.1625
\TheName{}-1.0	154	171	29	46	1723	0.175
\TheName{}-1.5	152	171	29	48	1685	0.1625
\TheName{}-2.0	151	171	29	49	1807	0.17
\TheName{}-2.5	151	171	29	49	1984	0.19
\TheName{}-3.0	151	171	29	49	1802	0.175
SVM	177	157	43	23	2	0.005
LR	0	200	0	200	0	0.005
Ye-LDA	133	171	29	67	125	0.0025
DTree-10	106	167	33	94	3	0.005
DTree-20	115	166	34	85	34	0.005
RFC-50	89	176	24	111	8	0.0075
RFC-100	83	179	21	117	8	0.0075
NLSVM-0.1	200	24	176	0	2	0.035
NLSVM-1.0	197	60	140	3	1	0.0275
NLSVM-10	106	187	13	94	1	0.0275
LDA	128	119	81	72	286	0.1825
SDA-0.5	160	156	44	40	1526	0.1625
SDA-1.0	159	156	44	41	1615	0.1775
SDA-1.5	155	156	44	45	1578	0.1625
SDA-2.0	155	156	44	45	1554	0.1625
SDA-2.5	155	156	44	45	1562	0.1625
SDA-3.0	155	156	44	45	1598	0.1675
\TheName{}-0.5	162	154	46	38	1704	0.1775
\TheName{}-1.0	159	158	42	41	1706	0.1625
\TheName{}-1.5	159	157	43	41	1857	0.17
\TheName{}-2.0	158	157	43	42	1729	0.165
\TheName{}-2.5	158	157	43	42	1690	0.1775
\TheName{}-3.0	159	157	43	41	1698	0.1625
SVM	151	139	61	49	3	0.005
LR	0	200	0	200	0	0.005
Ye-LDA	137	166	34	63	125	0.0025
DTree-10	76	175	25	124	2	0.005
DTree-20	96	163	37	104	4	0.005
RFC-50	57	179	21	143	3	0.005
RFC-100	63	178	22	137	16	0.01
NLSVM-0.1	0	200	0	200	2	0.035
NLSVM-1.0	198	32	168	2	1	0.03
NLSVM-10	199	0	200	1	1	0.025
LDA	155	120	80	45	345	0.2625
SDA-0.5	149	181	19	51	1580	0.17
SDA-1.0	147	181	19	53	1614	0.1625
SDA-1.5	145	181	19	55	1623	0.1775
SDA-2.0	144	182	18	56	1614	0.165
SDA-2.5	141	182	18	59	1552	0.1625
SDA-3.0	141	182	18	59	1712	0.1725
\TheName{}-0.5	163	154	46	37	1704	0.165
\TheName{}-1.0	165	176	24	35	1685	0.1725
\TheName{}-1.5	154	178	22	46	1762	0.1675
\TheName{}-2.0	149	182	18	51	1735	0.1725
\TheName{}-2.5	150	182	18	50	1663	0.165
\TheName{}-3.0	147	182	18	53	1772	0.175
SVM	159	145	55	41	2	0.005
LR	0	200	0	200	0	0.005
Ye-LDA	134	175	25	66	126	0.005
DTree-10	87	177	23	113	2	0.005
DTree-20	103	170	30	97	3	0.005
RFC-50	68	195	5	132	7	0.005
RFC-100	57	196	4	143	7	0.01
NLSVM-0.1	140	118	82	60	1	0.0475
NLSVM-1.0	59	160	40	141	1	0.0275
NLSVM-10	0	200	0	200	2	0.025
LDA	137	154	46	63	393	0.2675
SDA-0.5	106	180	20	94	1717	0.165
SDA-1.0	105	180	20	95	1702	0.17
SDA-1.5	105	180	20	95	1642	0.25
SDA-2.0	105	180	20	95	1734	0.175
SDA-2.5	105	180	20	95	1724	0.1675
SDA-3.0	105	180	20	95	1662	0.175
\TheName{}-0.5	160	119	81	40	1757	0.165
\TheName{}-1.0	126	186	14	74	1721	0.17
\TheName{}-1.5	113	182	18	87	1727	0.165
\TheName{}-2.0	110	181	19	90	1852	0.1775
\TheName{}-2.5	109	180	20	91	1695	0.165
\TheName{}-3.0	108	180	20	92	1760	0.1725
SVM	154	167	33	46	2	0.005
LR	200	0	200	0	0	0.005
Ye-LDA	127	184	16	73	125	0.005
DTree-10	75	171	29	125	3	0.0025
DTree-20	107	160	40	93	14	0.0025
RFC-50	66	182	18	134	8	0.005
RFC-100	67	187	13	133	17	0.025
NLSVM-0.1	200	11	189	0	1	0.055
NLSVM-1.0	175	57	143	25	1	0.035
NLSVM-10	200	20	180	0	2	0.0325
LDA	147	152	48	53	369	0.3825
SDA-0.5	114	177	23	86	1636	0.17
SDA-1.0	112	176	24	88	1689	0.1725
SDA-1.5	112	175	25	88	1597	0.17
SDA-2.0	112	175	25	88	1662	0.17
SDA-2.5	111	175	25	89	1598	0.17
SDA-3.0	111	175	25	89	1587	0.165
\TheName{}-0.5	134	149	51	66	1668	0.18
\TheName{}-1.0	128	184	16	72	1784	0.18
\TheName{}-1.5	128	179	21	72	1645	0.165
\TheName{}-2.0	124	179	21	76	1696	0.175
\TheName{}-2.5	117	179	21	83	1626	0.1625
\TheName{}-3.0	115	179	21	85	1748	0.175
SVM	149	165	35	51	1	0.0075
LR	0	200	0	200	0	0.005
Ye-LDA	112	179	21	88	136	0.005
DTree-10	83	178	22	117	12	0.005
DTree-20	107	171	29	93	13	0.005
RFC-50	108	179	21	92	4	0.0075
RFC-100	75	187	13	125	8	0.0125
NLSVM-0.1	3	200	0	197	1	0.0375
NLSVM-1.0	9	200	0	191	1	0.03
NLSVM-10	184	124	76	16	1	0.0275
LDA	145	146	54	55	296	0.3175
SDA-0.5	108	183	17	92	1625	0.165
SDA-1.0	107	182	18	93	1622	0.1725
SDA-1.5	107	182	18	93	1561	0.165
SDA-2.0	107	182	18	93	1682	0.1625
SDA-2.5	107	182	18	93	1664	0.1725
SDA-3.0	107	182	18	93	1705	0.1625
\TheName{}-0.5	149	96	104	51	1710	0.17
\TheName{}-1.0	142	185	15	58	1852	0.21
\TheName{}-1.5	118	183	17	82	1842	0.1675
\TheName{}-2.0	116	183	17	84	1744	0.1775
\TheName{}-2.5	113	184	16	87	1800	0.165
\TheName{}-3.0	113	184	16	87	1692	0.1775
SVM	183	147	53	17	2	0.0125
LR	200	0	200	0	1	0.005
Ye-LDA	124	183	17	76	134	0.02
DTree-10	86	180	20	114	2	0.0025
DTree-20	112	165	35	88	5	0.0025
RFC-50	55	188	12	145	4	0.1
RFC-100	63	184	16	137	9	0.01
NLSVM-0.1	2	200	0	198	1	0.045
NLSVM-1.0	37	175	25	163	1	0.03
NLSVM-10	43	198	2	157	2	0.025
LDA	137	140	60	63	305	0.265
SDA-0.5	127	172	28	73	1579	0.1625
SDA-1.0	126	172	28	74	1530	0.175
SDA-1.5	126	171	29	74	1539	0.1625
SDA-2.0	126	171	29	74	1602	0.165
SDA-2.5	126	171	29	74	1575	0.17
SDA-3.0	126	171	29	74	1599	0.1625
\TheName{}-0.5	163	170	30	37	1604	0.17
\TheName{}-1.0	137	173	27	63	1686	0.1625
\TheName{}-1.5	131	173	27	69	1544	0.1625
\TheName{}-2.0	130	174	26	70	1723	0.17
\TheName{}-2.5	127	173	27	73	1666	0.1625
\TheName{}-3.0	127	173	27	73	1654	0.17
SVM	150	160	40	50	2	0.005
LR	200	0	200	0	1	0.0025
Ye-LDA	146	173	27	54	120	0.005
DTree-10	90	144	56	110	2	0.0025
DTree-20	107	134	66	93	3	0.005
RFC-50	48	190	10	152	4	0.0075
RFC-100	54	179	21	146	17	0.01
NLSVM-0.1	0	200	0	200	2	0.035
NLSVM-1.0	189	55	145	11	2	0.0275
NLSVM-10	200	6	194	0	1	0.025
LDA	136	133	67	64	370	0.255
SDA-0.5	157	153	47	43	1648	0.165
SDA-1.0	156	154	46	44	1621	0.1875
SDA-1.5	154	154	46	46	1632	0.1625
SDA-2.0	155	154	46	45	1700	0.1625
SDA-2.5	156	154	46	44	1633	0.1725
SDA-3.0	156	154	46	44	1646	0.165
\TheName{}-0.5	143	170	30	57	1692	0.1775
\TheName{}-1.0	153	160	40	47	1626	0.1625
\TheName{}-1.5	154	157	43	46	1737	0.1675
\TheName{}-2.0	154	157	43	46	1788	0.1675
\TheName{}-2.5	154	156	44	46	1714	0.165
\TheName{}-3.0	155	156	44	45	1818	0.1975
SVM	159	160	40	41	2	0.005
LR	0	200	0	200	1	0.0025
Ye-LDA	139	158	42	61	125	0.005
DTree-10	65	182	18	135	2	0.005
DTree-20	104	162	38	96	4	0.005
RFC-50	82	182	18	118	4	0.005
RFC-100	58	191	9	142	16	0.0075
NLSVM-0.1	0	200	0	200	2	0.045
NLSVM-1.0	180	70	130	20	1	0.03
NLSVM-10	200	0	200	0	1	0.0275
LDA	132	152	48	68	310	0.27
SDA-0.5	124	171	29	76	1583	0.1675
SDA-1.0	122	171	29	78	1668	0.17
SDA-1.5	122	171	29	78	1613	0.165
SDA-2.0	120	171	29	80	1667	0.1725
SDA-2.5	120	171	29	80	1659	0.165
SDA-3.0	120	171	29	80	1639	0.165
\TheName{}-0.5	168	146	54	32	1763	0.17
\TheName{}-1.0	139	175	25	61	1717	0.175
\TheName{}-1.5	134	176	24	66	1743	0.1725
\TheName{}-2.0	132	175	25	68	1801	0.1725
\TheName{}-2.5	128	173	27	72	1806	0.175
\TheName{}-3.0	126	173	27	74	1734	0.165
SVM	150	160	40	50	2	0.0075
LR	200	0	200	0	0	0.005
Ye-LDA	165	163	37	35	118	0.0025
DTree-10	92	165	35	108	3	0.0025
DTree-20	109	152	48	91	4	0.005
RFC-50	56	186	14	144	3	0.015
RFC-100	68	182	18	132	17	0.0275
NLSVM-0.1	1	200	0	199	1	0.0425
NLSVM-1.0	148	112	88	52	1	0.03
NLSVM-10	2	198	2	198	1	0.0275
LDA	139	135	65	61	295	0.2225
SDA-0.5	143	174	26	57	1645	0.1725
SDA-1.0	141	174	26	59	1593	0.1675
SDA-1.5	141	174	26	59	1605	0.1925
SDA-2.0	141	174	26	59	1583	0.165
SDA-2.5	141	174	26	59	1579	0.165
SDA-3.0	141	174	26	59	1789	0.1825
\TheName{}-0.5	172	116	84	28	1641	0.165
\TheName{}-1.0	171	170	30	29	1659	0.165
\TheName{}-1.5	156	172	28	44	1784	0.1775
\TheName{}-2.0	154	171	29	46	1730	0.17
\TheName{}-2.5	150	174	26	50	1769	0.1875
\TheName{}-3.0	146	174	26	54	1614	0.165
SVM	170	139	61	30	3	0.005
LR	0	200	0	200	0	0.005
Ye-LDA	127	183	17	73	126	0.0025
DTree-10	87	176	24	113	2	0.005
DTree-20	123	151	49	77	4	0.005
RFC-50	59	192	8	141	3	0.005
RFC-100	53	191	9	147	15	0.01
NLSVM-0.1	200	15	185	0	1	0.0375
NLSVM-1.0	179	100	100	21	1	0.0275
NLSVM-10	0	200	0	200	1	0.0275
LDA	136	146	54	64	349	0.2725
SDA-0.5	159	179	21	41	1593	0.1725
SDA-1.0	157	178	22	43	1631	0.16
SDA-1.5	157	178	22	43	1610	0.1675
SDA-2.0	157	177	23	43	1567	0.175
SDA-2.5	157	176	24	43	1644	0.1625
SDA-3.0	157	176	24	43	1624	0.17
\TheName{}-0.5	161	177	23	39	1667	0.1625
\TheName{}-1.0	159	179	21	41	1896	0.165
\TheName{}-1.5	158	177	23	42	1799	0.1825
\TheName{}-2.0	158	177	23	42	1665	0.165
\TheName{}-2.5	158	177	23	42	1641	0.1725
\TheName{}-3.0	158	176	24	42	1798	0.1675
SVM	147	161	39	53	2	0.0075
LR	0	200	0	200	0	0.005
Ye-LDA	136	171	29	64	130	0.005
DTree-10	97	163	37	103	13	0.005
DTree-20	123	146	54	77	12	0.005
RFC-50	57	189	11	143	4	0.005
RFC-100	49	190	10	151	6	0.0075
NLSVM-0.1	0	200	0	200	2	0.035
NLSVM-1.0	13	196	4	187	1	0.0275
NLSVM-10	200	0	200	0	2	0.025
LDA	120	175	25	80	366	0.26
SDA-0.5	145	167	33	55	1814	0.175
SDA-1.0	145	166	34	55	1841	0.165
SDA-1.5	145	166	34	55	1594	0.165
SDA-2.0	145	166	34	55	1735	0.165
SDA-2.5	145	166	34	55	1534	0.1625
SDA-3.0	145	166	34	55	1609	0.1725
\TheName{}-0.5	168	153	47	32	1769	0.1625
\TheName{}-1.0	161	170	30	39	1732	0.17
\TheName{}-1.5	151	168	32	49	1796	0.165
\TheName{}-2.0	149	167	33	51	1676	0.1725
\TheName{}-2.5	146	167	33	54	1728	0.165
\TheName{}-3.0	145	167	33	55	1670	0.165
SVM	151	170	30	49	3	0.005
LR	0	200	0	200	0	0.005
Ye-LDA	130	168	32	70	131	0.0075
DTree-10	57	188	12	143	2	0.005
DTree-20	88	174	26	112	4	0.0025
RFC-50	74	184	16	126	8	0.005
RFC-100	65	178	22	135	6	0.01
NLSVM-0.1	0	200	0	200	1	0.0475
NLSVM-1.0	175	64	136	25	1	0.0275
NLSVM-10	200	14	186	0	1	0.0275
LDA	154	160	40	46	319	0.295
SDA-0.5	136	176	24	64	1684	0.1675
SDA-1.0	135	177	23	65	1671	0.1625
SDA-1.5	134	177	23	66	1565	0.1725
SDA-2.0	133	177	23	67	1560	0.1675
SDA-2.5	133	177	23	67	1570	0.1675
SDA-3.0	133	177	23	67	1547	0.18
\TheName{}-0.5	165	179	21	35	1695	0.16
\TheName{}-1.0	140	177	23	60	1592	0.1775
\TheName{}-1.5	137	176	24	63	1628	0.175
\TheName{}-2.0	135	176	24	65	1651	0.16
\TheName{}-2.5	134	176	24	66	1659	0.1625
\TheName{}-3.0	134	177	23	66	1558	0.1725
SVM	152	175	25	48	2	0.005
LR	200	0	200	0	1	0.005
Ye-LDA	144	177	23	56	120	0.005
DTree-10	89	153	47	111	2	0.0025
DTree-20	111	140	60	89	15	0.005
RFC-50	60	184	16	140	4	0.005
RFC-100	43	196	4	157	16	0.0075
NLSVM-0.1	200	8	192	0	2	0.035
NLSVM-1.0	186	49	151	14	1	0.0275
NLSVM-10	3	200	0	197	1	0.0275
LDA	132	119	81	68	318	0.2525
SDA-0.5	136	164	36	64	1584	0.1625
SDA-1.0	136	164	36	64	1538	0.18
SDA-1.5	135	161	39	65	1523	0.1625
SDA-2.0	135	160	40	65	1558	0.1625
SDA-2.5	135	160	40	65	1587	0.1725
SDA-3.0	135	160	40	65	1651	0.1625
\TheName{}-0.5	149	172	28	51	1625	0.165
\TheName{}-1.0	139	166	34	61	1749	0.175
\TheName{}-1.5	136	165	35	64	1694	0.17
\TheName{}-2.0	135	162	38	65	1975	0.23
\TheName{}-2.5	136	163	37	64	1664	0.175
\TheName{}-3.0	135	163	37	65	1808	0.1675
SVM	147	147	53	53	2	0.005
LR	200	0	200	0	0	0.005
Ye-LDA	155	160	40	45	126	0.01
DTree-10	111	154	46	89	2	0.015
DTree-20	121	144	56	79	4	0.0075
RFC-50	108	170	30	92	4	0.0075
RFC-100	161	126	74	39	8	0.0125
NLSVM-0.1	77	167	33	123	1	0.055
NLSVM-1.0	186	45	155	14	1	0.04
NLSVM-10	200	0	200	0	2	0.03
LDA	105	152	48	95	310	0.2575
SDA-0.5	167	157	43	33	1783	0.1675
SDA-1.0	167	157	43	33	1569	0.1625
SDA-1.5	167	157	43	33	1630	0.185
SDA-2.0	167	156	44	33	1606	0.1625
SDA-2.5	167	156	44	33	1591	0.175
SDA-3.0	167	156	44	33	1746	0.165
\TheName{}-0.5	141	168	32	59	1808	0.165
\TheName{}-1.0	156	162	38	44	1665	0.175
\TheName{}-1.5	158	160	40	42	1647	0.1625
\TheName{}-2.0	160	159	41	40	1750	0.1725
\TheName{}-2.5	160	159	41	40	1774	0.165
\TheName{}-3.0	160	159	41	40	1743	0.175
SVM	139	159	41	61	3	0.005
LR	0	200	0	200	0	0.005
Ye-LDA	128	158	42	72	126	0.0025
DTree-10	98	161	39	102	2	0.005
DTree-20	117	150	50	83	3	0.005
RFC-50	46	183	17	154	6	0.005
RFC-100	42	182	18	158	6	0.01
NLSVM-0.1	200	8	192	0	1	0.0375
NLSVM-1.0	161	58	142	39	1	0.03
NLSVM-10	200	9	191	0	1	0.0275
LDA	145	122	78	55	351	0.245
SDA-0.5	104	180	20	96	1704	0.16
SDA-1.0	104	182	18	96	1692	0.17
SDA-1.5	104	184	16	96	1568	0.1625
SDA-2.0	104	184	16	96	1601	0.17
SDA-2.5	103	184	16	97	1704	0.1725
SDA-3.0	103	184	16	97	1602	0.16
\TheName{}-0.5	136	55	145	64	1770	0.1775
\TheName{}-1.0	160	174	26	40	1708	0.165
\TheName{}-1.5	135	183	17	65	1661	0.1675
\TheName{}-2.0	122	181	19	78	1685	0.175
\TheName{}-2.5	117	181	19	83	1721	0.175
\TheName{}-3.0	111	181	19	89	1663	0.175
SVM	152	166	34	48	2	0.005
LR	200	0	200	0	0	0.005
Ye-LDA	154	181	19	46	122	0.0025
DTree-10	79	170	30	121	2	0.005
DTree-20	91	166	34	109	3	0.005
RFC-50	52	189	11	148	3	0.005
RFC-100	53	188	12	147	7	0.0075
NLSVM-0.1	84	168	32	116	2	0.035
NLSVM-1.0	188	50	150	12	1	0.03
NLSVM-10	200	5	195	0	1	0.0275
LDA	111	143	57	89	342	0.2625
SDA-0.5	146	173	27	54	1707	0.1625
SDA-1.0	145	173	27	55	1559	0.165
SDA-1.5	145	173	27	55	1675	0.1675
SDA-2.0	144	173	27	56	1510	0.1625
SDA-2.5	143	173	27	57	1545	0.1625
SDA-3.0	143	173	27	57	1610	0.1725
\TheName{}-0.5	138	177	23	62	1660	0.165
\TheName{}-1.0	144	173	27	56	1683	0.2075
\TheName{}-1.5	145	173	27	55	1758	0.165
\TheName{}-2.0	145	173	27	55	1810	0.1725
\TheName{}-2.5	145	173	27	55	1571	0.1725
\TheName{}-3.0	145	173	27	55	1669	0.1625
SVM	129	161	39	71	2	0.005
LR	0	200	0	200	0	0.005
Ye-LDA	106	183	17	94	139	0.0125
DTree-10	92	176	24	108	25	0.0025
DTree-20	112	152	48	88	4	0.005
RFC-50	58	184	16	142	5	0.005
RFC-100	58	187	13	142	21	0.0075
NLSVM-0.1	200	3	197	0	2	0.0425
NLSVM-1.0	26	189	11	174	1	0.0375
NLSVM-10	181	106	94	19	1	0.0275
LDA	106	148	52	94	350	0.385
SDA-0.5	116	173	27	84	1702	0.17
SDA-1.0	114	171	29	86	1750	0.1675
SDA-1.5	116	170	30	84	1565	0.1625
SDA-2.0	115	171	29	85	1589	0.1725
SDA-2.5	114	171	29	86	1502	0.165
SDA-3.0	114	171	29	86	1603	0.165
\TheName{}-0.5	135	175	25	65	1688	0.1775
\TheName{}-1.0	124	174	26	76	1677	0.1625
\TheName{}-1.5	118	173	27	82	1729	0.165
\TheName{}-2.0	116	173	27	84	1657	0.17
\TheName{}-2.5	116	172	28	84	1689	0.17
\TheName{}-3.0	113	171	29	87	1611	0.17
SVM	140	167	33	60	3	0.005
LR	0	200	0	200	0	0.005
Ye-LDA	107	165	35	93	121	0.0025
DTree-10	118	141	59	82	2	0.005
DTree-20	132	129	71	68	3	0.0
RFC-50	63	184	16	137	4	0.005
RFC-100	56	186	14	144	7	0.0075
NLSVM-0.1	199	16	184	1	2	0.04
NLSVM-1.0	161	60	140	39	1	0.0325
NLSVM-10	199	47	153	1	1	0.0275
LDA	143	154	46	57	343	0.2125
SDA-0.5	136	191	9	64	1659	0.1625
SDA-1.0	136	191	9	64	1647	0.165
SDA-1.5	136	191	9	64	1670	0.175
SDA-2.0	136	191	9	64	1596	0.165
SDA-2.5	136	191	9	64	1584	0.1725
SDA-3.0	136	191	9	64	1639	0.1625
\TheName{}-0.5	150	179	21	50	1772	0.1625
\TheName{}-1.0	143	188	12	57	1756	0.17
\TheName{}-1.5	140	189	11	60	1713	0.1625
\TheName{}-2.0	140	190	10	60	1620	0.17
\TheName{}-2.5	140	190	10	60	1755	0.165
\TheName{}-3.0	140	190	10	60	1624	0.165
SVM	145	180	20	55	2	0.005
LR	0	200	0	200	0	0.005
Ye-LDA	124	180	20	76	137	0.0025
DTree-10	91	177	23	109	2	0.005
DTree-20	111	160	40	89	4	0.0025
RFC-50	110	159	41	90	5	0.005
RFC-100	93	175	25	107	18	0.01
NLSVM-0.1	199	17	183	1	2	0.0475
NLSVM-1.0	178	62	138	22	2	0.0275
NLSVM-10	198	51	149	2	1	0.0475
LDA	134	136	64	66	362	0.2125
SDA-0.5	129	178	22	71	1558	0.165
SDA-1.0	127	177	23	73	1595	0.1775
SDA-1.5	127	177	23	73	1576	0.1725
SDA-2.0	127	176	24	73	1552	0.165
SDA-2.5	127	176	24	73	1606	0.1625
SDA-3.0	127	176	24	73	1448	0.1625
\TheName{}-0.5	133	106	94	67	1710	0.1625
\TheName{}-1.0	162	158	42	38	1682	0.1625
\TheName{}-1.5	155	177	23	45	1712	0.19
\TheName{}-2.0	146	178	22	54	1674	0.165
\TheName{}-2.5	142	177	23	58	1651	0.1625
\TheName{}-3.0	139	178	22	61	1670	0.1775
SVM	150	144	56	50	3	0.005
LR	200	0	200	0	1	0.0025
Ye-LDA	156	141	59	44	122	0.0025
DTree-10	96	164	36	104	3	0.0025
DTree-20	114	144	56	86	4	0.005
RFC-50	52	184	16	148	7	0.005
RFC-100	48	192	8	152	6	0.005
NLSVM-0.1	95	129	71	105	2	0.04
NLSVM-1.0	45	168	32	155	2	0.05
NLSVM-10	200	0	200	0	2	0.025
LDA	146	146	54	54	304	0.2275
SDA-0.5	159	175	25	41	1692	0.1625
SDA-1.0	159	174	26	41	1791	0.1725
SDA-1.5	159	174	26	41	1812	0.2225
SDA-2.0	158	174	26	42	1631	0.19
SDA-2.5	158	174	26	42	1671	0.175
SDA-3.0	157	174	26	43	1696	0.1625
\TheName{}-0.5	188	158	42	12	1725	0.165
\TheName{}-1.0	174	170	30	26	1805	0.1625
\TheName{}-1.5	168	169	31	32	1592	0.1625
\TheName{}-2.0	166	169	31	34	1762	0.19
\TheName{}-2.5	164	175	25	36	1734	0.1625
\TheName{}-3.0	162	175	25	38	1699	0.17
SVM	168	145	55	32	2	0.005
LR	0	200	0	200	0	0.005
Ye-LDA	148	178	22	52	132	0.0075
DTree-10	97	168	32	103	3	0.005
DTree-20	120	131	69	80	5	0.005
RFC-50	37	188	12	163	9	0.005
RFC-100	47	187	13	153	7	0.0225
NLSVM-0.1	200	17	183	0	1	0.0675
NLSVM-1.0	170	50	150	30	2	0.0425
NLSVM-10	126	189	11	74	1	0.035
