LDA	119	170	30	81	357	0.285
SDA-0.5	112	178	22	88	1638	0.17
SDA-1.0	111	177	23	89	1639	0.165
SDA-1.5	111	177	23	89	1599	0.19
SDA-2.0	111	177	23	89	1594	0.1625
SDA-2.5	110	177	23	90	1602	0.1875
SDA-3.0	110	177	23	90	1614	0.165
\TheName{}-0.5	163	84	116	37	1677	0.1725
\TheName{}-1.0	162	175	25	38	1793	0.1625
\TheName{}-1.5	135	179	21	65	1748	0.1725
\TheName{}-2.0	127	180	20	73	1676	0.165
\TheName{}-2.5	122	179	21	78	1736	0.205
\TheName{}-3.0	116	179	21	84	1712	0.17
SVM	144	169	31	56	4	0.005
LR	0	200	0	200	0	0.005
Ye-LDA	135	179	21	65	127	0.005
DTree-10	66	187	13	134	2	0.005
DTree-20	88	160	40	112	4	0.005
RFC-50	88	188	12	112	20	0.01
RFC-100	91	188	12	109	41	0.0225
NLSVM-0.1	199	20	180	1	2	0.045
NLSVM-1.0	178	54	146	22	2	0.035
NLSVM-10	41	199	1	159	2	0.0325
LDA	146	146	54	54	388	0.23
SDA-0.5	132	177	23	68	1650	0.175
SDA-1.0	131	175	25	69	1683	0.165
SDA-1.5	129	175	25	71	1560	0.1725
SDA-2.0	128	175	25	72	1629	0.1625
SDA-2.5	128	175	25	72	1697	0.175
SDA-3.0	128	175	25	72	1664	0.165
\TheName{}-0.5	142	183	17	58	1711	0.1675
\TheName{}-1.0	135	179	21	65	1769	0.165
\TheName{}-1.5	132	177	23	68	1759	0.18
\TheName{}-2.0	132	177	23	68	1839	0.1675
\TheName{}-2.5	131	177	23	69	1739	0.175
\TheName{}-3.0	130	176	24	70	1666	0.1625
SVM	152	176	24	48	4	0.005
LR	0	200	0	200	0	0.005
Ye-LDA	126	175	25	74	141	0.005
DTree-10	87	171	29	113	3	0.005
DTree-20	109	164	36	91	4	0.005
RFC-50	105	175	25	95	19	0.01
RFC-100	106	172	28	94	49	0.0225
NLSVM-0.1	200	13	187	0	2	0.11
NLSVM-1.0	158	116	84	42	2	0.0375
NLSVM-10	200	0	200	0	2	0.0425
LDA	128	148	52	72	369	0.2675
SDA-0.5	125	186	14	75	1785	0.18
SDA-1.0	123	183	17	77	1630	0.1775
SDA-1.5	123	183	17	77	1636	0.1725
SDA-2.0	122	183	17	78	1612	0.1675
SDA-2.5	122	183	17	78	1611	0.1625
SDA-3.0	122	183	17	78	1557	0.1725
\TheName{}-0.5	186	132	68	14	1745	0.1625
\TheName{}-1.0	159	179	21	41	1629	0.1725
\TheName{}-1.5	138	180	20	62	1738	0.175
\TheName{}-2.0	127	180	20	73	1652	0.17
\TheName{}-2.5	126	181	19	74	1739	0.17
\TheName{}-3.0	126	182	18	74	1805	0.18
SVM	154	172	28	46	3	0.0075
LR	0	200	0	200	0	0.005
Ye-LDA	154	179	21	46	131	0.005
DTree-10	76	181	19	124	3	0.005
DTree-20	111	167	33	89	4	0.005
RFC-50	77	194	6	123	7	0.01
RFC-100	86	189	11	114	44	0.0275
NLSVM-0.1	2	200	0	198	3	0.045
NLSVM-1.0	176	78	122	24	2	0.035
NLSVM-10	200	4	196	0	2	0.035
LDA	133	144	56	67	384	0.245
SDA-0.5	111	176	24	89	1618	0.1625
SDA-1.0	111	176	24	89	1616	0.175
SDA-1.5	110	176	24	90	1606	0.1625
SDA-2.0	110	176	24	90	1611	0.1625
SDA-2.5	110	176	24	90	1641	0.1625
SDA-3.0	110	176	24	90	1670	0.1625
\TheName{}-0.5	154	116	84	46	1857	0.1725
\TheName{}-1.0	146	181	19	54	1657	0.1625
\TheName{}-1.5	131	180	20	69	1790	0.175
\TheName{}-2.0	122	178	22	78	1736	0.1675
\TheName{}-2.5	120	178	22	80	1789	0.1975
\TheName{}-3.0	116	178	22	84	1819	0.165
SVM	155	161	39	45	3	0.005
LR	0	200	0	200	1	0.005
Ye-LDA	109	168	32	91	129	0.0075
DTree-10	77	169	31	123	3	0.0025
DTree-20	101	160	40	99	4	0.005
RFC-50	80	182	18	120	19	0.0075
RFC-100	86	176	24	114	38	0.0175
NLSVM-0.1	199	15	185	1	3	0.05
NLSVM-1.0	194	41	159	6	2	0.035
NLSVM-10	200	1	199	0	2	0.035
LDA	115	129	71	85	383	0.2075
SDA-0.5	133	168	32	67	1690	0.1625
SDA-1.0	131	167	33	69	1698	0.2675
SDA-1.5	129	167	33	71	1638	0.165
SDA-2.0	129	167	33	71	1734	0.1625
SDA-2.5	129	168	32	71	1670	0.1725
SDA-3.0	129	168	32	71	1558	0.165
\TheName{}-0.5	139	114	86	61	1849	0.1775
\TheName{}-1.0	151	167	33	49	1791	0.165
\TheName{}-1.5	141	170	30	59	1789	0.1825
\TheName{}-2.0	139	168	32	61	1710	0.1625
\TheName{}-2.5	136	169	31	64	1809	0.18
\TheName{}-3.0	136	167	33	64	1703	0.1625
SVM	156	152	48	44	3	0.0075
LR	0	200	0	200	0	0.005
Ye-LDA	121	172	28	79	131	0.0025
DTree-10	101	140	60	99	2	0.005
DTree-20	128	136	64	72	4	0.005
RFC-50	112	167	33	88	18	0.01
RFC-100	107	164	36	93	37	0.02
NLSVM-0.1	3	200	0	197	2	0.0425
NLSVM-1.0	182	59	141	18	1	0.035
NLSVM-10	200	10	190	0	2	0.0325
LDA	150	159	41	50	369	0.25
SDA-0.5	148	181	19	52	1640	0.1625
SDA-1.0	146	181	19	54	1664	0.1725
SDA-1.5	146	181	19	54	1580	0.165
SDA-2.0	144	180	20	56	1593	0.1625
SDA-2.5	144	180	20	56	1606	0.1725
SDA-3.0	142	180	20	58	1615	0.175
\TheName{}-0.5	173	145	55	27	1810	0.18
\TheName{}-1.0	167	176	24	33	1789	0.165
\TheName{}-1.5	158	180	20	42	1817	0.2125
\TheName{}-2.0	156	180	20	44	1887	0.1625
\TheName{}-2.5	157	180	20	43	1755	0.1825
\TheName{}-3.0	155	180	20	45	1697	0.1625
SVM	169	175	25	31	4	0.005
LR	0	200	0	200	0	0.005
Ye-LDA	134	173	27	66	202	0.065
DTree-10	63	181	19	137	15	0.005
DTree-20	101	174	26	99	4	0.0025
RFC-50	100	186	14	100	22	0.0125
RFC-100	90	187	13	110	49	0.0325
NLSVM-0.1	200	15	185	0	5	0.05
NLSVM-1.0	182	73	127	18	10	0.045
NLSVM-10	1	200	0	199	2	0.035
LDA	142	161	39	58	442	0.255
SDA-0.5	151	184	16	49	1689	0.1675
SDA-1.0	151	184	16	49	1697	0.1675
SDA-1.5	151	183	17	49	1692	0.18
SDA-2.0	151	183	17	49	1677	0.1625
SDA-2.5	151	183	17	49	1595	0.1775
SDA-3.0	151	183	17	49	1684	0.165
\TheName{}-0.5	169	181	19	31	1869	0.175
\TheName{}-1.0	156	185	15	44	1651	0.1675
\TheName{}-1.5	154	185	15	46	1778	0.1875
\TheName{}-2.0	153	184	16	47	1717	0.17
\TheName{}-2.5	152	184	16	48	1753	0.1975
\TheName{}-3.0	152	184	16	48	1806	0.165
SVM	166	174	26	34	4	0.005
LR	0	200	0	200	0	0.005
Ye-LDA	131	186	14	69	167	0.0025
DTree-10	79	175	25	121	2	0.005
DTree-20	135	139	61	65	3	0.005
RFC-50	120	177	23	80	20	0.0075
RFC-100	115	176	24	85	47	0.0325
NLSVM-0.1	199	27	173	1	3	0.08
NLSVM-1.0	175	106	94	25	2	0.0425
NLSVM-10	200	42	158	0	2	0.0575
LDA	151	146	54	49	541	0.25
SDA-0.5	187	147	53	13	1706	0.1675
SDA-1.0	187	148	52	13	1790	0.1725
SDA-1.5	187	148	52	13	1677	0.17
SDA-2.0	186	147	53	14	1595	0.175
SDA-2.5	186	147	53	14	1840	0.175
SDA-3.0	186	147	53	14	1642	0.165
\TheName{}-0.5	178	157	43	22	1831	0.175
\TheName{}-1.0	183	154	46	17	1751	0.1725
\TheName{}-1.5	183	151	49	17	1693	0.1775
\TheName{}-2.0	182	151	49	18	1786	0.1675
\TheName{}-2.5	182	151	49	18	1709	0.1725
\TheName{}-3.0	182	149	51	18	1788	0.16
SVM	170	155	45	30	3	0.0025
LR	0	200	0	200	1	0.0025
Ye-LDA	171	160	40	29	140	0.0075
DTree-10	90	179	21	110	12	0.005
DTree-20	113	170	30	87	14	0.005
RFC-50	87	184	16	113	21	0.01
RFC-100	96	175	25	104	45	0.0325
NLSVM-0.1	200	19	181	0	3	0.06
NLSVM-1.0	175	68	132	25	2	0.05
NLSVM-10	200	0	200	0	2	0.0575
LDA	145	128	72	55	400	0.2425
SDA-0.5	160	177	23	40	1710	0.1675
SDA-1.0	160	178	22	40	1754	0.175
SDA-1.5	160	178	22	40	1639	0.1625
SDA-2.0	158	178	22	42	1687	0.17
SDA-2.5	157	179	21	43	1666	0.1625
SDA-3.0	156	180	20	44	1706	0.17
\TheName{}-0.5	167	174	26	33	1952	0.1725
\TheName{}-1.0	162	177	23	38	1799	0.1775
\TheName{}-1.5	157	179	21	43	1742	0.1725
\TheName{}-2.0	157	179	21	43	1753	0.1725
\TheName{}-2.5	157	179	21	43	1683	0.17
\TheName{}-3.0	158	179	21	42	1790	0.1725
SVM	174	162	38	26	3	0.0075
LR	0	200	0	200	0	0.005
Ye-LDA	136	182	18	64	131	0.005
DTree-10	81	168	32	119	12	0.005
DTree-20	106	164	36	94	4	0.005
RFC-50	93	180	20	107	6	0.0075
RFC-100	110	169	31	90	38	0.02
NLSVM-0.1	199	29	171	1	3	0.0425
NLSVM-1.0	8	198	2	192	2	0.035
NLSVM-10	0	200	0	200	2	0.0325
LDA	156	155	45	44	356	0.2225
SDA-0.5	175	160	40	25	1562	0.185
SDA-1.0	175	159	41	25	1695	0.1625
SDA-1.5	175	159	41	25	1616	0.165
SDA-2.0	175	159	41	25	1567	0.17
SDA-2.5	175	159	41	25	1704	0.1675
SDA-3.0	175	159	41	25	1715	0.17
\TheName{}-0.5	177	167	33	23	1738	0.16
\TheName{}-1.0	175	161	39	25	1769	0.1775
\TheName{}-1.5	175	161	39	25	1730	0.1625
\TheName{}-2.0	175	161	39	25	1771	0.175
\TheName{}-2.5	175	160	40	25	1736	0.1625
\TheName{}-3.0	175	159	41	25	1706	0.175
SVM	182	163	37	18	3	0.0075
LR	0	200	0	200	0	0.0075
Ye-LDA	163	164	36	37	130	0.005
DTree-10	99	156	44	101	2	0.005
DTree-20	125	142	58	75	4	0.0025
RFC-50	129	174	26	71	21	0.0075
RFC-100	119	169	31	81	56	0.0525
NLSVM-0.1	1	200	0	199	2	0.0775
NLSVM-1.0	35	189	11	165	2	0.035
NLSVM-10	199	2	198	1	2	0.035
LDA	147	145	55	53	359	0.46
SDA-0.5	149	168	32	51	1712	0.1825
SDA-1.0	145	166	34	55	1622	0.1725
SDA-1.5	145	166	34	55	1678	0.1625
SDA-2.0	144	165	35	56	1723	0.1725
SDA-2.5	144	165	35	56	1678	0.1625
SDA-3.0	144	165	35	56	1677	0.1625
\TheName{}-0.5	185	168	32	15	1755	0.175
\TheName{}-1.0	162	167	33	38	1686	0.165
\TheName{}-1.5	155	167	33	45	1738	0.1725
\TheName{}-2.0	153	167	33	47	1769	0.1625
\TheName{}-2.5	152	166	34	48	1712	0.1725
\TheName{}-3.0	149	167	33	51	1816	0.17
SVM	172	160	40	28	3	0.0075
LR	200	0	200	0	0	0.005
Ye-LDA	173	163	37	27	128	0.005
DTree-10	84	174	26	116	2	0.005
DTree-20	120	156	44	80	4	0.005
RFC-50	105	169	31	95	19	0.01
RFC-100	103	178	22	97	39	0.0125
NLSVM-0.1	2	200	0	198	3	0.045
NLSVM-1.0	178	108	92	22	2	0.035
NLSVM-10	19	199	1	181	2	0.0325
LDA	163	132	68	37	360	0.3025
SDA-0.5	140	177	23	60	1802	0.17
SDA-1.0	138	177	23	62	1644	0.165
SDA-1.5	138	177	23	62	1653	0.1775
SDA-2.0	138	177	23	62	1696	0.16
SDA-2.5	138	177	23	62	1629	0.175
SDA-3.0	138	176	24	62	1801	0.17
\TheName{}-0.5	182	170	30	18	1735	0.1625
\TheName{}-1.0	155	173	27	45	1737	0.19
\TheName{}-1.5	151	175	25	49	1785	0.165
\TheName{}-2.0	147	176	24	53	1708	0.1725
\TheName{}-2.5	144	178	22	56	1750	0.165
\TheName{}-3.0	141	178	22	59	1722	0.1725
SVM	169	144	56	31	3	0.0075
LR	200	0	200	0	0	0.005
Ye-LDA	173	141	59	27	130	0.005
DTree-10	93	175	25	107	24	0.005
DTree-20	110	169	31	90	4	0.005
RFC-50	95	182	18	105	8	0.0075
RFC-100	98	183	17	102	43	0.025
NLSVM-0.1	0	200	0	200	2	0.0475
NLSVM-1.0	18	181	19	182	2	0.035
NLSVM-10	200	75	125	0	2	0.03
LDA	158	145	55	42	388	0.2625
SDA-0.5	140	162	38	60	1660	0.165
SDA-1.0	139	161	39	61	1660	0.165
SDA-1.5	138	161	39	62	1665	0.1625
SDA-2.0	138	161	39	62	1667	0.1725
SDA-2.5	138	162	38	62	1812	0.1675
SDA-3.0	137	162	38	63	1694	0.1625
\TheName{}-0.5	130	61	139	70	1733	0.175
\TheName{}-1.0	190	129	71	10	1709	0.1675
\TheName{}-1.5	174	158	42	26	1709	0.175
\TheName{}-2.0	163	158	42	37	1754	0.1625
\TheName{}-2.5	154	160	40	46	1782	0.18
\TheName{}-3.0	149	158	42	51	1811	0.17
SVM	174	150	50	26	4	0.005
LR	0	200	0	200	1	0.0025
Ye-LDA	125	168	32	75	135	0.0025
DTree-10	71	165	35	129	2	0.005
DTree-20	122	155	45	78	4	0.005
RFC-50	98	173	27	102	18	0.0075
RFC-100	100	176	24	100	54	0.03
NLSVM-0.1	200	10	190	0	2	0.055
NLSVM-1.0	178	104	96	22	2	0.04
NLSVM-10	200	12	188	0	2	0.06
LDA	163	133	67	37	392	0.275
SDA-0.5	97	178	22	103	1611	0.1625
SDA-1.0	96	177	23	104	1706	0.165
SDA-1.5	96	177	23	104	1571	0.1725
SDA-2.0	96	177	23	104	1669	0.17
SDA-2.5	96	177	23	104	1704	0.185
SDA-3.0	96	177	23	104	1758	0.1625
\TheName{}-0.5	134	72	128	66	1761	0.1725
\TheName{}-1.0	134	184	16	66	1728	0.1625
\TheName{}-1.5	104	177	23	96	1852	0.175
\TheName{}-2.0	101	177	23	99	1743	0.1625
\TheName{}-2.5	98	177	23	102	1875	0.1825
\TheName{}-3.0	98	176	24	102	1759	0.18
SVM	148	173	27	52	2	0.005
LR	0	200	0	200	1	0.0125
Ye-LDA	112	179	21	88	131	0.0025
DTree-10	73	167	33	127	3	0.0025
DTree-20	104	164	36	96	4	0.0025
RFC-50	89	179	21	111	7	0.0075
RFC-100	93	176	24	107	40	0.02
NLSVM-0.1	200	22	178	0	3	0.0425
NLSVM-1.0	185	43	157	15	2	0.035
NLSVM-10	18	198	2	182	2	0.0325
LDA	156	125	75	44	327	0.26
SDA-0.5	144	163	37	56	1687	0.17
SDA-1.0	144	163	37	56	1669	0.1625
SDA-1.5	145	163	37	55	1556	0.17
SDA-2.0	143	163	37	57	1663	0.165
SDA-2.5	143	163	37	57	1651	0.1625
SDA-3.0	143	163	37	57	1616	0.1725
\TheName{}-0.5	145	114	86	55	1874	0.1625
\TheName{}-1.0	178	148	52	22	1745	0.1725
\TheName{}-1.5	169	159	41	31	1898	0.1675
\TheName{}-2.0	158	160	40	42	1757	0.175
\TheName{}-2.5	153	161	39	47	1806	0.1825
\TheName{}-3.0	151	162	38	49	1838	0.175
SVM	175	131	69	25	3	0.005
LR	0	200	0	200	0	0.005
Ye-LDA	140	160	40	60	129	0.0025
DTree-10	192	94	106	8	3	0.0025
DTree-20	187	132	68	13	4	0.005
RFC-50	104	171	29	96	20	0.01
RFC-100	109	166	34	91	40	0.025
NLSVM-0.1	200	15	185	0	2	0.045
NLSVM-1.0	42	170	30	158	2	0.035
NLSVM-10	47	192	8	153	2	0.035
LDA	158	138	62	42	338	0.2425
SDA-0.5	141	177	23	59	1689	0.16
SDA-1.0	141	177	23	59	1735	0.1725
SDA-1.5	140	179	21	60	1696	0.1625
SDA-2.0	141	178	22	59	1678	0.1625
SDA-2.5	141	178	22	59	1798	0.1725
SDA-3.0	141	178	22	59	1627	0.1975
\TheName{}-0.5	173	173	27	27	1705	0.1725
\TheName{}-1.0	159	176	24	41	1756	0.1625
\TheName{}-1.5	149	175	25	51	1711	0.1725
\TheName{}-2.0	143	177	23	57	1773	0.165
\TheName{}-2.5	141	176	24	59	1690	0.1725
\TheName{}-3.0	141	176	24	59	1809	0.1625
SVM	162	158	42	38	3	0.0075
LR	0	200	0	200	0	0.005
Ye-LDA	161	175	25	39	147	0.015
DTree-10	99	164	36	101	2	0.0025
DTree-20	123	153	47	77	6	0.015
RFC-50	95	180	20	105	24	0.0225
RFC-100	105	179	21	95	38	0.0325
NLSVM-0.1	1	200	0	199	2	0.0475
NLSVM-1.0	194	70	130	6	2	0.04
NLSVM-10	196	82	118	4	2	0.0375
LDA	136	148	52	64	332	0.32
SDA-0.5	137	178	22	63	1639	0.1775
SDA-1.0	137	177	23	63	1684	0.1675
SDA-1.5	136	177	23	64	1659	0.175
SDA-2.0	134	177	23	66	1778	0.1625
SDA-2.5	134	177	23	66	1702	0.165
SDA-3.0	134	177	23	66	1765	0.1775
\TheName{}-0.5	157	107	93	43	1974	0.1675
\TheName{}-1.0	175	172	28	25	1793	0.195
\TheName{}-1.5	156	178	22	44	1907	0.165
\TheName{}-2.0	148	178	22	52	1768	0.1725
\TheName{}-2.5	145	178	22	55	1802	0.165
\TheName{}-3.0	144	178	22	56	1757	0.18
SVM	155	149	51	45	3	0.005
LR	0	200	0	200	0	0.005
Ye-LDA	127	174	26	73	131	0.0025
DTree-10	107	173	27	93	23	0.0025
DTree-20	122	169	31	78	4	0.005
RFC-50	102	189	11	98	18	0.01
RFC-100	111	192	8	89	34	0.02
NLSVM-0.1	199	22	178	1	2	0.045
NLSVM-1.0	198	55	145	2	2	0.0325
NLSVM-10	200	0	200	0	2	0.03
LDA	89	138	62	111	484	0.2225
SDA-0.5	137	178	22	63	1642	0.165
SDA-1.0	135	178	22	65	1716	0.18
SDA-1.5	134	178	22	66	1551	0.1975
SDA-2.0	134	178	22	66	1717	0.1725
SDA-2.5	134	178	22	66	1710	0.1625
SDA-3.0	134	178	22	66	1695	0.165
\TheName{}-0.5	146	95	105	54	1813	0.185
\TheName{}-1.0	177	164	36	23	1752	0.165
\TheName{}-1.5	168	178	22	32	1710	0.18
\TheName{}-2.0	156	181	19	44	1821	0.19
\TheName{}-2.5	149	181	19	51	1765	0.1775
\TheName{}-3.0	145	179	21	55	1792	0.165
SVM	173	138	62	27	3	0.005
LR	0	200	0	200	1	0.0025
Ye-LDA	146	180	20	54	141	0.0025
DTree-10	95	170	30	105	13	0.0025
DTree-20	114	164	36	86	25	0.005
RFC-50	92	185	15	108	22	0.0075
RFC-100	83	186	14	117	41	0.0225
NLSVM-0.1	200	17	183	0	2	0.0575
NLSVM-1.0	200	29	171	0	2	0.0575
NLSVM-10	200	69	131	0	2	0.035
LDA	169	143	57	31	395	0.2475
SDA-0.5	143	176	24	57	1784	0.1625
SDA-1.0	143	175	25	57	1700	0.1725
SDA-1.5	142	175	25	58	1667	0.16
SDA-2.0	142	175	25	58	1739	0.165
SDA-2.5	142	175	25	58	1651	0.17
SDA-3.0	142	175	25	58	1644	0.16
\TheName{}-0.5	150	113	87	50	1821	0.1725
\TheName{}-1.0	170	167	33	30	1772	0.1625
\TheName{}-1.5	160	171	29	40	1831	0.175
\TheName{}-2.0	154	175	25	46	1696	0.1725
\TheName{}-2.5	149	175	25	51	1894	0.18
\TheName{}-3.0	147	174	26	53	1789	0.165
SVM	178	157	43	22	3	0.005
LR	0	200	0	200	0	0.005
Ye-LDA	136	164	36	64	124	0.005
DTree-10	91	155	45	109	2	0.005
DTree-20	117	149	51	83	4	0.005
RFC-50	95	178	22	105	20	0.04
RFC-100	86	180	20	114	40	0.0225
NLSVM-0.1	200	21	179	0	2	0.06
NLSVM-1.0	58	169	31	142	2	0.045
NLSVM-10	3	200	0	197	2	0.0375
LDA	146	144	56	54	382	0.26
SDA-0.5	134	172	28	66	1643	0.17
SDA-1.0	132	172	28	68	1610	0.165
SDA-1.5	131	173	27	69	1722	0.17
SDA-2.0	131	173	27	69	1628	0.175
SDA-2.5	129	173	27	71	1677	0.165
SDA-3.0	129	173	27	71	1658	0.175
\TheName{}-0.5	177	167	33	23	1739	0.1825
\TheName{}-1.0	145	171	29	55	1672	0.1625
\TheName{}-1.5	140	170	30	60	1704	0.1725
\TheName{}-2.0	136	171	29	64	1672	0.165
\TheName{}-2.5	135	171	29	65	1771	0.1775
\TheName{}-3.0	134	171	29	66	1682	0.165
SVM	157	162	38	43	3	0.005
LR	0	200	0	200	1	0.005
Ye-LDA	129	157	43	71	128	0.005
DTree-10	92	168	32	108	2	0.005
DTree-20	133	137	63	67	4	0.005
RFC-50	94	168	32	106	18	0.0075
RFC-100	94	168	32	106	36	0.02
NLSVM-0.1	200	19	181	0	3	0.0425
NLSVM-1.0	11	197	3	189	2	0.035
NLSVM-10	16	199	1	184	2	0.0325
LDA	147	156	44	53	425	0.225
SDA-0.5	150	179	21	50	1624	0.1725
SDA-1.0	150	177	23	50	1740	0.1675
SDA-1.5	150	176	24	50	1618	0.17
SDA-2.0	150	175	25	50	1614	0.1625
SDA-2.5	150	175	25	50	1696	0.1675
SDA-3.0	150	175	25	50	1652	0.1725
\TheName{}-0.5	167	168	32	33	1744	0.1675
\TheName{}-1.0	155	178	22	45	1702	0.1725
\TheName{}-1.5	153	176	24	47	1757	0.1625
\TheName{}-2.0	151	176	24	49	1756	0.175
\TheName{}-2.5	151	176	24	49	1772	0.1625
\TheName{}-3.0	151	176	24	49	1685	0.165
SVM	154	170	30	46	5	0.005
LR	0	200	0	200	1	0.0025
Ye-LDA	130	175	25	70	132	0.005
DTree-10	80	179	21	120	2	0.005
DTree-20	123	154	46	77	4	0.005
RFC-50	113	181	19	87	19	0.01
RFC-100	114	179	21	86	39	0.02
NLSVM-0.1	2	200	0	198	2	0.045
NLSVM-1.0	176	97	103	24	2	0.035
NLSVM-10	200	33	167	0	2	0.0325
LDA	163	157	43	37	465	0.2725
SDA-0.5	188	146	54	12	1606	0.165
SDA-1.0	186	146	54	14	1639	0.17
SDA-1.5	186	146	54	14	1660	0.175
SDA-2.0	185	146	54	15	1646	0.1625
SDA-2.5	185	146	54	15	1686	0.2825
SDA-3.0	185	147	53	15	1640	0.17
\TheName{}-0.5	179	150	50	21	1779	0.17
\TheName{}-1.0	184	147	53	16	1812	0.19
\TheName{}-1.5	186	148	52	14	1730	0.1675
\TheName{}-2.0	186	148	52	14	1800	0.175
\TheName{}-2.5	186	147	53	14	1831	0.1625
\TheName{}-3.0	186	147	53	14	1761	0.165
SVM	172	160	40	28	3	0.005
LR	200	0	200	0	0	0.005
Ye-LDA	184	134	66	16	140	0.0025
DTree-10	75	185	15	125	2	0.0025
DTree-20	107	178	22	93	4	0.0025
RFC-50	104	181	19	96	24	0.005
RFC-100	95	187	13	105	43	0.025
NLSVM-0.1	200	12	188	0	2	0.045
NLSVM-1.0	5	198	2	195	2	0.035
NLSVM-10	200	5	195	0	2	0.035
LDA	164	158	42	36	448	0.19
SDA-0.5	182	167	33	18	1712	0.17
SDA-1.0	182	166	34	18	1660	0.2125
SDA-1.5	182	165	35	18	1657	0.1825
SDA-2.0	180	164	36	20	1685	0.175
SDA-2.5	178	164	36	22	1769	0.175
SDA-3.0	178	164	36	22	1680	0.1675
\TheName{}-0.5	180	158	42	20	1892	0.17
\TheName{}-1.0	185	164	36	15	1827	0.1675
\TheName{}-1.5	184	164	36	16	1836	0.175
\TheName{}-2.0	184	163	37	16	1808	0.18
\TheName{}-2.5	184	164	36	16	1873	0.2575
\TheName{}-3.0	184	164	36	16	1699	0.17
SVM	174	168	32	26	4	0.005
LR	0	200	0	200	0	0.005
Ye-LDA	169	161	39	31	129	0.005
DTree-10	94	163	37	106	2	0.005
DTree-20	111	153	47	89	14	0.005
RFC-50	103	178	22	97	18	0.01
RFC-100	102	178	22	98	36	0.0225
NLSVM-0.1	2	200	0	198	2	0.045
NLSVM-1.0	200	37	163	0	2	0.035
NLSVM-10	199	12	188	1	2	0.0325
LDA	120	137	63	80	389	0.235
SDA-0.5	142	174	26	58	1604	0.1625
SDA-1.0	140	174	26	60	1816	0.175
SDA-1.5	140	174	26	60	1616	0.165
SDA-2.0	140	174	26	60	1621	0.165
SDA-2.5	140	174	26	60	1674	0.175
SDA-3.0	140	174	26	60	1568	0.17
\TheName{}-0.5	162	156	44	38	1653	0.2
\TheName{}-1.0	152	178	22	48	1709	0.165
\TheName{}-1.5	146	177	23	54	1710	0.165
\TheName{}-2.0	145	176	24	55	1664	0.175
\TheName{}-2.5	144	175	25	56	1786	0.17
\TheName{}-3.0	144	175	25	56	1760	0.175
SVM	148	146	54	52	3	0.005
LR	0	200	0	200	1	0.0025
Ye-LDA	116	167	33	84	127	0.005
DTree-10	79	178	22	121	2	0.005
DTree-20	98	158	42	102	4	0.005
RFC-50	100	183	17	100	19	0.01
RFC-100	107	176	24	93	38	0.02
NLSVM-0.1	200	18	182	0	3	0.0425
NLSVM-1.0	182	72	128	18	2	0.0375
NLSVM-10	200	23	177	0	4	0.035
LDA	170	122	78	30	352	0.215
SDA-0.5	130	175	25	70	1552	0.165
SDA-1.0	129	175	25	71	1786	0.17
SDA-1.5	128	175	25	72	1700	0.18
SDA-2.0	128	175	25	72	1603	0.1775
SDA-2.5	128	175	25	72	1699	0.2
SDA-3.0	128	175	25	72	1628	0.165
\TheName{}-0.5	178	160	40	22	1741	0.1625
\TheName{}-1.0	151	180	20	49	1736	0.1725
\TheName{}-1.5	135	178	22	65	1766	0.1625
\TheName{}-2.0	130	175	25	70	1711	0.175
\TheName{}-2.5	129	176	24	71	1752	0.1625
\TheName{}-3.0	130	176	24	70	1786	0.17
SVM	187	144	56	13	3	0.005
LR	200	0	200	0	0	0.005
Ye-LDA	168	171	29	32	124	0.005
DTree-10	81	164	36	119	18	0.065
DTree-20	104	145	55	96	4	0.005
RFC-50	93	175	25	107	22	0.0125
RFC-100	97	172	28	103	43	0.0325
NLSVM-0.1	0	200	0	200	2	0.0775
NLSVM-1.0	40	179	21	160	4	0.0675
NLSVM-10	5	200	0	195	2	0.0475
LDA	114	144	56	86	320	0.2425
SDA-0.5	121	188	12	79	1609	0.1725
SDA-1.0	121	186	14	79	1597	0.165
SDA-1.5	122	186	14	78	1623	0.1725
SDA-2.0	122	186	14	78	1560	0.165
SDA-2.5	122	186	14	78	1535	0.17
SDA-3.0	121	186	14	79	1626	0.175
\TheName{}-0.5	141	99	101	59	1678	0.165
\TheName{}-1.0	163	187	13	37	1699	0.165
\TheName{}-1.5	139	186	14	61	1708	0.18
\TheName{}-2.0	134	188	12	66	1669	0.165
\TheName{}-2.5	131	187	13	69	1694	0.1825
\TheName{}-3.0	128	187	13	72	1587	0.165
SVM	163	160	40	37	4	0.005
LR	0	200	0	200	0	0.005
Ye-LDA	149	187	13	51	126	0.0025
DTree-10	84	181	19	116	2	0.005
DTree-20	125	167	33	75	35	0.005
RFC-50	98	182	18	102	19	0.0075
RFC-100	106	180	20	94	38	0.0225
NLSVM-0.1	200	6	194	0	3	0.045
NLSVM-1.0	182	65	135	18	2	0.045
NLSVM-10	185	148	52	15	2	0.03
LDA	140	150	50	60	492	0.245
SDA-0.5	136	164	36	64	1691	0.175
SDA-1.0	135	164	36	65	1674	0.16
SDA-1.5	133	164	36	67	1665	0.1625
SDA-2.0	132	164	36	68	1582	0.175
SDA-2.5	133	164	36	67	1660	0.1675
SDA-3.0	133	163	37	67	1643	0.175
\TheName{}-0.5	177	158	42	23	1778	0.165
\TheName{}-1.0	153	161	39	47	1760	0.165
\TheName{}-1.5	148	164	36	52	1796	0.185
\TheName{}-2.0	144	165	35	56	1781	0.2625
\TheName{}-2.5	140	164	36	60	1764	0.18
\TheName{}-3.0	140	163	37	60	1786	0.165
SVM	167	157	43	33	3	0.005
LR	0	200	0	200	1	0.0025
Ye-LDA	127	165	35	73	128	0.005
DTree-10	84	159	41	116	2	0.005
DTree-20	121	134	66	79	5	0.0025
RFC-50	100	162	38	100	21	0.0125
RFC-100	100	163	37	100	38	0.02
NLSVM-0.1	200	14	186	0	3	0.0425
NLSVM-1.0	178	86	114	22	2	0.035
NLSVM-10	200	0	200	0	2	0.035
LDA	136	163	37	64	354	0.255
SDA-0.5	108	183	17	92	1633	0.1675
SDA-1.0	106	182	18	94	1669	0.1625
SDA-1.5	105	182	18	95	1576	0.1625
SDA-2.0	104	182	18	96	1666	0.175
SDA-2.5	105	182	18	95	1578	0.165
SDA-3.0	105	182	18	95	1646	0.1625
\TheName{}-0.5	137	116	84	63	1771	0.1725
\TheName{}-1.0	134	184	16	66	1703	0.165
\TheName{}-1.5	122	187	13	78	1748	0.165
\TheName{}-2.0	117	185	15	83	1684	0.165
\TheName{}-2.5	115	184	16	85	1627	0.165
\TheName{}-3.0	111	184	16	89	1829	0.1725
SVM	134	178	22	66	4	0.005
LR	0	200	0	200	1	0.0025
Ye-LDA	114	185	15	86	134	0.005
DTree-10	78	181	19	122	2	0.005
DTree-20	103	170	30	97	14	0.005
RFC-50	75	189	11	125	7	0.0075
RFC-100	79	192	8	121	38	0.02
NLSVM-0.1	199	21	179	1	3	0.0425
NLSVM-1.0	160	84	116	40	2	0.035
NLSVM-10	200	0	200	0	2	0.0325
LDA	167	147	53	33	408	0.2925
SDA-0.5	189	163	37	11	1645	0.1625
SDA-1.0	189	163	37	11	1756	0.175
SDA-1.5	189	163	37	11	1568	0.165
SDA-2.0	189	163	37	11	1688	0.17
SDA-2.5	189	163	37	11	1568	0.175
SDA-3.0	189	163	37	11	1679	0.1625
\TheName{}-0.5	189	147	53	11	1703	0.1625
\TheName{}-1.0	190	157	43	10	1706	0.175
\TheName{}-1.5	189	160	40	11	1796	0.165
\TheName{}-2.0	189	163	37	11	1713	0.1725
\TheName{}-2.5	189	163	37	11	1795	0.1675
\TheName{}-3.0	189	163	37	11	1741	0.1625
SVM	176	159	41	24	3	0.005
LR	0	200	0	200	0	0.005
Ye-LDA	185	148	52	15	128	0.0025
DTree-10	79	181	19	121	4	0.0025
DTree-20	133	165	35	67	4	0.005
RFC-50	119	173	27	81	19	0.01
RFC-100	124	180	20	76	41	0.0225
NLSVM-0.1	200	18	182	0	2	0.05
NLSVM-1.0	199	49	151	1	2	0.04
NLSVM-10	7	200	0	193	2	0.055
LDA	138	153	47	62	357	0.2325
SDA-0.5	121	185	15	79	1631	0.1625
SDA-1.0	119	186	14	81	1548	0.18
SDA-1.5	119	186	14	81	1684	0.175
SDA-2.0	119	186	14	81	1584	0.1625
SDA-2.5	119	186	14	81	1707	0.165
SDA-3.0	119	186	14	81	1603	0.1725
\TheName{}-0.5	131	115	85	69	1803	0.1675
\TheName{}-1.0	150	180	20	50	1615	0.1625
\TheName{}-1.5	134	184	16	66	1663	0.195
\TheName{}-2.0	130	184	16	70	1717	0.1625
\TheName{}-2.5	129	185	15	71	1652	0.1675
\TheName{}-3.0	128	185	15	72	1839	0.2125
SVM	147	171	29	53	4	0.005
LR	0	200	0	200	0	0.005
Ye-LDA	104	179	21	96	157	0.0025
DTree-10	61	184	16	139	3	0.0025
DTree-20	98	171	29	102	12	0.005
RFC-50	90	186	14	110	22	0.0275
RFC-100	90	182	18	110	39	0.02
NLSVM-0.1	69	186	14	131	6	0.0475
NLSVM-1.0	183	70	130	17	4	0.0525
NLSVM-10	2	200	0	198	2	0.045
LDA	129	120	80	71	429	0.2275
SDA-0.5	139	177	23	61	1683	0.1675
SDA-1.0	138	177	23	62	1755	0.185
SDA-1.5	138	176	24	62	1723	0.18
SDA-2.0	138	176	24	62	1765	0.1625
SDA-2.5	139	176	24	61	1654	0.1725
SDA-3.0	139	176	24	61	1587	0.1625
\TheName{}-0.5	169	167	33	31	1809	0.1875
\TheName{}-1.0	150	177	23	50	1657	0.1775
\TheName{}-1.5	142	176	24	58	1760	0.165
\TheName{}-2.0	140	174	26	60	1805	0.18
\TheName{}-2.5	139	176	24	61	1877	0.17
\TheName{}-3.0	139	175	25	61	1757	0.165
SVM	163	150	50	37	2	0.005
LR	0	200	0	200	1	0.0025
Ye-LDA	126	176	24	74	177	0.005
DTree-10	78	179	21	122	13	0.005
DTree-20	104	166	34	96	4	0.005
RFC-50	97	174	26	103	18	0.01
RFC-100	92	178	22	108	40	0.0225
NLSVM-0.1	1	200	0	199	2	0.045
NLSVM-1.0	188	74	126	12	2	0.0375
NLSVM-10	44	199	1	156	2	0.035
LDA	124	139	61	76	387	0.24
SDA-0.5	111	178	22	89	1696	0.1675
SDA-1.0	110	177	23	90	1722	0.165
SDA-1.5	109	177	23	91	1722	0.1725
SDA-2.0	109	177	23	91	1603	0.165
SDA-2.5	109	177	23	91	1766	0.165
SDA-3.0	109	177	23	91	1636	0.165
\TheName{}-0.5	143	90	110	57	1772	0.1625
\TheName{}-1.0	157	177	23	43	1808	0.1825
\TheName{}-1.5	129	184	16	71	1682	0.165
\TheName{}-2.0	124	182	18	76	1788	0.1725
\TheName{}-2.5	123	179	21	77	1589	0.1625
\TheName{}-3.0	119	179	21	81	1846	0.1625
SVM	143	160	40	57	4	0.0025
LR	0	200	0	200	1	0.005
Ye-LDA	122	183	17	78	134	0.0025
DTree-10	75	176	24	125	3	0.005
DTree-20	104	166	34	96	25	0.005
RFC-50	91	185	15	109	22	0.0075
RFC-100	90	186	14	110	39	0.025
NLSVM-0.1	200	16	184	0	2	0.045
NLSVM-1.0	159	82	118	41	2	0.035
NLSVM-10	1	200	0	199	2	0.0325
LDA	123	154	46	77	345	0.29
SDA-0.5	150	179	21	50	1847	0.1625
SDA-1.0	148	179	21	52	1638	0.1625
SDA-1.5	148	177	23	52	1849	0.18
SDA-2.0	148	176	24	52	1665	0.1625
SDA-2.5	148	176	24	52	1552	0.1725
SDA-3.0	148	176	24	52	1840	0.165
\TheName{}-0.5	167	177	23	33	1663	0.165
\TheName{}-1.0	156	180	20	44	1774	0.18
\TheName{}-1.5	157	179	21	43	1773	0.165
\TheName{}-2.0	154	178	22	46	1742	0.1725
\TheName{}-2.5	154	178	22	46	1783	0.165
\TheName{}-3.0	152	178	22	48	1866	0.175
SVM	158	168	32	42	4	0.0025
LR	0	200	0	200	1	0.005
Ye-LDA	141	177	23	59	143	0.0075
DTree-10	87	179	21	113	2	0.0025
DTree-20	116	167	33	84	16	0.0025
RFC-50	101	182	18	99	19	0.01
RFC-100	92	189	11	108	35	0.02
NLSVM-0.1	200	13	187	0	3	0.2
NLSVM-1.0	183	61	139	17	2	0.095
NLSVM-10	25	199	1	175	2	0.0425
LDA	158	141	59	42	354	0.2275
SDA-0.5	186	159	41	14	1548	0.1775
SDA-1.0	185	158	42	15	1629	0.1825
SDA-1.5	184	159	41	16	1578	0.1625
SDA-2.0	184	159	41	16	1561	0.165
SDA-2.5	184	159	41	16	1629	0.17
SDA-3.0	184	159	41	16	1583	0.1625
\TheName{}-0.5	187	151	49	13	1658	0.185
\TheName{}-1.0	186	160	40	14	1741	0.1975
\TheName{}-1.5	185	161	39	15	1638	0.16
\TheName{}-2.0	185	158	42	15	1647	0.23
\TheName{}-2.5	185	158	42	15	1654	0.1725
\TheName{}-3.0	185	158	42	15	1651	0.1675
SVM	167	151	49	33	3	0.005
LR	0	200	0	200	1	0.0025
Ye-LDA	162	169	31	38	126	0.005
DTree-10	60	183	17	140	2	0.005
DTree-20	90	175	25	110	4	0.0025
RFC-50	102	178	22	98	22	0.01
RFC-100	114	179	21	86	43	0.025
NLSVM-0.1	134	147	53	66	2	0.045
NLSVM-1.0	200	70	130	0	2	0.035
NLSVM-10	199	89	111	1	2	0.0325
LDA	154	164	36	46	389	0.26
SDA-0.5	143	178	22	57	1793	0.1725
SDA-1.0	143	178	22	57	1642	0.1625
SDA-1.5	142	178	22	58	1627	0.1625
SDA-2.0	142	178	22	58	1544	0.1725
SDA-2.5	142	178	22	58	1777	0.1625
SDA-3.0	142	178	22	58	1595	0.1625
\TheName{}-0.5	193	136	64	7	1730	0.1775
\TheName{}-1.0	170	177	23	30	1817	0.1725
\TheName{}-1.5	160	178	22	40	1769	0.165
\TheName{}-2.0	150	177	23	50	1665	0.165
\TheName{}-2.5	146	178	22	54	1746	0.1675
\TheName{}-3.0	143	177	23	57	1800	0.195
SVM	168	173	27	32	3	0.005
LR	0	200	0	200	0	0.005
Ye-LDA	138	180	20	62	172	0.005
DTree-10	100	178	22	100	23	0.0025
DTree-20	129	169	31	71	35	0.005
RFC-50	93	188	12	107	23	0.01
RFC-100	97	187	13	103	44	0.025
NLSVM-0.1	2	200	0	198	3	0.05
NLSVM-1.0	11	200	0	189	2	0.0525
NLSVM-10	172	169	31	28	2	0.0325
LDA	110	148	52	90	438	0.245
SDA-0.5	148	162	38	52	1725	0.17
SDA-1.0	146	160	40	54	1678	0.175
SDA-1.5	145	159	41	55	1678	0.165
SDA-2.0	145	157	43	55	1578	0.1625
SDA-2.5	145	157	43	55	1726	0.175
SDA-3.0	145	157	43	55	1677	0.1625
\TheName{}-0.5	141	170	30	59	1742	0.1675
\TheName{}-1.0	145	163	37	55	1808	0.1725
\TheName{}-1.5	145	164	36	55	1803	0.165
\TheName{}-2.0	146	161	39	54	1706	0.1775
\TheName{}-2.5	144	160	40	56	1816	0.1625
\TheName{}-3.0	144	160	40	56	1853	0.17
SVM	165	148	52	35	4	0.005
LR	200	0	200	0	0	0.005
Ye-LDA	154	153	47	46	120	0.0025
DTree-10	61	176	24	139	2	0.005
DTree-20	98	165	35	102	4	0.005
RFC-50	82	171	29	118	19	0.0075
RFC-100	84	172	28	116	38	0.02
NLSVM-0.1	99	178	22	101	2	0.0475
NLSVM-1.0	187	54	146	13	2	0.0325
NLSVM-10	200	6	194	0	2	0.0325
LDA	125	163	37	75	428	0.315
SDA-0.5	114	167	33	86	1732	0.175
SDA-1.0	114	165	35	86	1710	0.1625
SDA-1.5	112	165	35	88	1647	0.1825
SDA-2.0	110	165	35	90	1719	0.1725
SDA-2.5	110	165	35	90	1672	0.165
SDA-3.0	110	166	34	90	1707	0.1725
\TheName{}-0.5	134	104	96	66	1864	0.165
\TheName{}-1.0	147	177	23	53	1753	0.1725
\TheName{}-1.5	130	173	27	70	1910	0.1625
\TheName{}-2.0	124	170	30	76	1703	0.1625
\TheName{}-2.5	120	170	30	80	1688	0.175
\TheName{}-3.0	118	168	32	82	1775	0.16
SVM	146	170	30	54	3	0.0075
LR	0	200	0	200	0	0.0025
Ye-LDA	130	173	27	70	129	0.005
DTree-10	94	164	36	106	2	0.005
DTree-20	124	148	52	76	4	0.005
RFC-50	94	169	31	106	17	0.0075
RFC-100	99	173	27	101	46	0.0225
NLSVM-0.1	3	199	1	197	2	0.0575
NLSVM-1.0	170	104	96	30	2	0.0475
NLSVM-10	30	199	1	170	2	0.035
LDA	164	138	62	36	415	0.26
SDA-0.5	154	166	34	46	1665	0.1775
SDA-1.0	151	163	37	49	1692	0.165
SDA-1.5	151	163	37	49	1757	0.1675
SDA-2.0	150	163	37	50	1718	0.205
SDA-2.5	150	163	37	50	1710	0.1625
SDA-3.0	150	163	37	50	1662	0.165
\TheName{}-0.5	176	165	35	24	1709	0.1675
\TheName{}-1.0	160	163	37	40	1739	0.165
\TheName{}-1.5	155	164	36	45	1680	0.1675
\TheName{}-2.0	153	164	36	47	1691	0.1775
\TheName{}-2.5	154	164	36	46	1745	0.1725
\TheName{}-3.0	154	163	37	46	1698	0.1625
SVM	161	165	35	39	3	0.005
LR	0	200	0	200	0	0.0075
Ye-LDA	158	160	40	42	127	0.005
DTree-10	86	181	19	114	2	0.005
DTree-20	135	156	44	65	45	0.0025
RFC-50	110	160	40	90	20	0.01
RFC-100	105	163	37	95	39	0.02
NLSVM-0.1	200	14	186	0	3	0.0425
NLSVM-1.0	173	74	126	27	2	0.035
NLSVM-10	21	200	0	179	2	0.0325
LDA	158	98	102	42	406	0.2575
SDA-0.5	132	165	35	68	1719	0.1675
SDA-1.0	131	166	34	69	1777	0.1675
SDA-1.5	130	165	35	70	1677	0.1875
SDA-2.0	129	165	35	71	1736	0.165
SDA-2.5	129	165	35	71	1597	0.165
SDA-3.0	129	165	35	71	1758	0.1775
\TheName{}-0.5	162	89	111	38	1760	0.165
\TheName{}-1.0	180	158	42	20	1760	0.1725
\TheName{}-1.5	152	165	35	48	1787	0.1625
\TheName{}-2.0	145	166	34	55	1768	0.1675
\TheName{}-2.5	138	166	34	62	1905	0.1725
\TheName{}-3.0	137	166	34	63	1817	0.1625
SVM	188	123	77	12	4	0.005
LR	0	200	0	200	0	0.0025
Ye-LDA	137	162	38	63	135	0.005
DTree-10	81	173	27	119	2	0.005
DTree-20	117	155	45	83	4	0.0025
RFC-50	103	174	26	97	21	0.01
RFC-100	105	173	27	95	43	0.0225
NLSVM-0.1	200	16	184	0	3	0.05
NLSVM-1.0	200	46	154	0	2	0.04
NLSVM-10	22	198	2	178	2	0.0325
LDA	152	155	45	48	389	0.535
SDA-0.5	146	172	28	54	1815	0.165
SDA-1.0	145	170	30	55	1616	0.165
SDA-1.5	145	171	29	55	1695	0.1725
SDA-2.0	145	171	29	55	1795	0.165
SDA-2.5	145	171	29	55	1626	0.18
SDA-3.0	145	171	29	55	1637	0.175
\TheName{}-0.5	165	116	84	35	1707	0.1625
\TheName{}-1.0	175	172	28	25	1750	0.1625
\TheName{}-1.5	156	172	28	44	1822	0.1725
\TheName{}-2.0	149	171	29	51	1663	0.1625
\TheName{}-2.5	147	169	31	53	1819	0.1825
\TheName{}-3.0	146	168	32	54	1768	0.1675
SVM	185	147	53	15	2	0.005
LR	0	200	0	200	0	0.005
Ye-LDA	142	170	30	58	129	0.005
DTree-10	108	150	50	92	3	0.005
DTree-20	142	136	64	58	4	0.0025
RFC-50	120	169	31	80	23	0.01
RFC-100	123	179	21	77	45	0.0375
NLSVM-0.1	200	7	193	0	2	0.0675
NLSVM-1.0	31	173	27	169	2	0.0375
NLSVM-10	3	200	0	197	2	0.0375
LDA	165	154	46	35	447	0.2525
SDA-0.5	130	174	26	70	1644	0.1625
SDA-1.0	128	174	26	72	1610	0.175
SDA-1.5	127	174	26	73	1601	0.165
SDA-2.0	127	174	26	73	1563	0.17
SDA-2.5	127	174	26	73	1663	0.18
SDA-3.0	127	174	26	73	1588	0.1675
\TheName{}-0.5	172	157	43	28	1674	0.1675
\TheName{}-1.0	144	177	23	56	1711	0.185
\TheName{}-1.5	138	176	24	62	1717	0.1675
\TheName{}-2.0	133	175	25	67	1627	0.1625
\TheName{}-2.5	132	174	26	68	1677	0.1775
\TheName{}-3.0	131	174	26	69	1749	0.1625
SVM	178	156	44	22	2	0.005
LR	0	200	0	200	0	0.005
Ye-LDA	131	171	29	69	128	0.005
DTree-10	73	176	24	127	2	0.005
DTree-20	115	157	43	85	4	0.005
RFC-50	92	181	19	108	18	0.0075
RFC-100	89	179	21	111	36	0.02
NLSVM-0.1	1	200	0	199	2	0.045
NLSVM-1.0	199	44	156	1	2	0.035
NLSVM-10	200	0	200	0	2	0.03
LDA	137	144	56	63	423	0.4225
SDA-0.5	150	162	38	50	1619	0.165
SDA-1.0	150	163	37	50	1632	0.2
SDA-1.5	150	163	37	50	1641	0.1625
SDA-2.0	150	163	37	50	1631	0.1825
SDA-2.5	150	163	37	50	1572	0.17
SDA-3.0	150	162	38	50	1682	0.2325
\TheName{}-0.5	158	164	36	42	1687	0.165
\TheName{}-1.0	150	161	39	50	1749	0.175
\TheName{}-1.5	149	160	40	51	1673	0.1675
\TheName{}-2.0	150	163	37	50	1797	0.2
\TheName{}-2.5	150	163	37	50	1716	0.1625
\TheName{}-3.0	150	163	37	50	1735	0.1725
SVM	163	162	38	37	3	0.0075
LR	0	200	0	200	0	0.0125
Ye-LDA	144	161	39	56	136	0.025
DTree-10	84	168	32	116	2	0.0025
DTree-20	104	156	44	96	7	0.0025
RFC-50	109	164	36	91	14	0.0075
RFC-100	108	169	31	92	56	0.0425
NLSVM-0.1	99	153	47	101	3	0.0625
NLSVM-1.0	180	57	143	20	2	0.035
NLSVM-10	200	0	200	0	2	0.07
LDA	151	124	76	49	361	0.2775
SDA-0.5	155	180	20	45	1624	0.1625
SDA-1.0	154	179	21	46	1638	0.1775
SDA-1.5	154	179	21	46	1711	0.175
SDA-2.0	153	178	22	47	1685	0.1625
SDA-2.5	153	177	23	47	1691	0.165
SDA-3.0	153	177	23	47	1664	0.1625
\TheName{}-0.5	158	130	70	42	1758	0.1725
\TheName{}-1.0	169	172	28	31	1751	0.1825
\TheName{}-1.5	158	175	25	42	1687	0.175
\TheName{}-2.0	159	176	24	41	1853	0.175
\TheName{}-2.5	158	176	24	42	1709	0.1625
\TheName{}-3.0	157	175	25	43	1822	0.1825
SVM	166	144	56	34	4	0.005
LR	0	200	0	200	1	0.005
Ye-LDA	148	164	36	52	133	0.0025
DTree-10	92	144	56	108	23	0.005
DTree-20	97	171	29	103	4	0.005
RFC-50	121	183	17	79	22	0.01
RFC-100	121	184	16	79	28	0.0875
NLSVM-0.1	199	22	178	1	2	0.0475
NLSVM-1.0	41	185	15	159	2	0.05
NLSVM-10	199	58	142	1	2	0.0325
LDA	138	127	73	62	344	0.2825
SDA-0.5	166	162	38	34	1693	0.165
SDA-1.0	164	162	38	36	1659	0.17
SDA-1.5	164	162	38	36	1799	0.165
SDA-2.0	164	162	38	36	1674	0.17
SDA-2.5	164	161	39	36	1624	0.1725
SDA-3.0	164	160	40	36	1627	0.165
\TheName{}-0.5	172	173	27	28	1748	0.165
\TheName{}-1.0	169	171	29	31	1916	0.175
\TheName{}-1.5	166	166	34	34	1747	0.165
\TheName{}-2.0	166	166	34	34	1796	0.175
\TheName{}-2.5	166	165	35	34	1811	0.1675
\TheName{}-3.0	165	165	35	35	1780	0.1725
SVM	166	151	49	34	4	0.005
LR	0	200	0	200	1	0.0025
Ye-LDA	157	173	27	43	137	0.0075
DTree-10	88	158	42	112	3	0.005
DTree-20	130	144	56	70	4	0.005
RFC-50	95	177	23	105	41	0.0075
RFC-100	105	171	29	95	41	0.0225
NLSVM-0.1	3	199	1	197	2	0.0475
NLSVM-1.0	187	64	136	13	3	0.035
NLSVM-10	200	7	193	0	2	0.0325
LDA	121	152	48	79	395	0.2525
SDA-0.5	134	179	21	66	1615	0.165
SDA-1.0	134	179	21	66	1636	0.1625
SDA-1.5	135	179	21	65	1599	0.175
SDA-2.0	135	179	21	65	1636	0.1625
SDA-2.5	135	179	21	65	1642	0.17
SDA-3.0	135	179	21	65	1591	0.165
\TheName{}-0.5	170	171	29	30	1699	0.175
\TheName{}-1.0	141	179	21	59	1655	0.165
\TheName{}-1.5	137	179	21	63	1681	0.165
\TheName{}-2.0	136	179	21	64	1675	0.2475
\TheName{}-2.5	136	179	21	64	1721	0.165
\TheName{}-3.0	136	179	21	64	1764	0.165
SVM	159	161	39	41	4	0.005
LR	0	200	0	200	1	0.005
Ye-LDA	121	169	31	79	205	0.0175
DTree-10	76	173	27	124	2	0.0125
DTree-20	96	161	39	104	5	0.015
RFC-50	76	184	16	124	23	0.02
RFC-100	71	184	16	129	84	0.02
NLSVM-0.1	200	9	191	0	3	0.0625
NLSVM-1.0	196	54	146	4	2	0.035
NLSVM-10	142	173	27	58	2	0.035
LDA	152	140	60	48	354	0.25
SDA-0.5	158	164	36	42	1726	0.1675
SDA-1.0	155	165	35	45	1764	0.1625
SDA-1.5	155	164	36	45	1645	0.1775
SDA-2.0	155	164	36	45	1675	0.165
SDA-2.5	155	164	36	45	1707	0.1725
SDA-3.0	155	164	36	45	1715	0.1725
\TheName{}-0.5	167	164	36	33	1795	0.1625
\TheName{}-1.0	161	163	37	39	1738	0.165
\TheName{}-1.5	160	163	37	40	1773	0.1975
\TheName{}-2.0	158	163	37	42	1785	0.165
\TheName{}-2.5	156	163	37	44	1821	0.1775
\TheName{}-3.0	156	164	36	44	1769	0.1725
SVM	164	147	53	36	4	0.005
LR	0	200	0	200	1	0.0025
Ye-LDA	117	167	33	83	130	0.005
DTree-10	79	162	38	121	3	0.0025
DTree-20	123	160	40	77	4	0.005
RFC-50	82	181	19	118	20	0.01
RFC-100	87	180	20	113	48	0.055
NLSVM-0.1	0	200	0	200	6	0.0425
NLSVM-1.0	13	198	2	187	3	0.0375
NLSVM-10	0	200	0	200	2	0.035
LDA	138	133	67	62	335	0.185
SDA-0.5	123	179	21	77	1855	0.19
SDA-1.0	121	179	21	79	1781	0.1625
SDA-1.5	121	179	21	79	1639	0.165
SDA-2.0	121	179	21	79	1666	0.1625
SDA-2.5	121	179	21	79	1677	0.1725
SDA-3.0	121	179	21	79	1651	0.1625
\TheName{}-0.5	177	140	60	23	1786	0.1675
\TheName{}-1.0	155	173	27	45	1698	0.1725
\TheName{}-1.5	136	174	26	64	1734	0.1675
\TheName{}-2.0	134	176	24	66	1921	0.1625
\TheName{}-2.5	132	177	23	68	1737	0.1875
\TheName{}-3.0	131	177	23	69	1798	0.165
SVM	167	151	49	33	3	0.0075
LR	0	200	0	200	0	0.0025
Ye-LDA	122	174	26	78	130	0.0025
DTree-10	78	180	20	122	3	0.0025
DTree-20	104	166	34	96	5	0.0025
RFC-50	78	185	15	122	20	0.01
RFC-100	89	184	16	111	37	0.02
NLSVM-0.1	200	15	185	0	3	0.0475
NLSVM-1.0	189	43	157	11	2	0.0325
NLSVM-10	19	197	3	181	2	0.035
LDA	153	142	58	47	418	0.3875
SDA-0.5	125	173	27	75	1600	0.1725
SDA-1.0	125	174	26	75	1537	0.1625
SDA-1.5	124	174	26	76	1669	0.1675
SDA-2.0	124	174	26	76	1697	0.1625
SDA-2.5	124	174	26	76	1616	0.1775
SDA-3.0	124	174	26	76	1724	0.1625
\TheName{}-0.5	166	135	65	34	1773	0.165
\TheName{}-1.0	145	177	23	55	1663	0.19
\TheName{}-1.5	139	179	21	61	1819	0.1625
\TheName{}-2.0	134	178	22	66	1667	0.165
\TheName{}-2.5	135	178	22	65	1794	0.175
\TheName{}-3.0	134	177	23	66	1666	0.1625
SVM	165	152	48	35	3	0.005
LR	0	200	0	200	1	0.0025
Ye-LDA	105	179	21	95	128	0.005
DTree-10	73	177	23	127	2	0.005
DTree-20	116	168	32	84	3	0.005
RFC-50	97	179	21	103	19	0.01
RFC-100	103	180	20	97	38	0.02
NLSVM-0.1	200	8	192	0	3	0.0425
NLSVM-1.0	71	165	35	129	2	0.035
NLSVM-10	192	100	100	8	2	0.0325
LDA	136	156	44	64	414	0.2475
SDA-0.5	137	168	32	63	1605	0.1725
SDA-1.0	136	168	32	64	1595	0.1875
SDA-1.5	135	168	32	65	1727	0.165
SDA-2.0	135	168	32	65	1613	0.1725
SDA-2.5	134	168	32	66	1692	0.165
SDA-3.0	134	168	32	66	1701	0.165
\TheName{}-0.5	180	137	63	20	1630	0.1725
\TheName{}-1.0	168	168	32	32	1777	0.165
\TheName{}-1.5	155	171	29	45	1723	0.1625
\TheName{}-2.0	149	171	29	51	1703	0.175
\TheName{}-2.5	145	170	30	55	1686	0.165
\TheName{}-3.0	141	170	30	59	1713	0.16
SVM	173	155	45	27	3	0.005
LR	0	200	0	200	1	0.0025
Ye-LDA	154	175	25	46	129	0.005
DTree-10	78	169	31	122	12	0.0025
DTree-20	112	151	49	88	24	0.0025
RFC-50	97	174	26	103	21	0.01
RFC-100	107	173	27	93	45	0.0225
NLSVM-0.1	200	15	185	0	2	0.045
NLSVM-1.0	198	40	160	2	2	0.04
NLSVM-10	9	200	0	191	2	0.0375
LDA	161	134	66	39	333	0.25
SDA-0.5	167	173	27	33	1644	0.1625
SDA-1.0	166	171	29	34	1685	0.165
SDA-1.5	166	171	29	34	1589	0.1725
SDA-2.0	166	171	29	34	1662	0.165
SDA-2.5	166	171	29	34	1637	0.1625
SDA-3.0	166	171	29	34	1649	0.165
\TheName{}-0.5	169	162	38	31	1743	0.175
\TheName{}-1.0	174	173	27	26	1751	0.165
\TheName{}-1.5	171	176	24	29	1732	0.17
\TheName{}-2.0	170	176	24	30	1752	0.1625
\TheName{}-2.5	169	177	23	31	1827	0.165
\TheName{}-3.0	168	174	26	32	1770	0.1725
SVM	165	154	46	35	3	0.0075
LR	0	200	0	200	0	0.005
Ye-LDA	142	180	20	58	139	0.02
DTree-10	82	186	14	118	2	0.025
DTree-20	134	164	36	66	5	0.015
RFC-50	94	190	10	106	37	0.0175
RFC-100	92	190	10	108	56	0.0375
NLSVM-0.1	130	144	56	70	8	0.06
NLSVM-1.0	60	157	43	140	3	0.0425
NLSVM-10	200	3	197	0	4	0.05
LDA	128	159	41	72	374	0.28
SDA-0.5	113	168	32	87	1772	0.17
SDA-1.0	112	164	36	88	1657	0.1725
SDA-1.5	112	164	36	88	1697	0.17
SDA-2.0	112	164	36	88	1653	0.1625
SDA-2.5	112	164	36	88	1657	0.17
SDA-3.0	112	164	36	88	1644	0.1625
\TheName{}-0.5	133	79	121	67	1742	0.1775
\TheName{}-1.0	175	168	32	25	1771	0.175
\TheName{}-1.5	146	165	35	54	1788	0.1675
\TheName{}-2.0	137	166	34	63	1727	0.165
\TheName{}-2.5	130	167	33	70	1732	0.1725
\TheName{}-3.0	129	166	34	71	1731	0.165
SVM	156	155	45	44	3	0.0075
LR	0	200	0	200	0	0.005
Ye-LDA	127	168	32	73	131	0.005
DTree-10	82	176	24	118	2	0.005
DTree-20	115	158	42	85	4	0.0025
RFC-50	84	171	29	116	18	0.01
RFC-100	77	176	24	123	35	0.02
NLSVM-0.1	199	21	179	1	3	0.045
NLSVM-1.0	143	132	68	57	1	0.035
NLSVM-10	13	200	0	187	2	0.0325
LDA	98	136	64	102	382	0.31
SDA-0.5	146	175	25	54	1672	0.195
SDA-1.0	143	174	26	57	1682	0.17
SDA-1.5	143	174	26	57	1589	0.17
SDA-2.0	143	174	26	57	1580	0.1625
SDA-2.5	143	174	26	57	1720	0.1725
SDA-3.0	143	174	26	57	1599	0.1625
\TheName{}-0.5	139	108	92	61	1668	0.1625
\TheName{}-1.0	182	161	39	18	1705	0.165
\TheName{}-1.5	166	169	31	34	1841	0.1725
\TheName{}-2.0	159	169	31	41	1671	0.1625
\TheName{}-2.5	156	171	29	44	1727	0.1625
\TheName{}-3.0	152	171	29	48	1721	0.3
SVM	155	155	45	45	3	0.005
LR	0	200	0	200	0	0.005
Ye-LDA	134	161	39	66	131	0.0125
DTree-10	80	179	21	120	18	0.015
DTree-20	117	161	39	83	25	0.0125
RFC-50	101	173	27	99	25	0.02
RFC-100	95	176	24	105	41	0.0225
NLSVM-0.1	90	146	54	110	3	0.0425
NLSVM-1.0	183	84	116	17	2	0.0375
NLSVM-10	6	200	0	194	2	0.0325
LDA	131	146	54	69	334	0.275
SDA-0.5	124	168	32	76	1652	0.175
SDA-1.0	125	170	30	75	1606	0.18
SDA-1.5	125	170	30	75	1596	0.1675
SDA-2.0	125	170	30	75	1627	0.1675
SDA-2.5	125	170	30	75	1574	0.165
SDA-3.0	125	170	30	75	1754	0.18
\TheName{}-0.5	136	128	72	64	1870	0.1625
\TheName{}-1.0	134	171	29	66	1641	0.165
\TheName{}-1.5	131	170	30	69	1925	0.185
\TheName{}-2.0	130	171	29	70	1745	0.165
\TheName{}-2.5	127	170	30	73	1733	0.17
\TheName{}-3.0	127	170	30	73	1705	0.1625
SVM	144	158	42	56	5	0.005
LR	0	200	0	200	0	0.005
Ye-LDA	116	164	36	84	168	0.025
DTree-10	80	169	31	120	2	0.0025
DTree-20	97	156	44	103	4	0.0
RFC-50	81	180	20	119	20	0.01
RFC-100	89	175	25	111	58	0.0375
NLSVM-0.1	1	200	0	199	2	0.0625
NLSVM-1.0	29	181	19	171	2	0.0425
NLSVM-10	6	199	1	194	2	0.06
LDA	131	153	47	69	364	0.2675
SDA-0.5	149	174	26	51	1643	0.1625
SDA-1.0	148	175	25	52	1590	0.17
SDA-1.5	147	175	25	53	1750	0.19
SDA-2.0	146	175	25	54	1625	0.175
SDA-2.5	146	175	25	54	1616	0.17
SDA-3.0	146	175	25	54	1704	0.17
\TheName{}-0.5	172	167	33	28	1891	0.2925
\TheName{}-1.0	155	175	25	45	1772	0.175
\TheName{}-1.5	152	175	25	48	1787	0.1775
\TheName{}-2.0	151	175	25	49	1768	0.1625
\TheName{}-2.5	151	174	26	49	1845	0.165
\TheName{}-3.0	150	174	26	50	1757	0.175
SVM	152	170	30	48	4	0.005
LR	200	0	200	0	1	0.005
Ye-LDA	161	168	32	39	162	0.0025
DTree-10	93	151	49	107	3	0.005
DTree-20	117	151	49	83	7	0.005
RFC-50	93	173	27	107	18	0.01
RFC-100	96	174	26	104	38	0.02
NLSVM-0.1	0	200	0	200	3	0.045
NLSVM-1.0	140	125	75	60	2	0.045
NLSVM-10	200	0	200	0	1	0.045
LDA	118	169	31	82	464	0.29
SDA-0.5	128	183	17	72	1658	0.165
SDA-1.0	129	183	17	71	1676	0.165
SDA-1.5	129	182	18	71	1737	0.175
SDA-2.0	129	182	18	71	1717	0.1625
SDA-2.5	129	182	18	71	1726	0.1725
SDA-3.0	129	182	18	71	1770	0.1725
\TheName{}-0.5	137	186	14	63	1797	0.165
\TheName{}-1.0	134	184	16	66	1804	0.1725
\TheName{}-1.5	132	184	16	68	1814	0.1725
\TheName{}-2.0	131	183	17	69	1735	0.18
\TheName{}-2.5	129	183	17	71	1761	0.1625
\TheName{}-3.0	129	183	17	71	1790	0.175
SVM	136	181	19	64	4	0.005
LR	0	200	0	200	1	0.005
Ye-LDA	115	179	21	85	136	0.005
DTree-10	78	184	16	122	2	0.005
DTree-20	116	159	41	84	4	0.0125
RFC-50	88	186	14	112	22	0.0075
RFC-100	80	190	10	120	47	0.02
NLSVM-0.1	59	190	10	141	5	0.06
NLSVM-1.0	166	90	110	34	4	0.035
NLSVM-10	179	139	61	21	2	0.035
LDA	154	137	63	46	342	0.245
SDA-0.5	158	167	33	42	1648	0.1625
SDA-1.0	157	166	34	43	1649	0.1725
SDA-1.5	157	166	34	43	1665	0.1625
SDA-2.0	157	166	34	43	1699	0.175
SDA-2.5	157	166	34	43	1568	0.1625
SDA-3.0	157	166	34	43	1669	0.1725
\TheName{}-0.5	167	135	65	33	1702	0.1775
\TheName{}-1.0	171	162	38	29	1717	0.165
\TheName{}-1.5	169	164	36	31	1771	0.1825
\TheName{}-2.0	165	166	34	35	1752	0.1625
\TheName{}-2.5	162	166	34	38	1645	0.165
\TheName{}-3.0	161	166	34	39	1774	0.175
SVM	165	151	49	35	4	0.005
LR	0	200	0	200	1	0.0025
Ye-LDA	144	154	46	56	140	0.005
DTree-10	179	62	138	21	2	0.0025
DTree-20	150	109	91	50	4	0.0025
RFC-50	95	183	17	105	28	0.0125
RFC-100	100	181	19	100	41	0.0225
NLSVM-0.1	199	22	178	1	2	0.0475
NLSVM-1.0	181	81	119	19	2	0.04
NLSVM-10	3	200	0	197	2	0.035
LDA	106	168	32	94	342	0.2425
SDA-0.5	123	174	26	77	1619	0.165
SDA-1.0	123	173	27	77	1562	0.1625
SDA-1.5	123	172	28	77	1564	0.1725
SDA-2.0	123	169	31	77	1693	0.17
SDA-2.5	123	169	31	77	1608	0.1625
SDA-3.0	123	169	31	77	1668	0.1625
\TheName{}-0.5	140	180	20	60	1623	0.175
\TheName{}-1.0	126	179	21	74	1663	0.165
\TheName{}-1.5	125	177	23	75	1690	0.1625
\TheName{}-2.0	125	177	23	75	1668	0.18
\TheName{}-2.5	125	176	24	75	1664	0.165
\TheName{}-3.0	126	174	26	74	1692	0.1625
SVM	132	174	26	68	3	0.005
LR	200	0	200	0	0	0.005
Ye-LDA	125	179	21	75	119	0.0025
DTree-10	83	172	28	117	2	0.005
DTree-20	115	164	36	85	4	0.005
RFC-50	97	178	22	103	19	0.0075
RFC-100	96	180	20	104	38	0.0225
NLSVM-0.1	199	35	165	1	2	0.07
NLSVM-1.0	169	91	109	31	2	0.0375
NLSVM-10	192	78	122	8	3	0.0375
LDA	169	108	92	31	411	0.2325
SDA-0.5	162	170	30	38	1625	0.18
SDA-1.0	161	169	31	39	1655	0.165
SDA-1.5	161	168	32	39	1578	0.165
SDA-2.0	161	168	32	39	1585	0.27
SDA-2.5	161	168	32	39	1639	0.175
SDA-3.0	161	168	32	39	1616	0.1825
\TheName{}-0.5	172	114	86	28	1733	0.1725
\TheName{}-1.0	191	147	53	9	1746	0.185
\TheName{}-1.5	182	158	42	18	1753	0.1625
\TheName{}-2.0	172	159	41	28	1644	0.1625
\TheName{}-2.5	167	160	40	33	1680	0.1725
\TheName{}-3.0	166	163	37	34	1666	0.1625
SVM	188	130	70	12	4	0.005
LR	200	0	200	0	0	0.005
Ye-LDA	192	129	71	8	127	0.0025
DTree-10	95	161	39	105	2	0.005
DTree-20	101	160	40	99	4	0.005
RFC-50	100	185	15	100	19	0.03
RFC-100	95	183	17	105	65	0.0175
NLSVM-0.1	0	200	0	200	3	0.05
NLSVM-1.0	199	43	157	1	2	0.035
NLSVM-10	198	43	157	2	2	0.06
LDA	161	130	70	39	400	0.2475
SDA-0.5	150	171	29	50	1636	0.2025
SDA-1.0	150	170	30	50	1648	0.1625
SDA-1.5	150	170	30	50	1660	0.1625
SDA-2.0	150	170	30	50	1677	0.165
SDA-2.5	150	170	30	50	1577	0.1725
SDA-3.0	150	169	31	50	1612	0.1625
\TheName{}-0.5	179	130	70	21	1675	0.165
\TheName{}-1.0	176	164	36	24	1741	0.175
\TheName{}-1.5	165	165	35	35	1801	0.175
\TheName{}-2.0	157	167	33	43	1788	0.1675
\TheName{}-2.5	157	168	32	43	1756	0.1775
\TheName{}-3.0	157	169	31	43	1778	0.1625
SVM	174	134	66	26	2	0.005
LR	0	200	0	200	1	0.0025
Ye-LDA	144	171	29	56	143	0.005
DTree-10	186	99	101	14	23	0.005
DTree-20	184	131	69	16	12	0.005
RFC-50	94	181	19	106	24	0.0125
RFC-100	98	183	17	102	50	0.03
NLSVM-0.1	200	10	190	0	2	0.075
NLSVM-1.0	197	43	157	3	10	0.0425
NLSVM-10	199	46	154	1	2	0.05
LDA	156	113	87	44	368	0.275
SDA-0.5	128	170	30	72	1585	0.1625
SDA-1.0	127	168	32	73	1704	0.1725
SDA-1.5	126	168	32	74	1548	0.1625
SDA-2.0	126	168	32	74	1653	0.16
SDA-2.5	126	168	32	74	1878	0.1725
SDA-3.0	126	168	32	74	1563	0.1625
\TheName{}-0.5	177	152	48	23	1729	0.165
\TheName{}-1.0	164	179	21	36	1688	0.1625
\TheName{}-1.5	152	175	25	48	1638	0.175
\TheName{}-2.0	144	175	25	56	1719	0.17
\TheName{}-2.5	140	173	27	60	1597	0.1675
\TheName{}-3.0	135	171	29	65	1792	0.1775
SVM	173	141	59	27	4	0.005
LR	0	200	0	200	0	0.005
Ye-LDA	123	172	28	77	126	0.0025
DTree-10	97	176	24	103	3	0.0025
DTree-20	111	163	37	89	4	0.005
RFC-50	99	179	21	101	7	0.0075
RFC-100	98	181	19	102	36	0.0175
NLSVM-0.1	200	19	181	0	2	0.045
NLSVM-1.0	200	39	161	0	2	0.035
NLSVM-10	22	199	1	178	2	0.0325
LDA	123	152	48	77	357	0.3025
SDA-0.5	127	174	26	73	1701	0.165
SDA-1.0	125	173	27	75	1666	0.1725
SDA-1.5	125	173	27	75	1653	0.1625
SDA-2.0	124	174	26	76	1715	0.1625
SDA-2.5	124	173	27	76	1699	0.175
SDA-3.0	124	173	27	76	1717	0.1625
\TheName{}-0.5	141	177	23	59	1767	0.17
\TheName{}-1.0	135	176	24	65	1834	0.17
\TheName{}-1.5	132	176	24	68	1815	0.1625
\TheName{}-2.0	131	174	26	69	1754	0.1625
\TheName{}-2.5	129	174	26	71	1738	0.1675
\TheName{}-3.0	129	174	26	71	1844	0.165
SVM	137	160	40	63	3	0.005
LR	0	200	0	200	1	0.0025
Ye-LDA	122	176	24	78	151	0.005
DTree-10	100	172	28	100	3	0.0025
DTree-20	128	155	45	72	4	0.005
RFC-50	95	180	20	105	40	0.0175
RFC-100	98	184	16	102	45	0.0275
NLSVM-0.1	1	200	0	199	2	0.0575
NLSVM-1.0	171	67	133	29	2	0.04
NLSVM-10	2	200	0	198	3	0.0375
LDA	153	144	56	47	411	0.305
SDA-0.5	134	186	14	66	1711	0.175
SDA-1.0	133	186	14	67	1707	0.1675
SDA-1.5	133	186	14	67	1655	0.165
SDA-2.0	133	186	14	67	1752	0.1625
SDA-2.5	133	186	14	67	1703	0.1725
SDA-3.0	133	186	14	67	1589	0.165
\TheName{}-0.5	174	158	42	26	1822	0.165
\TheName{}-1.0	161	188	12	39	1759	0.175
\TheName{}-1.5	149	186	14	51	1821	0.1725
\TheName{}-2.0	143	186	14	57	1728	0.165
\TheName{}-2.5	140	186	14	60	1958	0.1825
\TheName{}-3.0	137	186	14	63	1684	0.165
SVM	169	158	42	31	3	0.005
LR	0	200	0	200	0	0.005
Ye-LDA	109	184	16	91	135	0.005
DTree-10	79	169	31	121	2	0.005
DTree-20	87	171	29	113	14	0.0025
RFC-50	63	190	10	137	19	0.01
RFC-100	69	192	8	131	80	0.0225
NLSVM-0.1	200	15	185	0	3	0.0675
NLSVM-1.0	197	51	149	3	3	0.0625
NLSVM-10	2	199	1	198	2	0.0375
LDA	126	173	27	74	355	0.26
SDA-0.5	149	169	31	51	1660	0.175
SDA-1.0	146	169	31	54	1645	0.165
SDA-1.5	146	169	31	54	1633	0.18
SDA-2.0	145	169	31	55	1684	0.1775
SDA-2.5	145	169	31	55	1699	0.1625
SDA-3.0	145	169	31	55	1841	0.1725
\TheName{}-0.5	171	181	19	29	1720	0.1725
\TheName{}-1.0	159	173	27	41	1862	0.165
\TheName{}-1.5	156	171	29	44	1743	0.165
\TheName{}-2.0	154	170	30	46	1803	0.1775
\TheName{}-2.5	151	169	31	49	1738	0.165
\TheName{}-3.0	150	169	31	50	1960	0.1725
SVM	156	168	32	44	3	0.005
LR	0	200	0	200	0	0.005
Ye-LDA	133	179	21	67	152	0.0125
DTree-10	102	173	27	98	11	0.0025
DTree-20	126	165	35	74	4	0.005
RFC-50	105	179	21	95	22	0.015
RFC-100	97	174	26	103	41	0.015
NLSVM-0.1	199	21	179	1	3	0.045
NLSVM-1.0	149	126	74	51	2	0.035
NLSVM-10	6	199	1	194	2	0.0325
LDA	132	152	48	68	368	0.305
SDA-0.5	179	156	44	21	1657	0.1675
SDA-1.0	178	156	44	22	1642	0.165
SDA-1.5	177	156	44	23	1548	0.1675
SDA-2.0	177	157	43	23	1675	0.175
SDA-2.5	177	157	43	23	1515	0.165
SDA-3.0	177	157	43	23	1666	0.205
\TheName{}-0.5	179	149	51	21	1811	0.165
\TheName{}-1.0	180	153	47	20	1578	0.175
\TheName{}-1.5	178	157	43	22	1599	0.1625
\TheName{}-2.0	177	156	44	23	1672	0.165
\TheName{}-2.5	176	157	43	24	1691	0.16
\TheName{}-3.0	177	156	44	23	1740	0.1775
SVM	158	161	39	42	4	0.0075
LR	0	200	0	200	0	0.005
Ye-LDA	174	153	47	26	133	0.005
DTree-10	85	189	11	115	12	0.005
DTree-20	108	167	33	92	37	0.0025
RFC-50	77	179	21	123	21	0.015
RFC-100	77	182	18	123	61	0.0225
NLSVM-0.1	200	11	189	0	3	0.0625
NLSVM-1.0	198	29	171	2	2	0.0425
NLSVM-10	139	185	15	61	2	0.065
LDA	162	149	51	38	378	0.34
SDA-0.5	148	174	26	52	1676	0.1625
SDA-1.0	144	175	25	56	1653	0.1675
SDA-1.5	144	175	25	56	1629	0.1625
SDA-2.0	144	175	25	56	1668	0.165
SDA-2.5	144	175	25	56	1682	0.165
SDA-3.0	142	175	25	58	1587	0.1725
\TheName{}-0.5	180	141	59	20	1815	0.1825
\TheName{}-1.0	169	177	23	31	1776	0.1625
\TheName{}-1.5	158	175	25	42	1752	0.1775
\TheName{}-2.0	153	175	25	47	1783	0.17
\TheName{}-2.5	151	174	26	49	1654	0.17
\TheName{}-3.0	150	174	26	50	1839	0.1725
SVM	169	147	53	31	4	0.0075
LR	0	200	0	200	0	0.005
Ye-LDA	155	180	20	45	128	0.0075
DTree-10	73	185	15	127	2	0.005
DTree-20	114	175	25	86	4	0.0025
RFC-50	107	185	15	93	22	0.0075
RFC-100	107	180	20	93	42	0.0225
NLSVM-0.1	110	157	43	90	2	0.045
NLSVM-1.0	194	62	138	6	2	0.035
NLSVM-10	38	198	2	162	2	0.0325
LDA	143	131	69	57	335	0.2775
SDA-0.5	150	164	36	50	1734	0.165
SDA-1.0	148	163	37	52	1554	0.1625
SDA-1.5	148	163	37	52	1699	0.1825
SDA-2.0	148	163	37	52	1585	0.165
SDA-2.5	148	163	37	52	1615	0.195
SDA-3.0	148	163	37	52	1533	0.1625
\TheName{}-0.5	174	142	58	26	1737	0.185
\TheName{}-1.0	171	164	36	29	1795	0.1625
\TheName{}-1.5	167	165	35	33	1875	0.1675
\TheName{}-2.0	164	164	36	36	1743	0.2775
\TheName{}-2.5	162	165	35	38	1858	0.165
\TheName{}-3.0	157	165	35	43	1678	0.18
SVM	178	156	44	22	2	0.015
LR	0	200	0	200	1	0.0125
Ye-LDA	149	165	35	51	136	0.0175
DTree-10	162	67	133	38	2	0.015
DTree-20	109	157	43	91	4	0.015
RFC-50	108	170	30	92	27	0.0125
RFC-100	113	168	32	87	64	0.0625
NLSVM-0.1	200	6	194	0	3	0.075
NLSVM-1.0	195	77	123	5	2	0.05
NLSVM-10	98	189	11	102	2	0.035
LDA	122	162	38	78	331	0.225
SDA-0.5	158	170	30	42	1737	0.1625
SDA-1.0	157	169	31	43	1645	0.185
SDA-1.5	157	168	32	43	1770	0.1725
SDA-2.0	157	168	32	43	1650	0.1825
SDA-2.5	157	168	32	43	1665	0.1675
SDA-3.0	157	168	32	43	1650	0.1675
\TheName{}-0.5	170	176	24	30	1751	0.1775
\TheName{}-1.0	160	171	29	40	1748	0.1975
\TheName{}-1.5	158	169	31	42	1789	0.17
\TheName{}-2.0	158	169	31	42	1715	0.175
\TheName{}-2.5	157	169	31	43	1725	0.1725
\TheName{}-3.0	157	169	31	43	1712	0.1625
SVM	154	167	33	46	2	0.005
LR	0	200	0	200	1	0.0025
Ye-LDA	147	160	40	53	137	0.0125
DTree-10	95	171	29	105	8	0.015
DTree-20	122	161	39	78	52	0.0125
RFC-50	95	177	23	105	21	0.0075
RFC-100	96	175	25	104	44	0.0775
NLSVM-0.1	0	199	1	200	30	0.265
NLSVM-1.0	187	81	119	13	2	0.04
NLSVM-10	200	26	174	0	1	0.045
LDA	142	125	75	58	328	0.255
SDA-0.5	146	166	34	54	1692	0.175
SDA-1.0	144	166	34	56	1613	0.1625
SDA-1.5	144	166	34	56	1608	0.17
SDA-2.0	144	166	34	56	1541	0.18
SDA-2.5	144	166	34	56	1524	0.1725
SDA-3.0	144	166	34	56	1650	0.17
\TheName{}-0.5	181	160	40	19	1724	0.215
\TheName{}-1.0	158	170	30	42	1678	0.16
\TheName{}-1.5	148	169	31	52	1713	0.175
\TheName{}-2.0	148	170	30	52	1700	0.165
\TheName{}-2.5	148	167	33	52	1771	0.165
\TheName{}-3.0	147	167	33	53	1726	0.175
SVM	167	150	50	33	3	0.005
LR	0	200	0	200	0	0.005
Ye-LDA	141	173	27	59	131	0.005
DTree-10	105	165	35	95	2	0.005
DTree-20	122	160	40	78	4	0.0025
RFC-50	94	177	23	106	19	0.0075
RFC-100	100	173	27	100	36	0.02
NLSVM-0.1	200	14	186	0	3	0.045
NLSVM-1.0	196	58	142	4	1	0.035
NLSVM-10	200	0	200	0	2	0.0325
LDA	162	151	49	38	414	0.25
SDA-0.5	113	168	32	87	1620	0.1625
SDA-1.0	113	167	33	87	1715	0.1625
SDA-1.5	112	166	34	88	1631	0.175
SDA-2.0	112	166	34	88	1633	0.165
SDA-2.5	111	166	34	89	1710	0.165
SDA-3.0	111	166	34	89	1735	0.17
\TheName{}-0.5	147	91	109	53	1920	0.1725
\TheName{}-1.0	152	164	36	48	1730	0.1625
\TheName{}-1.5	129	166	34	71	1613	0.1675
\TheName{}-2.0	122	169	31	78	1741	0.17
\TheName{}-2.5	122	168	32	78	1748	0.1725
\TheName{}-3.0	120	167	33	80	1834	0.17
SVM	155	166	34	45	4	0.005
LR	0	200	0	200	0	0.0175
Ye-LDA	129	163	37	71	131	0.015
DTree-10	92	151	49	108	2	0.01
DTree-20	129	146	54	71	4	0.005
RFC-50	100	171	29	100	22	0.0075
RFC-100	102	167	33	98	39	0.02
NLSVM-0.1	0	200	0	200	3	0.0425
NLSVM-1.0	35	192	8	165	2	0.035
NLSVM-10	164	137	63	36	2	0.03
LDA	121	146	54	79	387	0.1825
SDA-0.5	133	167	33	67	1596	0.1725
SDA-1.0	130	167	33	70	1698	0.17
SDA-1.5	130	167	33	70	1583	0.1725
SDA-2.0	130	166	34	70	1679	0.17
SDA-2.5	130	166	34	70	1616	0.175
SDA-3.0	130	166	34	70	1765	0.165
\TheName{}-0.5	152	176	24	48	2029	0.165
\TheName{}-1.0	145	175	25	55	1685	0.19
\TheName{}-1.5	140	169	31	60	1807	0.165
\TheName{}-2.0	136	169	31	64	1788	0.16
\TheName{}-2.5	134	166	34	66	1851	0.275
\TheName{}-3.0	133	166	34	67	1784	0.1625
SVM	145	145	55	55	4	0.005
LR	0	200	0	200	0	0.005
Ye-LDA	130	177	23	70	132	0.0075
DTree-10	71	172	28	129	2	0.0025
DTree-20	108	160	40	92	4	0.005
RFC-50	101	166	34	99	19	0.0075
RFC-100	109	165	35	91	37	0.02
NLSVM-0.1	198	18	182	2	3	0.045
NLSVM-1.0	166	72	128	34	1	0.0375
NLSVM-10	190	113	87	10	1	0.035
LDA	160	124	76	40	336	0.1725
SDA-0.5	123	171	29	77	1664	0.1775
SDA-1.0	122	169	31	78	1699	0.175
SDA-1.5	122	169	31	78	1592	0.165
SDA-2.0	122	169	31	78	1491	0.1625
SDA-2.5	122	169	31	78	1616	0.165
SDA-3.0	122	169	31	78	1518	0.1775
\TheName{}-0.5	132	113	87	68	1754	0.17
\TheName{}-1.0	149	171	29	51	1617	0.1775
\TheName{}-1.5	139	173	27	61	1694	0.1725
\TheName{}-2.0	134	173	27	66	1785	0.18
\TheName{}-2.5	130	172	28	70	1616	0.1625
\TheName{}-3.0	126	172	28	74	1766	0.165
SVM	173	152	48	27	2	0.0075
LR	0	200	0	200	0	0.005
Ye-LDA	114	163	37	86	198	0.0625
DTree-10	97	152	48	103	11	0.0125
DTree-20	121	141	59	79	39	0.005
RFC-50	94	174	26	106	19	0.0075
RFC-100	92	175	25	108	41	0.0225
NLSVM-0.1	200	25	175	0	2	0.045
NLSVM-1.0	199	53	147	1	2	0.0375
NLSVM-10	122	175	25	78	2	0.03
LDA	158	141	59	42	341	0.2625
SDA-0.5	111	169	31	89	1622	0.17
SDA-1.0	108	168	32	92	1622	0.165
SDA-1.5	108	168	32	92	1585	0.1625
SDA-2.0	106	168	32	94	1561	0.165
SDA-2.5	106	167	33	94	1567	0.1725
SDA-3.0	106	167	33	94	1614	0.165
\TheName{}-0.5	176	129	71	24	1728	0.165
\TheName{}-1.0	124	173	27	76	1773	0.1725
\TheName{}-1.5	117	171	29	83	1637	0.165
\TheName{}-2.0	114	170	30	86	1733	0.1625
\TheName{}-2.5	111	170	30	89	1801	0.1875
\TheName{}-3.0	109	169	31	91	1670	0.18
SVM	175	160	40	25	3	0.005
LR	0	200	0	200	1	0.0025
Ye-LDA	119	169	31	81	127	0.0075
DTree-10	106	160	40	94	14	0.0025
DTree-20	125	148	52	75	4	0.005
RFC-50	97	166	34	103	19	0.0075
RFC-100	91	166	34	109	37	0.02
NLSVM-0.1	3	200	0	197	3	0.0675
NLSVM-1.0	190	57	143	10	2	0.035
NLSVM-10	184	121	79	16	2	0.03
LDA	148	140	60	52	332	0.2675
SDA-0.5	125	166	34	75	1736	0.1625
SDA-1.0	123	166	34	77	1545	0.1675
SDA-1.5	122	166	34	78	1753	0.1775
SDA-2.0	122	166	34	78	1581	0.17
SDA-2.5	122	166	34	78	1651	0.1675
SDA-3.0	121	166	34	79	1578	0.165
\TheName{}-0.5	169	166	34	31	1761	0.1775
\TheName{}-1.0	139	166	34	61	1812	0.165
\TheName{}-1.5	136	166	34	64	1711	0.17
\TheName{}-2.0	133	166	34	67	1813	0.18
\TheName{}-2.5	132	166	34	68	1804	0.165
\TheName{}-3.0	130	166	34	70	1740	0.165
SVM	160	152	48	40	2	0.0075
LR	0	200	0	200	0	0.005
Ye-LDA	122	171	29	78	127	0.0025
DTree-10	76	172	28	124	3	0.0
DTree-20	95	161	39	105	7	0.01
RFC-50	92	173	27	108	13	0.03
RFC-100	85	172	28	115	38	0.0175
NLSVM-0.1	200	31	169	0	3	0.0475
NLSVM-1.0	191	66	134	9	2	0.0375
NLSVM-10	0	200	0	200	2	0.0325
LDA	121	156	44	79	301	0.245
SDA-0.5	159	174	26	41	1588	0.18
SDA-1.0	155	174	26	45	1503	0.1625
SDA-1.5	155	173	27	45	1537	0.16
SDA-2.0	153	173	27	47	1486	0.17
SDA-2.5	153	173	27	47	1528	0.165
SDA-3.0	153	173	27	47	1480	0.1675
\TheName{}-0.5	175	161	39	25	1630	0.165
\TheName{}-1.0	160	170	30	40	1670	0.165
\TheName{}-1.5	159	172	28	41	1683	0.1625
\TheName{}-2.0	157	172	28	43	1629	0.1725
\TheName{}-2.5	157	172	28	43	1737	0.17
\TheName{}-3.0	157	173	27	43	1665	0.17
SVM	169	151	49	31	4	0.0075
LR	0	200	0	200	0	0.005
Ye-LDA	140	173	27	60	133	0.0075
DTree-10	82	180	20	118	2	0.005
DTree-20	119	164	36	81	14	0.0075
RFC-50	101	183	17	99	24	0.01
RFC-100	99	183	17	101	44	0.025
NLSVM-0.1	72	165	35	128	2	0.045
NLSVM-1.0	168	97	103	32	1	0.035
NLSVM-10	200	0	200	0	2	0.0325
LDA	152	123	77	48	337	0.29
SDA-0.5	120	163	37	80	1618	0.165
SDA-1.0	117	163	37	83	1575	0.165
SDA-1.5	117	163	37	83	1619	0.165
SDA-2.0	116	163	37	84	1601	0.175
SDA-2.5	116	163	37	84	1629	0.165
SDA-3.0	116	163	37	84	1721	0.1725
\TheName{}-0.5	165	159	41	35	1787	0.165
\TheName{}-1.0	126	164	36	74	1813	0.175
\TheName{}-1.5	123	164	36	77	1720	0.1625
\TheName{}-2.0	120	164	36	80	1736	0.17
\TheName{}-2.5	120	164	36	80	1791	0.1725
\TheName{}-3.0	120	163	37	80	1735	0.1875
SVM	148	154	46	52	4	0.01
LR	0	200	0	200	1	0.0125
Ye-LDA	132	167	33	68	159	0.015
DTree-10	84	153	47	116	3	0.01
DTree-20	93	142	58	107	7	0.015
RFC-50	90	169	31	110	34	0.0125
RFC-100	92	171	29	108	66	0.0275
NLSVM-0.1	2	200	0	198	2	0.0525
NLSVM-1.0	6	200	0	194	2	0.0325
NLSVM-10	1	200	0	199	2	0.0325
LDA	167	131	69	33	343	0.3025
SDA-0.5	134	178	22	66	1690	0.165
SDA-1.0	132	177	23	68	1632	0.17
SDA-1.5	132	177	23	68	1536	0.1625
SDA-2.0	133	177	23	67	1585	0.165
SDA-2.5	133	177	23	67	1536	0.1625
SDA-3.0	130	177	23	70	1658	0.175
\TheName{}-0.5	176	105	95	24	1745	0.1625
\TheName{}-1.0	176	165	35	24	1723	0.1675
\TheName{}-1.5	155	174	26	45	1637	0.175
\TheName{}-2.0	147	176	24	53	1783	0.1675
\TheName{}-2.5	144	179	21	56	1800	0.1625
\TheName{}-3.0	143	179	21	57	1790	0.18
SVM	158	156	44	42	5	0.005
LR	0	200	0	200	1	0.0025
Ye-LDA	129	165	35	71	153	0.065
DTree-10	67	182	18	133	11	0.0675
DTree-20	83	175	25	117	4	0.015
RFC-50	90	191	9	110	23	0.0125
RFC-100	87	191	9	113	52	0.025
NLSVM-0.1	200	13	187	0	3	0.0525
NLSVM-1.0	186	53	147	14	2	0.035
NLSVM-10	1	200	0	199	2	0.0325
LDA	127	125	75	73	341	0.2625
SDA-0.5	137	182	18	63	1580	0.1625
SDA-1.0	134	183	17	66	1587	0.1825
SDA-1.5	134	183	17	66	1670	0.165
SDA-2.0	134	183	17	66	1643	0.175
SDA-2.5	134	183	17	66	1617	0.1625
SDA-3.0	134	183	17	66	1625	0.17
\TheName{}-0.5	169	171	29	31	1748	0.1625
\TheName{}-1.0	147	183	17	53	1676	0.1725
\TheName{}-1.5	142	183	17	58	1732	0.175
\TheName{}-2.0	139	184	16	61	1709	0.1625
\TheName{}-2.5	137	184	16	63	1702	0.175
\TheName{}-3.0	138	183	17	62	1775	0.175
SVM	156	170	30	44	2	0.005
LR	0	200	0	200	0	0.0025
Ye-LDA	133	174	26	67	130	0.005
DTree-10	75	187	13	125	13	0.005
DTree-20	124	171	29	76	4	0.005
RFC-50	99	181	19	101	21	0.0075
RFC-100	97	183	17	103	41	0.0275
NLSVM-0.1	200	19	181	0	3	0.0725
NLSVM-1.0	5	199	1	195	2	0.035
NLSVM-10	200	31	169	0	2	0.0325
LDA	159	159	41	41	399	0.225
SDA-0.5	111	178	22	89	1639	0.1775
SDA-1.0	110	178	22	90	1658	0.165
SDA-1.5	110	177	23	90	1557	0.17
SDA-2.0	110	177	23	90	1670	0.1625
SDA-2.5	110	177	23	90	1652	0.165
SDA-3.0	110	177	23	90	1652	0.1625
\TheName{}-0.5	153	100	100	47	1839	0.18
\TheName{}-1.0	153	179	21	47	1643	0.165
\TheName{}-1.5	130	179	21	70	1770	0.1625
\TheName{}-2.0	119	178	22	81	1974	0.175
\TheName{}-2.5	116	177	23	84	1683	0.17
\TheName{}-3.0	116	177	23	84	1727	0.165
SVM	176	173	27	24	4	0.005
LR	0	200	0	200	0	0.005
Ye-LDA	115	183	17	85	125	0.005
DTree-10	88	168	32	112	2	0.005
DTree-20	112	143	57	88	4	0.01
RFC-50	99	179	21	101	26	0.03
RFC-100	107	168	32	93	45	0.0225
NLSVM-0.1	200	23	177	0	2	0.045
NLSVM-1.0	15	198	2	185	2	0.035
NLSVM-10	166	144	56	34	2	0.0325
LDA	154	146	54	46	388	0.265
SDA-0.5	98	186	14	102	1608	0.1725
SDA-1.0	98	184	16	102	1618	0.1675
SDA-1.5	99	184	16	101	1423	0.165
SDA-2.0	99	184	16	101	1585	0.165
SDA-2.5	99	184	16	101	1570	0.1825
SDA-3.0	99	184	16	101	1577	0.165
\TheName{}-0.5	138	56	144	62	1672	0.1625
\TheName{}-1.0	153	187	13	47	1744	0.1875
\TheName{}-1.5	120	189	11	80	1573	0.1625
\TheName{}-2.0	110	188	12	90	1702	0.1725
\TheName{}-2.5	108	187	13	92	1812	0.1625
\TheName{}-3.0	106	186	14	94	1602	0.1625
SVM	161	170	30	39	3	0.005
LR	0	200	0	200	0	0.005
Ye-LDA	131	181	19	69	125	0.0025
DTree-10	105	160	40	95	3	0.0025
DTree-20	129	146	54	71	5	0.0025
RFC-50	99	181	19	101	18	0.01
RFC-100	94	180	20	106	39	0.02
NLSVM-0.1	200	19	181	0	3	0.0475
NLSVM-1.0	167	107	93	33	2	0.0475
NLSVM-10	4	199	1	196	5	0.03
LDA	121	142	58	79	387	0.2375
SDA-0.5	115	179	21	85	1501	0.175
SDA-1.0	115	177	23	85	1597	0.1975
SDA-1.5	115	177	23	85	1554	0.18
SDA-2.0	115	177	23	85	1602	0.17
SDA-2.5	115	177	23	85	1534	0.17
SDA-3.0	115	177	23	85	1874	0.1675
\TheName{}-0.5	141	90	110	59	1713	0.1675
\TheName{}-1.0	160	184	16	40	1601	0.165
\TheName{}-1.5	134	179	21	66	1637	0.17
\TheName{}-2.0	128	179	21	72	1714	0.165
\TheName{}-2.5	125	177	23	75	1620	0.165
\TheName{}-3.0	123	177	23	77	1646	0.175
SVM	145	168	32	55	3	0.005
LR	200	0	200	0	1	0.0025
Ye-LDA	155	170	30	45	122	0.005
DTree-10	72	185	15	128	2	0.005
DTree-20	106	160	40	94	3	0.005
RFC-50	85	183	17	115	18	0.01
RFC-100	85	185	15	115	38	0.02
NLSVM-0.1	3	200	0	197	2	0.045
NLSVM-1.0	24	199	1	176	2	0.035
NLSVM-10	67	195	5	133	2	0.0325
LDA	93	156	44	107	329	0.335
SDA-0.5	133	174	26	67	1711	0.1975
SDA-1.0	131	175	25	69	1645	0.1625
SDA-1.5	132	176	24	68	1672	0.165
SDA-2.0	134	176	24	66	1784	0.195
SDA-2.5	133	176	24	67	1667	0.1675
SDA-3.0	133	175	25	67	1697	0.1775
\TheName{}-0.5	144	180	20	56	1776	0.195
\TheName{}-1.0	134	178	22	66	1742	0.175
\TheName{}-1.5	134	177	23	66	1738	0.17
\TheName{}-2.0	135	176	24	65	1746	0.1625
\TheName{}-2.5	136	176	24	64	1798	0.17
\TheName{}-3.0	136	175	25	64	1796	0.18
SVM	139	167	33	61	2	0.0075
LR	0	200	0	200	0	0.005
Ye-LDA	122	177	23	78	133	0.005
DTree-10	73	173	27	127	2	0.005
DTree-20	106	162	38	94	11	0.005
RFC-50	106	177	23	94	21	0.01
RFC-100	98	179	21	102	39	0.0275
NLSVM-0.1	0	200	0	200	2	0.0575
NLSVM-1.0	50	191	9	150	2	0.0375
NLSVM-10	16	200	0	184	2	0.0375
LDA	111	127	73	89	368	0.275
SDA-0.5	152	179	21	48	1783	0.1625
SDA-1.0	149	179	21	51	1597	0.1725
SDA-1.5	149	179	21	51	1546	0.1725
SDA-2.0	149	179	21	51	1676	0.165
SDA-2.5	148	179	21	52	1789	0.165
SDA-3.0	148	179	21	52	1676	0.1775
\TheName{}-0.5	157	104	96	43	1697	0.1775
\TheName{}-1.0	180	168	32	20	1724	0.165
\TheName{}-1.5	165	181	19	35	1618	0.165
\TheName{}-2.0	160	181	19	40	1696	0.1725
\TheName{}-2.5	160	178	22	40	1804	0.165
\TheName{}-3.0	158	178	22	42	1778	0.1625
SVM	165	160	40	35	4	0.005
LR	0	200	0	200	1	0.0025
Ye-LDA	168	169	31	32	132	0.0025
DTree-10	108	170	30	92	3	0.0025
DTree-20	131	156	44	69	4	0.0025
RFC-50	101	182	18	99	20	0.01
RFC-100	110	178	22	90	48	0.0225
NLSVM-0.1	1	199	1	199	9	0.085
NLSVM-1.0	178	83	117	22	2	0.04
NLSVM-10	199	75	125	1	2	0.05
LDA	114	137	63	86	387	0.25
SDA-0.5	117	167	33	83	1646	0.1675
SDA-1.0	116	166	34	84	1627	0.18
SDA-1.5	116	166	34	84	1631	0.17
SDA-2.0	116	166	34	84	1610	0.18
SDA-2.5	116	166	34	84	1714	0.1675
SDA-3.0	117	165	35	83	1612	0.1625
\TheName{}-0.5	140	110	90	60	1756	0.1625
\TheName{}-1.0	144	171	29	56	1816	0.1725
\TheName{}-1.5	125	169	31	75	1797	0.165
\TheName{}-2.0	123	169	31	77	1797	0.185
\TheName{}-2.5	122	168	32	78	1771	0.1775
\TheName{}-3.0	122	168	32	78	1752	0.1675
SVM	149	179	21	51	3	0.005
LR	0	200	0	200	0	0.005
Ye-LDA	118	168	32	82	128	0.005
DTree-10	93	171	29	107	2	0.005
DTree-20	122	160	40	78	4	0.005
RFC-50	98	180	20	102	20	0.015
RFC-100	99	182	18	101	41	0.0225
NLSVM-0.1	198	12	188	2	2	0.0575
NLSVM-1.0	180	50	150	20	2	0.075
NLSVM-10	200	6	194	0	2	0.0375
LDA	138	140	60	62	355	0.295
SDA-0.5	131	174	26	69	1690	0.165
SDA-1.0	130	174	26	70	1655	0.1725
SDA-1.5	130	174	26	70	1601	0.185
SDA-2.0	130	173	27	70	1587	0.175
SDA-2.5	130	173	27	70	1606	0.165
SDA-3.0	130	173	27	70	1767	0.175
\TheName{}-0.5	159	158	42	41	1677	0.1625
\TheName{}-1.0	140	179	21	60	1746	0.17
\TheName{}-1.5	138	175	25	62	1582	0.1625
\TheName{}-2.0	137	176	24	63	1715	0.1725
\TheName{}-2.5	132	175	25	68	1742	0.1725
\TheName{}-3.0	133	174	26	67	1720	0.165
SVM	164	179	21	36	3	0.0075
LR	0	200	0	200	0	0.005
Ye-LDA	116	178	22	84	134	0.005
DTree-10	109	168	32	91	3	0.0025
DTree-20	120	158	42	80	4	0.005
RFC-50	109	173	27	91	20	0.01
RFC-100	110	170	30	90	41	0.0225
NLSVM-0.1	200	13	187	0	3	0.045
NLSVM-1.0	185	82	118	15	2	0.045
NLSVM-10	53	199	1	147	2	0.0375
LDA	173	140	60	27	344	0.28
SDA-0.5	158	179	21	42	1758	0.18
SDA-1.0	158	177	23	42	1613	0.1675
SDA-1.5	156	177	23	44	1685	0.165
SDA-2.0	156	177	23	44	1673	0.165
SDA-2.5	156	177	23	44	1742	0.1675
SDA-3.0	156	177	23	44	1735	0.1675
\TheName{}-0.5	123	125	75	77	1694	0.165
\TheName{}-1.0	176	181	19	24	1782	0.165
\TheName{}-1.5	167	183	17	33	1778	0.175
\TheName{}-2.0	168	183	17	32	1819	0.1625
\TheName{}-2.5	164	180	20	36	1768	0.1775
\TheName{}-3.0	163	179	21	37	1706	0.175
SVM	176	163	37	24	3	0.005
LR	0	200	0	200	1	0.0025
Ye-LDA	141	161	39	59	131	0.005
DTree-10	102	178	22	98	2	0.005
DTree-20	135	165	35	65	4	0.0025
RFC-50	122	174	26	78	22	0.0125
RFC-100	118	176	24	82	43	0.0225
NLSVM-0.1	109	168	32	91	3	0.0425
NLSVM-1.0	200	38	162	0	2	0.035
NLSVM-10	197	104	96	3	2	0.0325
LDA	146	148	52	54	314	0.305
SDA-0.5	157	181	19	43	1881	0.1625
SDA-1.0	157	181	19	43	1570	0.16
SDA-1.5	156	181	19	44	1733	0.165
SDA-2.0	156	181	19	44	1594	0.1625
SDA-2.5	156	181	19	44	1618	0.165
SDA-3.0	156	181	19	44	1618	0.1675
\TheName{}-0.5	150	142	58	50	1751	0.165
\TheName{}-1.0	162	184	16	38	1739	0.1875
\TheName{}-1.5	156	182	18	44	1770	0.165
\TheName{}-2.0	158	182	18	42	1698	0.175
\TheName{}-2.5	157	181	19	43	1725	0.175
\TheName{}-3.0	156	181	19	44	1683	0.1625
SVM	159	159	41	41	3	0.015
LR	0	200	0	200	1	0.005
Ye-LDA	147	182	18	53	144	0.04
DTree-10	98	187	13	102	2	0.0075
DTree-20	127	169	31	73	3	0.005
RFC-50	102	187	13	98	36	0.0975
RFC-100	102	182	18	98	40	0.025
NLSVM-0.1	2	200	0	198	7	0.0475
NLSVM-1.0	189	61	139	11	12	0.04
NLSVM-10	200	8	192	0	1	0.035
LDA	107	143	57	93	358	0.3125
SDA-0.5	161	159	41	39	1670	0.1625
SDA-1.0	158	159	41	42	1639	0.165
SDA-1.5	155	159	41	45	1660	0.18
SDA-2.0	155	159	41	45	1624	0.1625
SDA-2.5	155	159	41	45	1622	0.1675
SDA-3.0	155	159	41	45	1687	0.18
\TheName{}-0.5	177	151	49	23	1741	0.1725
\TheName{}-1.0	166	160	40	34	1713	0.1625
\TheName{}-1.5	162	159	41	38	1764	0.1725
\TheName{}-2.0	162	159	41	38	1700	0.1725
\TheName{}-2.5	159	159	41	41	1735	0.17
\TheName{}-3.0	159	159	41	41	1710	0.1625
SVM	168	142	58	32	2	0.0075
LR	200	0	200	0	0	0.005
Ye-LDA	163	145	55	37	122	0.0025
DTree-10	78	177	23	122	12	0.005
DTree-20	104	158	42	96	4	0.005
RFC-50	83	175	25	117	20	0.01
RFC-100	81	173	27	119	40	0.0225
NLSVM-0.1	0	200	0	200	3	0.045
NLSVM-1.0	196	68	132	4	2	0.0325
NLSVM-10	7	200	0	193	2	0.0325
LDA	144	136	64	56	374	0.28
SDA-0.5	133	167	33	67	1555	0.175
SDA-1.0	133	167	33	67	1692	0.1725
SDA-1.5	131	167	33	69	1633	0.1725
SDA-2.0	131	167	33	69	1669	0.1675
SDA-2.5	130	167	33	70	1614	0.1725
SDA-3.0	130	167	33	70	1689	0.1625
\TheName{}-0.5	162	163	37	38	1891	0.1625
\TheName{}-1.0	140	173	27	60	1743	0.1675
\TheName{}-1.5	136	168	32	64	1678	0.2125
\TheName{}-2.0	134	168	32	66	1739	0.1625
\TheName{}-2.5	134	168	32	66	1846	0.17
\TheName{}-3.0	133	168	32	67	1702	0.1725
SVM	163	145	55	37	3	0.0075
LR	0	200	0	200	0	0.005
Ye-LDA	136	171	29	64	121	0.005
DTree-10	94	160	40	106	3	0.0025
DTree-20	115	146	54	85	4	0.005
RFC-50	100	165	35	100	19	0.0075
RFC-100	98	172	28	102	44	0.0225
NLSVM-0.1	70	168	32	130	10	0.05
NLSVM-1.0	175	80	120	25	5	0.0325
NLSVM-10	16	200	0	184	2	0.035
LDA	162	128	72	38	363	0.2825
SDA-0.5	135	171	29	65	1563	0.1775
SDA-1.0	134	170	30	66	1661	0.1675
SDA-1.5	134	171	29	66	1557	0.175
SDA-2.0	134	171	29	66	1634	0.165
SDA-2.5	133	171	29	67	1667	0.1675
SDA-3.0	133	171	29	67	1733	0.1625
\TheName{}-0.5	179	150	50	21	1754	0.17
\TheName{}-1.0	157	174	26	43	1854	0.1775
\TheName{}-1.5	147	173	27	53	1809	0.185
\TheName{}-2.0	143	174	26	57	1816	0.2075
\TheName{}-2.5	143	174	26	57	1715	0.1675
\TheName{}-3.0	141	173	27	59	1773	0.165
SVM	178	139	61	22	5	0.005
LR	0	200	0	200	0	0.005
Ye-LDA	130	178	22	70	127	0.0075
DTree-10	108	174	26	92	13	0.005
DTree-20	129	164	36	71	4	0.005
RFC-50	92	178	22	108	18	0.0075
RFC-100	90	182	18	110	34	0.02
NLSVM-0.1	126	133	67	74	2	0.045
NLSVM-1.0	33	180	20	167	2	0.035
NLSVM-10	199	75	125	1	1	0.0325
LDA	180	146	54	20	353	0.2475
SDA-0.5	142	178	22	58	1640	0.1675
SDA-1.0	142	177	23	58	1760	0.1625
SDA-1.5	140	177	23	60	1514	0.1625
SDA-2.0	140	178	22	60	1553	0.1625
SDA-2.5	139	178	22	61	1622	0.18
SDA-3.0	139	178	22	61	1549	0.165
\TheName{}-0.5	133	133	67	67	1704	0.1625
\TheName{}-1.0	164	177	23	36	1805	0.2425
\TheName{}-1.5	152	177	23	48	1676	0.175
\TheName{}-2.0	148	177	23	52	1678	0.1625
\TheName{}-2.5	145	176	24	55	1805	0.165
\TheName{}-3.0	145	177	23	55	1592	0.165
SVM	176	170	30	24	2	0.005
LR	0	200	0	200	0	0.005
Ye-LDA	127	174	26	73	132	0.0025
DTree-10	89	173	27	111	3	0.005
DTree-20	102	174	26	98	4	0.005
RFC-50	93	183	17	107	20	0.01
RFC-100	97	187	13	103	39	0.0125
NLSVM-0.1	200	27	173	0	2	0.045
NLSVM-1.0	197	55	145	3	2	0.0375
NLSVM-10	200	6	194	0	2	0.0325
LDA	139	146	54	61	345	0.24
SDA-0.5	159	186	14	41	1735	0.1675
SDA-1.0	159	186	14	41	1710	0.165
SDA-1.5	159	186	14	41	1706	0.1625
SDA-2.0	158	186	14	42	1677	0.195
SDA-2.5	158	186	14	42	1657	0.1625
SDA-3.0	158	186	14	42	1706	0.165
\TheName{}-0.5	174	177	23	26	1816	0.17
\TheName{}-1.0	168	181	19	32	1759	0.1725
\TheName{}-1.5	163	184	16	37	1724	0.1825
\TheName{}-2.0	161	184	16	39	1795	0.1825
\TheName{}-2.5	161	184	16	39	1810	0.18
\TheName{}-3.0	159	184	16	41	1850	0.1675
SVM	161	172	28	39	4	0.005
LR	200	0	200	0	0	0.005
Ye-LDA	187	143	57	13	152	0.0075
DTree-10	73	174	26	127	2	0.005
DTree-20	113	154	46	87	4	0.0025
RFC-50	115	176	24	85	31	0.0125
RFC-100	118	173	27	82	57	0.03
NLSVM-0.1	198	16	184	2	3	0.045
NLSVM-1.0	190	52	148	10	2	0.035
NLSVM-10	200	0	200	0	2	0.0375
LDA	165	150	50	35	401	0.505
SDA-0.5	138	158	42	62	1587	0.1725
SDA-1.0	136	158	42	64	1641	0.2125
SDA-1.5	136	158	42	64	1611	0.165
SDA-2.0	136	158	42	64	1540	0.1625
SDA-2.5	135	158	42	65	1645	0.1625
SDA-3.0	135	158	42	65	1567	0.1725
\TheName{}-0.5	163	166	34	37	1713	0.1625
\TheName{}-1.0	147	162	38	53	1713	0.165
\TheName{}-1.5	138	160	40	62	1684	0.175
\TheName{}-2.0	136	158	42	64	1649	0.165
\TheName{}-2.5	136	158	42	64	1686	0.165
\TheName{}-3.0	136	158	42	64	1624	0.16
SVM	182	156	44	18	4	0.005
LR	0	200	0	200	0	0.005
Ye-LDA	143	153	47	57	125	0.005
DTree-10	118	143	57	82	2	0.005
DTree-20	137	132	68	63	4	0.005
RFC-50	110	163	37	90	17	0.01
RFC-100	109	165	35	91	36	0.02
NLSVM-0.1	200	15	185	0	2	0.0425
NLSVM-1.0	42	192	8	158	2	0.035
NLSVM-10	144	149	51	56	2	0.035
LDA	140	152	48	60	330	0.285
SDA-0.5	175	179	21	25	1723	0.1725
SDA-1.0	173	179	21	27	1640	0.1625
SDA-1.5	173	179	21	27	1612	0.1775
SDA-2.0	173	179	21	27	1770	0.18
SDA-2.5	173	179	21	27	1628	0.17
SDA-3.0	173	179	21	27	1781	0.175
\TheName{}-0.5	186	148	52	14	1770	0.165
\TheName{}-1.0	184	164	36	16	1704	0.1725
\TheName{}-1.5	178	170	30	22	1721	0.165
\TheName{}-2.0	177	173	27	23	1683	0.17
\TheName{}-2.5	176	172	28	24	1962	0.1625
\TheName{}-3.0	174	177	23	26	1705	0.185
SVM	166	160	40	34	3	0.005
LR	0	200	0	200	1	0.005
Ye-LDA	160	170	30	40	131	0.0025
DTree-10	181	92	108	19	19	0.005
DTree-20	177	131	69	23	4	0.0025
RFC-50	81	189	11	119	23	0.0125
RFC-100	88	187	13	112	45	0.0275
NLSVM-0.1	3	200	0	197	2	0.045
NLSVM-1.0	199	82	118	1	2	0.0475
NLSVM-10	200	0	200	0	1	0.035
LDA	135	142	58	65	354	0.23
SDA-0.5	119	177	23	81	1635	0.17
SDA-1.0	121	176	24	79	1638	0.165
SDA-1.5	121	175	25	79	1604	0.1725
SDA-2.0	121	175	25	79	1689	0.2025
SDA-2.5	121	175	25	79	1656	0.1625
SDA-3.0	121	175	25	79	1577	0.1625
\TheName{}-0.5	170	117	83	30	1712	0.175
\TheName{}-1.0	154	175	25	46	1671	0.16
\TheName{}-1.5	136	177	23	64	1710	0.165
\TheName{}-2.0	125	177	23	75	1619	0.165
\TheName{}-2.5	124	176	24	76	1705	0.18
\TheName{}-3.0	122	176	24	78	1622	0.165
SVM	163	159	41	37	3	0.005
LR	0	200	0	200	1	0.005
Ye-LDA	146	180	20	54	126	0.005
DTree-10	78	176	24	122	2	0.005
DTree-20	104	167	33	96	4	0.005
RFC-50	87	180	20	113	23	0.0275
RFC-100	90	182	18	110	53	0.0225
NLSVM-0.1	200	10	190	0	2	0.045
NLSVM-1.0	193	48	152	7	2	0.035
NLSVM-10	22	200	0	178	2	0.0325
LDA	93	127	73	107	370	0.2475
SDA-0.5	129	168	32	71	1759	0.16
SDA-1.0	126	169	31	74	1623	0.1825
SDA-1.5	126	170	30	74	1601	0.1625
SDA-2.0	126	170	30	74	1636	0.165
SDA-2.5	126	170	30	74	1641	0.1625
SDA-3.0	125	170	30	75	1590	0.1725
\TheName{}-0.5	129	97	103	71	1719	0.1625
\TheName{}-1.0	151	171	29	49	1678	0.165
\TheName{}-1.5	140	171	29	60	1754	0.1625
\TheName{}-2.0	131	171	29	69	1822	0.1875
\TheName{}-2.5	131	171	29	69	1823	0.165
\TheName{}-3.0	130	169	31	70	1665	0.195
SVM	150	149	51	50	4	0.0125
LR	0	200	0	200	0	0.01
Ye-LDA	116	169	31	84	172	0.055
DTree-10	87	171	29	113	13	0.0075
DTree-20	111	161	39	89	4	0.005
RFC-50	88	177	23	112	20	0.0075
RFC-100	87	178	22	113	41	0.0225
NLSVM-0.1	200	18	182	0	2	0.045
NLSVM-1.0	194	69	131	6	2	0.035
NLSVM-10	2	200	0	198	2	0.045
LDA	146	151	49	54	329	0.2625
SDA-0.5	114	166	34	86	1704	0.1725
SDA-1.0	109	165	35	91	1558	0.1625
SDA-1.5	108	164	36	92	1708	0.1625
SDA-2.0	108	164	36	92	1641	0.17
SDA-2.5	108	164	36	92	1683	0.175
SDA-3.0	108	164	36	92	1636	0.1625
\TheName{}-0.5	139	82	118	61	1805	0.1625
\TheName{}-1.0	155	164	36	45	1676	0.16
\TheName{}-1.5	130	168	32	70	1733	0.1875
\TheName{}-2.0	126	167	33	74	1867	0.1625
\TheName{}-2.5	119	166	34	81	1685	0.1625
\TheName{}-3.0	115	165	35	85	1900	0.19
SVM	167	165	35	33	3	0.0175
LR	0	200	0	200	1	0.01
Ye-LDA	147	158	42	53	148	0.02
DTree-10	88	184	16	112	5	0.02
DTree-20	118	167	33	82	5	0.0175
RFC-50	101	163	37	99	33	0.1125
RFC-100	109	163	37	91	13	0.0275
NLSVM-0.1	200	14	186	0	2	0.1025
NLSVM-1.0	190	63	137	10	2	0.045
NLSVM-10	103	175	25	97	2	0.0475
LDA	143	151	49	57	365	0.275
SDA-0.5	96	180	20	104	1616	0.1625
SDA-1.0	93	180	20	107	1619	0.1625
SDA-1.5	93	180	20	107	1598	0.165
SDA-2.0	93	180	20	107	1729	0.2
SDA-2.5	92	180	20	108	1628	0.1625
SDA-3.0	92	179	21	108	1520	0.16
\TheName{}-0.5	182	129	71	18	1727	0.1675
\TheName{}-1.0	110	176	24	90	1691	0.17
\TheName{}-1.5	98	177	23	102	1694	0.175
\TheName{}-2.0	97	178	22	103	1690	0.1675
\TheName{}-2.5	97	179	21	103	1656	0.165
\TheName{}-3.0	97	179	21	103	1621	0.1625
SVM	153	156	44	47	3	0.005
LR	0	200	0	200	0	0.005
Ye-LDA	111	168	32	89	125	0.0075
DTree-10	84	161	39	116	2	0.0025
DTree-20	100	152	48	100	9	0.005
RFC-50	71	183	17	129	6	0.01
RFC-100	79	176	24	121	38	0.02
NLSVM-0.1	0	200	0	200	2	0.045
NLSVM-1.0	143	114	86	57	2	0.035
NLSVM-10	24	199	1	176	2	0.0325
LDA	148	138	62	52	402	0.28
SDA-0.5	148	170	30	52	1592	0.165
SDA-1.0	147	171	29	53	1709	0.165
SDA-1.5	147	172	28	53	1659	0.16
SDA-2.0	146	173	27	54	1611	0.165
SDA-2.5	145	173	27	55	1704	0.1775
SDA-3.0	145	173	27	55	1620	0.165
\TheName{}-0.5	181	180	20	19	1760	0.165
\TheName{}-1.0	159	176	24	41	1832	0.165
\TheName{}-1.5	155	175	25	45	1723	0.1775
\TheName{}-2.0	151	173	27	49	1897	0.1675
\TheName{}-2.5	149	172	28	51	1744	0.165
\TheName{}-3.0	149	172	28	51	1755	0.175
SVM	176	152	48	24	3	0.005
LR	0	200	0	200	0	0.005
Ye-LDA	140	176	24	60	135	0.0025
DTree-10	76	171	29	124	11	0.0
DTree-20	128	158	42	72	5	0.005
RFC-50	95	187	13	105	7	0.0075
RFC-100	108	184	16	92	40	0.025
NLSVM-0.1	199	14	186	1	2	0.045
NLSVM-1.0	197	43	157	3	1	0.035
NLSVM-10	200	0	200	0	2	0.035
LDA	145	127	73	55	339	0.4825
SDA-0.5	135	179	21	65	1622	0.1625
SDA-1.0	134	177	23	66	1612	0.1625
SDA-1.5	134	177	23	66	1569	0.16
SDA-2.0	134	177	23	66	1591	0.195
SDA-2.5	134	177	23	66	1588	0.17
SDA-3.0	134	177	23	66	1654	0.1625
\TheName{}-0.5	173	118	82	27	1641	0.1625
\TheName{}-1.0	172	166	34	28	1764	0.1675
\TheName{}-1.5	149	173	27	51	1635	0.165
\TheName{}-2.0	143	176	24	57	1674	0.1625
\TheName{}-2.5	142	176	24	58	1847	0.1625
\TheName{}-3.0	142	176	24	58	1693	0.1775
SVM	164	136	64	36	3	0.005
LR	0	200	0	200	1	0.005
Ye-LDA	159	158	42	41	146	0.0125
DTree-10	62	181	19	138	2	0.015
DTree-20	98	172	28	102	4	0.0125
RFC-50	90	188	12	110	47	0.0075
RFC-100	82	188	12	118	50	0.0175
NLSVM-0.1	2	200	0	198	3	0.045
NLSVM-1.0	199	36	164	1	1	0.0475
NLSVM-10	15	200	0	185	13	0.0375
LDA	150	142	58	50	361	0.225
SDA-0.5	136	175	25	64	1610	0.165
SDA-1.0	136	175	25	64	1775	0.1625
SDA-1.5	135	175	25	65	1617	0.165
SDA-2.0	135	175	25	65	1629	0.175
SDA-2.5	135	175	25	65	1646	0.1675
SDA-3.0	135	175	25	65	1645	0.16
\TheName{}-0.5	169	146	54	31	1742	0.165
\TheName{}-1.0	162	170	30	38	1712	0.1625
\TheName{}-1.5	147	170	30	53	1701	0.26
\TheName{}-2.0	146	172	28	54	1714	0.165
\TheName{}-2.5	144	172	28	56	1743	0.1625
\TheName{}-3.0	141	172	28	59	1670	0.1625
SVM	161	149	51	39	4	0.005
LR	0	200	0	200	0	0.005
Ye-LDA	120	176	24	80	132	0.005
DTree-10	81	162	38	119	2	0.005
DTree-20	95	150	50	105	3	0.005
RFC-50	98	183	17	102	21	0.01
RFC-100	94	180	20	106	43	0.0225
NLSVM-0.1	200	9	191	0	2	0.06
NLSVM-1.0	45	174	26	155	2	0.0625
NLSVM-10	66	199	1	134	2	0.0425
